icm4n607_acc,iven_sense,2026-06-11_17-43-30.077_Active 10 Pro
imuTimestamp,accuracy(more=better),acc_x[m/s^2],acc_y[m/s^2],acc_z[m/s^2],utcTimestamp(millis)
2079541698,3,-3.15,3.7429502,8.7619505,1781189013274
2079541708,3,-3.1720502,3.7480502,8.769,1781189013285
2079541718,3,-3.18405,3.7669501,8.77095,1781189013294
2079541728,3,-3.1720502,3.8070002,8.769,1781189013305
2079541738,3,-3.1380002,3.8740501,8.75205,1781189013313
2079541748,3,-3.0979502,3.9250503,8.766001,1781189013324
2079541758,3,-3.07095,3.93195,8.7640505,1781189013334
2079541768,3,-3.07095,3.9180002,8.781,1781189013344
2079541778,3,-3.0619502,3.8940003,8.805,1781189013354
2079541788,3,-3.0660002,3.8740501,8.830951,1781189013364
2079541798,3,-3.0640502,3.8460002,8.778001,1781189013375
2079541808,3,-3.0280502,3.8239503,8.656051,1781189013385
2079541818,3,-2.9590502,3.86505,8.58195,1781189013395
2079541829,3,-2.9160001,3.8410501,8.448,1781189013405
2079541839,3,-2.868,3.8460002,8.38605,1781189013415
2079541849,3,-2.8840501,3.8239503,8.37405,1781189013426
2079541859,3,-2.904,3.8149502,8.356951,1781189013435
2079541869,3,-2.8990502,3.8410501,8.316,1781189013446
2079541879,3,-2.87295,3.8620503,8.23995,1781189013456
2079541889,3,-2.877,3.8860502,8.188951,1781189013466
2079541899,3,-2.8870502,3.9100502,8.14395,1781189013476
2079541909,3,-2.9160001,3.9150002,8.158051,1781189013486
2079541919,3,-2.94705,3.93405,8.200951,1781189013496
2079541929,3,-2.973,3.9220502,8.26095,1781189013506
2079541939,3,-3.0040503,3.9460502,8.352,1781189013516
2079541949,3,-3.0349503,3.9510002,8.42205,1781189013526
2079541959,3,-3.0499501,3.9970503,8.470051,1781189013536
2079541970,3,-3.0499501,4.05195,8.496,1781189013547
2079541980,3,-3.0589502,4.119,8.54595,1781189013557
2079541990,3,-3.07605,4.16895,8.616,1781189013567
2079542000,3,-3.1380002,4.18995,8.698951,1781189013577
2079542010,3,-3.1740003,4.1929502,8.793,1781189013587
2079542020,3,-3.186,4.17105,8.86905,1781189013597
2079542030,3,-3.1980002,4.1400003,8.89095,1781189013607
2079542040,3,-3.18105,4.119,8.91195,1781189013617
2079542050,3,-3.14805,4.0950003,8.86905,1781189013627
2079542060,3,-3.0930002,4.08495,8.806951,1781189013637
2079542070,3,-3.07395,4.04895,8.75205,1781189013647
2079542080,3,-3.0589502,3.9889503,8.71395,1781189013657
2079542090,3,-3.0570002,3.9390001,8.69505,1781189013667
2079542101,3,-3.05205,3.8820002,8.686951,1781189013677
2079542111,3,-3.078,3.8550003,8.661,1781189013688
2079542121,3,-3.081,3.795,8.653951,1781189013697
2079542131,3,-3.0930002,3.7669501,8.6320505,1781189013707
2079542141,3,-3.1189501,3.762,8.6320505,1781189013718
2079542151,3,-3.14295,3.7360501,8.665951,1781189013727
2079542161,3,-3.177,3.7210503,8.71905,1781189013737
2079542171,3,-3.2080503,3.7069502,8.74995,1781189013747
2079542181,3,-3.21495,3.7380002,8.769,1781189013756
2079542191,3,-3.2239501,3.7830002,8.757,1781189013767
2079542201,3,-3.2269502,3.8149502,8.74695,1781189013777
2079542211,3,-3.2290502,3.8389502,8.778001,1781189013789
2079542221,3,-3.2340002,3.8500502,8.814,1781189013799
2079542232,3,-3.25305,3.89595,8.88105,1781189013808
2079542242,3,-3.25095,3.9409502,8.91705,1781189013819
2079542252,3,-3.2340002,3.9870002,8.91705,1781189013828
2079542262,3,-3.2010002,4.00605,8.89095,1781189013839
2079542272,3,-3.1740003,4.032,8.86695,1781189013848
2079542282,3,-3.153,4.032,8.841001,1781189013858
2079542292,3,-3.1600502,3.999,8.838,1781189013868
2079542302,3,-3.1620002,3.9750001,8.833051,1781189013879
2079542312,3,-3.18105,3.9490502,8.83605,1781189013888
2079542322,3,-3.17895,3.9199502,8.817,1781189013899
2079542332,3,-3.1669502,3.8860502,8.788051,1781189013909
2079542342,3,-3.153,3.86505,8.73495,1781189013919
2079542352,3,-3.1600502,3.8460002,8.68305,1781189013930
2079542362,3,-3.1890001,3.8170502,8.67105,1781189013939
2079542373,3,-3.2320502,3.7879503,8.653951,1781189013950
2079542383,3,-3.28905,3.7549503,8.680051,1781189013960
2079542393,3,-3.3370502,3.7480502,8.68995,1781189013969
2079542403,3,-3.3589501,3.7429502,8.71605,1781189013980
2079542413,3,-3.38505,3.7740002,8.71605,1781189013990
2079542423,3,-3.4039502,3.798,8.7310505,1781189014000
2079542433,3,-3.4090502,3.8220003,8.769,1781189014010
2079542443,3,-3.426,3.8550003,8.766001,1781189014020
2079542453,3,-3.4020002,3.8580003,8.778001,1781189014030
2079542463,3,-3.38505,3.867,8.7949505,1781189014040
2079542473,3,-3.3730502,3.8700001,8.79,1781189014050
2079542483,3,-3.3370502,3.8770502,8.793,1781189014060
2079542493,3,-3.31095,3.8860502,8.745001,1781189014070
2079542504,3,-3.2680502,3.8890502,8.71605,1781189014081
2079542514,3,-3.2320502,3.89595,8.69505,1781189014091
2079542524,3,-3.2239501,3.8940003,8.68995,1781189014101
2079542534,3,-3.2290502,3.8700001,8.68305,1781189014111
2079542544,3,-3.2239501,3.8479502,8.685,1781189014122
2079542554,3,-3.22005,3.8149502,8.668051,1781189014132
2079542564,3,-3.2389503,3.7830002,8.653951,1781189014142
2079542574,3,-3.2410502,3.762,8.661,1781189014151
2079542584,3,-3.25095,3.7519503,8.673,1781189014161
2079542594,3,-3.2389503,3.73305,8.653951,1781189014171
2079542604,3,-3.21705,3.7480502,8.637,1781189014181
2079542614,3,-3.21,3.76395,8.60805,1781189014191
2079542624,3,-3.186,3.7710001,8.604,1781189014202
2079542635,3,-3.2080503,3.7480502,8.623051,1781189014212
2079542645,3,-3.213,3.759,8.668051,1781189014222
2079542655,3,-3.22005,3.7480502,8.709001,1781189014239
2079542665,3,-3.2340002,3.7480502,8.73795,1781189014243
2079542675,3,-3.21705,3.7740002,8.776051,1781189014253
2079542685,3,-3.2080503,3.7740002,8.742001,1781189014261
2079542695,3,-3.2010002,3.7789502,8.754001,1781189014271
2079542705,3,-3.2029502,3.7909503,8.773951,1781189014283
2079542715,3,-3.2029502,3.7879503,8.7619505,1781189014292
2079542725,3,-3.18405,3.798,8.766001,1781189014302
2079542735,3,-3.1360502,3.8220003,8.781,1781189014312
2079542745,3,-3.11205,3.86505,8.733001,1781189014324
2079542755,3,-3.07395,3.8839502,8.661,1781189014332
2079542766,3,-3.05205,3.9079502,8.5990505,1781189014344
2079542776,3,-3.0040503,3.93195,8.52705,1781189014352
2079542786,3,-3.0190501,3.9390001,8.458051,1781189014363
2079542796,3,-3.04305,3.92895,8.37405,1781189014374
2079542806,3,-2.9989502,3.9220502,8.326051,1781189014383
2079542816,3,-2.97495,3.93405,8.2560005,1781189014394
2079542826,3,-2.9490001,3.9150002,8.175,1781189014403
2079542836,3,-2.94195,3.8820002,8.12205,1781189014413
2079542846,3,-2.94,3.9559503,8.079,1781189014423
2079542856,3,-2.9250002,4.0009503,8.026951,1781189014434
2079542866,3,-2.9320502,4.05405,7.8930006,1781189014444
2079542876,3,-2.844,4.143,7.7130003,1781189014452
2079542886,3,-2.77395,4.2190504,7.4950504,1781189014467
2079542896,3,-2.77395,4.2649503,7.3159504,1781189014474
2079542907,3,-2.7889502,4.31505,7.2169504,1781189014484
2079542917,3,-2.8819501,4.296,7.1910005,1781189014494
2079542927,3,-3.081,4.1140504,7.4710503,1781189014503
2079542937,3,-3.3820503,3.97305,8.13,1781189014514
2079542947,3,-3.7339501,3.759,8.06505,1781189014523
2079542957,3,-4.14405,3.7140002,6.9349504,1781189014534
2079542967,3,-4.5679502,4.0080004,6.3910503,1781189014545
2079542977,3,-5.19,4.0279503,6.85305,1781189014554
2079542987,3,-5.4529505,4.0609503,7.2319503,1781189014564
2079542997,3,-5.6449504,4.269,7.0330505,1781189014574
2079543007,3,-5.71395,4.506,6.6720004,1781189014584
2079543017,3,-5.5950003,4.722,5.94105,1781189014594
2079543027,3,-5.3580003,4.9879503,5.2110004,1781189014604
2079543038,3,-5.2909503,5.4229503,4.59105,1781189014615
2079543048,3,-5.3770504,5.1649504,4.28205,1781189014625
2079543058,3,-5.262,5.3590503,4.122,1781189014635
2079543068,3,-5.379,5.6250005,4.04295,1781189014645
2079543078,3,-5.4100504,5.8570504,3.9490502,1781189014655
2079543088,3,-5.49405,5.8450503,3.8220003,1781189014665
2079543098,3,-5.6470504,5.7850504,3.6979501,1781189014675
2079543108,3,-5.83395,5.65605,3.48495,1781189014685
2079543118,3,-6.1050005,5.56995,3.32205,1781189014695
2079543128,3,-6.4110003,5.5480504,3.078,1781189014705
2079543138,3,-6.663,5.5189505,2.802,1781189014716
2079543148,3,-7.0189505,5.5260005,2.43105,1781189014726
2079543158,3,-7.5270004,5.49795,2.0320501,1781189014735
2079543169,3,-7.9600506,5.4229503,1.6459501,1781189014746
2079543179,3,-8.23305,5.23005,1.146,1781189014756
2079543189,3,-8.52,4.95195,0.753,1781189014766
2079543199,3,-8.925,4.8109503,0.44400004,1781189014777
2079543209,3,-9.32295,4.842,0.12105001,1781189014786
2079543219,3,-9.64305,4.83195,-0.34305,1781189014796
2079543229,3,-9.880051,4.58505,-0.63705003,1781189014806
2079543239,3,-9.91905,4.6140003,-0.79305005,1781189014816
2079543249,3,-9.765,4.7119503,-1.0390501,1781189014826
2079543259,3,-9.588,4.43895,-1.54005,1781189014837
2079543269,3,-9.483001,4.341,-1.8010501,1781189014847
2079543279,3,-9.303,4.506,-1.9009501,1781189014857
2079543289,3,-9.052051,4.45095,-2.20005,1781189014867
2079543299,3,-8.961,4.4539504,-2.45895,1781189014877
2079543310,3,-8.932051,4.6260004,-2.4180002,1781189014887
2079543320,3,-8.88,4.78695,-2.397,1781189014897
2079543330,3,-8.73795,4.99305,-2.35605,1781189014907
2079543340,3,-8.47995,5.0479503,-2.47305,1781189014917
2079543350,3,-8.16405,4.98495,-2.6580002,1781189014927
2079543360,3,-7.80705,4.8900003,-2.80395,1781189014937
2079543370,3,-7.4599504,4.7509503,-2.9020503,1781189014947
2079543380,3,-7.1340003,4.63605,-3.0259502,1781189014958
2079543390,3,-6.7920003,4.485,-3.2440503,1781189014967
2079543400,3,-6.4300504,4.341,-3.3379502,1781189014977
2079543410,3,-6.129,4.1280003,-3.4120502,1781189014987
2079543420,3,-5.892,3.96495,-3.4960501,1781189014998
2079543430,3,-5.59695,3.7500002,-3.55995,1781189015010
2079543441,3,-5.21595,3.5419502,-3.7399502,1781189015019
2079543451,3,-4.76595,3.2590501,-3.9769502,1781189015028
2079543461,3,-4.27995,2.907,-4.21605,1781189015037
2079543471,3,-3.801,2.4760501,-4.563,1781189015048
2079543481,3,-3.4780502,2.1049502,-4.77405,1781189015057
2079543491,3,-2.8990502,1.7320501,-4.6660504,1781189015068
2079543501,3,-2.08005,1.164,-4.959,1781189015077
2079543511,3,-1.36695,0.68805003,-5.60505,1781189015087
2079543521,3,-0.14295001,0.30195,-5.5620003,1781189015098
2079543531,3,1.7209501,-0.59205,-5.6860504,1781189015107
2079543541,3,3.7180502,-1.524,-5.169,1781189015120
2079543551,3,5.9869504,-2.1409502,-3.1369503,1781189015129
2079543561,3,8.785951,-2.7640502,-1.149,1781189015138
2079543572,3,11.23305,-3.2209501,0.49695003,1781189015150
2079543582,3,13.024051,-3.6139503,2.0700002,1781189015158
2079543592,3,13.623001,-3.82905,4.43295,1781189015168
2079543602,3,13.872001,-4.0230002,6.20205,1781189015178
2079543612,3,14.137051,-3.8389502,7.3489504,1781189015188
2079543622,3,14.69505,-3.7090502,7.8349504,1781189015198
2079543632,3,15.33705,-4.0129504,7.7580004,1781189015208
2079543642,3,15.649951,-4.50705,7.0330505,1781189015218
2079543652,3,15.63405,-4.9110003,5.7070503,1781189015228
2079543662,3,15.217051,-4.99695,4.28205,1781189015239
2079543672,3,14.901001,-5.1000004,3.147,1781189015252
2079543682,3,14.721001,-5.208,1.8760501,1781189015260
2079543692,3,14.39595,-5.091,0.87495005,1781189015269
2079543702,3,13.857,-4.83195,0.14295001,1781189015280
2079543713,3,13.242001,-4.5,-0.39495003,1781189015290
2079543723,3,12.780001,-4.2979503,-1.02495,1781189015300
2079543733,3,12.363001,-4.08495,-1.365,1781189015310
2079543743,3,11.86305,-3.66405,-1.5370501,1781189015320
2079543753,3,11.39805,-3.07695,-1.60905,1781189015330
2079543763,3,11.06295,-2.67,-1.7410501,1781189015340
2079543773,3,11.116051,-2.7970502,-1.9660501,1781189015350
2079543783,3,11.647051,-3.5779502,-2.1019502,1781189015360
2079543793,3,12.097051,-3.9079502,-2.1409502,1781189015370
2079543803,3,11.191951,-2.59605,-2.05005,1781189015380
2079543813,3,10.383,-1.7869501,-1.7689501,1781189015390
2079543823,3,9.93795,-1.5090001,-1.63995,1781189015400
2079543833,3,9.78705,-1.3939501,-1.59195,1781189015410
2079543844,3,9.825001,-1.3219501,-1.52295,1781189015421
2079543854,3,10.066951,-1.45395,-1.5439501,1781189015431
2079543864,3,10.390051,-1.71,-1.6330501,1781189015443
2079543874,3,10.717951,-1.8970501,-1.53495,1781189015451
2079543884,3,11.037001,-2.02605,-1.22595,1781189015462
2079543894,3,11.358001,-2.1679502,-0.80205005,1781189015471
2079543904,3,11.566051,-2.26305,-0.34695002,1781189015483
2079543914,3,11.785951,-2.3419502,0.049050003,1781189015491
2079543924,3,11.944051,-2.436,0.37695003,1781189015502
2079543934,3,12.010951,-2.53095,0.64095,1781189015511
2079543944,3,11.901001,-2.5890002,0.79095006,1781189015521
2079543954,3,11.745001,-2.62695,0.71505004,1781189015531
2079543964,3,11.592001,-2.66295,0.411,1781189015541
2079543975,3,11.571,-2.80905,-0.028950002,1781189015555
2079543985,3,11.66895,-3.0940502,-0.42405003,1781189015562
2079543995,3,11.712001,-3.38895,-0.67800003,1781189015572
2079544005,3,11.712001,-3.55605,-1.2859501,1781189015582
2079544015,3,11.69505,-3.8029501,-1.6350001,1781189015592
2079544025,3,11.58495,-4.01595,-1.899,1781189015602
2079544035,3,11.434051,-4.1119504,-2.11395,1781189015612
2079544045,3,11.3550005,-4.2390003,-2.2390501,1781189015622
2079544055,3,11.425051,-4.3440003,-2.4469502,1781189015632
2079544065,3,11.382001,-4.4089503,-2.5140002,1781189015642
2079544075,3,11.482051,-4.7410502,-2.66205,1781189015652
2079544085,3,11.66205,-4.8900003,-2.9520001,1781189015662
2079544095,3,11.53995,-4.8370504,-3.0240002,1781189015672
2079544106,3,11.190001,-4.41795,-3.0310502,1781189015682
2079544116,3,10.675051,-3.9300003,-2.8920002,1781189015693
2079544126,3,10.10805,-3.4080002,-2.6239502,1781189015702
2079544136,3,9.7560005,-3.0679502,-2.38995,1781189015714
2079544146,3,9.46905,-2.8500001,-2.16195,1781189015722
2079544156,3,9.198001,-2.7250502,-1.9230001,1781189015733
2079544166,3,9.01095,-2.73,-1.7340001,1781189015743
2079544176,3,8.95905,-2.83995,-1.57305,1781189015752
2079544186,3,8.962951,-2.56305,-1.3429501,1781189015764
2079544196,3,8.904,-2.3760002,-1.365,1781189015774
2079544206,3,8.83695,-2.1679502,-1.18005,1781189015784
2079544216,3,8.65695,-1.96395,-0.9889501,1781189015795
2079544226,3,8.48205,-1.6860001,-0.56295,1781189015802
2079544236,3,8.22105,-1.45905,-0.21105,1781189015813
2079544247,3,7.8619504,-1.2360001,0.09195001,1781189015824
2079544257,3,7.4500504,-1.047,0.37995002,1781189015834
2079544267,3,7.0669503,-0.85800004,0.55695003,1781189015844
2079544277,3,6.8110504,-0.717,0.528,1781189015853
2079544287,3,6.7939506,-0.642,0.30495003,1781189015864
2079544297,3,6.9430504,-0.66195005,0.042000003,1781189015874
2079544307,3,7.1940002,-0.77205,-0.21105,1781189015884
2079544317,3,7.45305,-0.906,-0.38805002,1781189015894
2079544327,3,7.7110505,-1.09305,-0.45705003,1781189015904
2079544337,3,7.9870505,-1.3420501,-0.56805,1781189015914
2079544347,3,8.191951,-1.5310501,-0.61305004,1781189015924
2079544357,3,8.47305,-1.6789501,-0.84795004,1781189015935
2079544367,3,8.71905,-1.8319501,-1.0699501,1781189015945
2079544378,3,9.03495,-2.0070002,-1.2910501,1781189015955
2079544388,3,9.34605,-2.25105,-1.5370501,1781189015964
2079544398,3,9.531,-2.4070501,-1.7689501,1781189015974
2079544408,3,9.63405,-2.53905,-1.94895,1781189015984
2079544418,3,9.73005,-2.62995,-2.157,1781189015995
2079544428,3,9.70995,-2.6200502,-2.1739502,1781189016005
2079544438,3,9.63405,-2.5189502,-2.02095,1781189016015
2079544448,3,9.579,-2.3830502,-1.8700501,1781189016025
2079544458,3,9.471001,-2.25405,-1.6500001,1781189016035
2079544468,3,9.375,-2.1409502,-1.3770001,1781189016046
2079544478,3,9.238951,-1.9210501,-1.14705,1781189016055
2079544488,3,9.088051,-1.6620001,-0.9670501,1781189016065
2079544498,3,9.066,-1.50405,-0.855,1781189016076
2079544509,3,9.126,-1.3750501,-0.864,1781189016086
2079544519,3,9.081,-1.2049501,-0.85995007,1781189016095
2079544529,3,8.97795,-1.014,-0.76605004,1781189016105
2079544539,3,8.83905,-0.82905006,-0.61095005,1781189016117
2079544549,3,8.619,-0.64005005,-0.55095005,1781189016126
2079544559,3,8.40795,-0.381,-0.44295,1781189016139
2079544569,3,8.48205,-0.25695002,-0.46905002,1781189016147
2079544579,3,8.677951,-0.21405001,-0.50505,1781189016158
2079544589,3,8.82195,-0.24705002,-0.51495004,1781189016166
2079544599,3,8.805,-0.19695,-0.66795003,1781189016176
2079544609,3,8.51805,0.076950006,-0.76095,1781189016186
2079544619,3,8.089951,0.42195,-0.80700004,1781189016197
2079544629,3,7.5079503,0.67605,-0.68700004,1781189016207
2079544639,3,7.0620003,0.657,-0.57705003,1781189016217
2079544650,3,7.3350005,-0.063,-0.88095003,1781189016227
2079544660,3,7.6150503,0.58995,-0.59595,1781189016238
2079544670,3,7.7260504,1.0900501,-0.52395004,1781189016248
2079544680,3,7.8450003,1.416,-0.68700004,1781189016257
2079544690,3,7.7140503,1.7700001,-0.642,1781189016267
2079544700,3,7.4929504,2.0640001,-0.381,1781189016277
2079544710,3,7.51695,2.28705,-0.26805001,1781189016287
2079544720,3,7.8640504,2.29395,-0.46695003,1781189016297
2079544730,3,8.451,1.9930501,-0.82095003,1781189016307
2079544740,3,8.961,1.72395,-1.17795,1781189016317
2079544750,3,9.379951,1.641,-1.5300001,1781189016327
2079544760,3,9.624001,1.7220001,-1.7020501,1781189016339
2079544770,3,9.745951,1.8180001,-1.8720001,1781189016348
2079544781,3,9.916051,1.84695,-2.1720002,1781189016359
2079544791,3,10.156051,1.7479501,-2.35605,1781189016369
2079544801,3,10.351951,1.554,-2.42295,1781189016377
2079544811,3,10.5390005,1.42005,-2.3850002,1781189016387
2079544821,3,10.788,1.332,-2.42295,1781189016399
2079544831,3,11.0460005,1.284,-2.4180002,1781189016408
2079544841,3,11.22795,1.24995,-2.2440002,1781189016419
2079544851,3,11.281051,1.15695,-2.06205,1781189016429
2079544861,3,11.343,0.92505,-1.8250501,1781189016439
2079544871,3,11.334001,0.75705004,-1.4680501,1781189016449
2079544881,3,11.311951,0.64500004,-1.19505,1781189016458
2079544891,3,11.293051,0.53205,-1.125,1781189016469
2079544901,3,11.214001,0.40500003,-0.97905004,1781189016478
2079544912,3,11.01,0.29505002,-0.864,1781189016489
2079544922,3,10.773001,0.17295001,-0.75195,1781189016498
2079544932,3,10.500001,0.034050003,-0.71805006,1781189016508
2079544942,3,10.1959505,-0.14400001,-0.69705003,1781189016518
2079544952,3,9.865951,-0.36195,-0.54795,1781189016528
2079544962,3,9.531,-0.48705003,-0.51195,1781189016538
2079544972,3,9.162001,-0.597,-0.18,1781189016549
2079544982,3,8.86005,-0.73800004,-0.043050002,1781189016558
2079544992,3,8.755051,-0.94395006,-0.16995001,1781189016569
2079545002,3,8.52795,-1.263,-0.30900002,1781189016579
2079545012,3,8.451,-1.3440001,-0.57000005,1781189016589
2079545022,3,8.39805,-1.5690001,-0.78795004,1781189016599
2079545032,3,8.455951,-1.8900001,-1.0870501,1781189016608
2079545042,3,8.53005,-2.19405,-1.248,1781189016619
2079545053,3,8.578051,-2.397,-1.4130001,1781189016630
2079545063,3,8.587951,-2.4480002,-1.5439501,1781189016640
2079545073,3,8.70705,-2.4400501,-1.6519501,1781189016650
2079545083,3,8.875051,-2.4019501,-1.67805,1781189016660
2079545093,3,9.165,-2.397,-1.674,1781189016670
2079545103,3,9.36795,-2.26605,-1.5799501,1781189016680
2079545113,3,9.459001,-2.08905,-1.4749501,1781189016690
2079545123,3,9.564,-1.8709501,-1.4100001,1781189016700
2079545133,3,9.77295,-1.725,-1.434,1781189016710
2079545143,3,9.92595,-1.65495,-1.50405,1781189016720
2079545153,3,10.021951,-1.53495,-1.57095,1781189016730
2079545163,3,10.014001,-1.3800001,-1.5970501,1781189016740
2079545173,3,9.852,-1.212,-1.5949501,1781189016750
2079545184,3,9.64605,-1.0710001,-1.542,1781189016761
2079545194,3,9.37005,-1.026,-1.4290501,1781189016771
2079545204,3,9.078,-0.9799501,-1.21605,1781189016781
2079545214,3,8.853001,-1.00905,-1.0200001,1781189016791
2079545224,3,8.67105,-1.03995,-0.79695004,1781189016801
2079545234,3,8.499001,-0.9990001,-0.67095006,1781189016811
2079545244,3,8.17605,-1.04205,-0.453,1781189016821
2079545254,3,7.7779503,-0.71895003,-0.57705003,1781189016831
2079545264,3,7.5529504,-0.73095006,-0.35895002,1781189016841
2079545274,3,8.00595,-1.047,-0.12705001,1781189016851
2079545284,3,8.39805,-1.3369501,-0.49605003,1781189016863
2079545294,3,8.0779505,-1.0489501,-0.40995002,1781189016871
2079545304,3,7.8090005,-0.975,-0.51000005,1781189016882
2079545315,3,7.6660504,-0.98505,-0.43095002,1781189016892
2079545325,3,7.5649505,-0.9799501,-0.46905002,1781189016902
2079545335,3,7.45305,-0.93495005,-0.53205,1781189016912
2079545345,3,7.4500504,-0.88395005,-0.56805,1781189016922
2079545355,3,7.5679502,-0.89895004,-0.69900006,1781189016932
2079545365,3,7.86705,-0.93000007,-0.90300006,1781189016942
2079545375,3,8.190001,-0.93000007,-1.0320001,1781189016952
2079545385,3,8.39805,-0.88695,-1.092,1781189016962
2079545395,3,8.44095,-0.82905006,-1.0819501,1781189016972
2079545405,3,8.470051,-0.76905006,-1.1040001,1781189016982
2079545415,3,8.590051,-0.76695,-1.1920501,1781189016992
2079545425,3,8.88195,-0.84105,-1.3600501,1781189017002
2079545435,3,9.076051,-1.014,-1.47,1781189017012
2079545446,3,9.24405,-1.0210501,-1.3620001,1781189017022
2079545456,3,10.351951,-1.1209501,-2.4019501,1781189017033
2079545466,3,11.41005,-1.2940501,-2.5189502,1781189017043
2079545476,3,12.16905,-1.53495,-2.4420002,1781189017052
2079545486,3,12.535951,-1.8559501,-2.2030501,1781189017063
2079545496,3,12.448951,-1.8900001,-1.8049501,1781189017073
2079545506,3,12.16905,-1.794,-1.4490001,1781189017083
2079545516,3,11.844001,-1.71,-1.26195,1781189017094
2079545526,3,11.595,-1.5949501,-1.116,1781189017103
2079545536,3,11.559001,-1.6480501,-1.03695,1781189017115
2079545546,3,11.821951,-1.84905,-0.97005004,1781189017123
2079545556,3,12.318001,-2.1649501,-0.96300006,1781189017134
2079545566,3,12.727051,-2.4070501,-0.89595,1781189017144
2079545576,3,12.804001,-2.57205,-0.771,1781189017154
2079545587,3,12.47595,-2.5819502,-0.61095005,1781189017164
2079545597,3,11.844001,-2.4049501,-0.47895002,1781189017174
2079545607,3,11.167951,-2.11995,-0.43305,1781189017185
2079545617,3,10.608001,-1.93305,-0.49605003,1781189017194
2079545627,3,10.062,-1.81305,-0.55995005,1781189017204
2079545637,3,9.448951,-1.677,-0.47400004,1781189017214
2079545647,3,8.84805,-1.4970001,-0.28695002,1781189017226
2079545657,3,8.343,-1.34595,-0.27105,1781189017237
2079545667,3,7.9510503,-1.263,-0.26295,1781189017244
2079545677,3,7.6830006,-1.2360001,-0.21795002,1781189017254
2079545687,3,7.5049505,-1.2790501,-0.21300001,1781189017264
2079545697,3,7.3999505,-1.3420501,-0.26805001,1781189017275
2079545707,3,7.3690505,-1.4490001,-0.36195,1781189017285
2079545718,3,7.4550004,-1.6170001,-0.50100005,1781189017295
2079545728,3,7.5480003,-1.7989501,-0.61305004,1781189017305
2079545738,3,7.6060505,-1.9810501,-0.711,1781189017315
2079545748,3,7.6729503,-2.1720002,-0.79695004,1781189017325
2079545758,3,7.73295,-2.35695,-0.8880001,1781189017335
2079545768,3,7.7710505,-2.5429502,-0.99600005,1781189017345
2079545778,3,7.8960004,-2.7469501,-1.09695,1781189017355
2079545788,3,8.089951,-2.9940002,-1.248,1781189017365
2079545798,3,8.25,-3.2040002,-1.3549501,1781189017375
2079545808,3,8.415,-3.31395,-1.41495,1781189017385
2079545818,3,8.590051,-3.3600001,-1.45305,1781189017395
2079545828,3,8.644951,-3.3049502,-1.434,1781189017406
2079545838,3,8.643001,-3.14895,-1.38195,1781189017416
2079545849,3,8.614051,-3.0250502,-1.281,1781189017426
2079545859,3,8.475,-2.86905,-1.164,1781189017435
2079545869,3,8.283,-2.6419501,-1.056,1781189017446
2079545879,3,8.082001,-2.364,-0.91995007,1781189017458
2079545889,3,7.89795,-2.11695,-0.81405,1781189017466
2079545899,3,7.7179503,-1.866,-0.69705003,1781189017476
2079545909,3,7.5600004,-1.65795,-0.59595,1781189017486
2079545919,3,7.51695,-1.5310501,-0.49305,1781189017497
2079545929,3,7.6780505,-1.4970001,-0.43095002,1781189017506
2079545939,3,7.872,-1.4950501,-0.38595003,1781189017516
2079545949,3,8.07495,-1.50705,-0.37800002,1781189017526
2079545959,3,8.20395,-1.4680501,-0.39000002,1781189017536
2079545969,3,8.2240505,-1.38195,-0.37395,1781189017547
2079545979,3,8.154,-1.27695,-0.34695002,1781189017557
2079545990,3,8.05395,-1.164,-0.34995002,1781189017567
2079546000,3,7.9219503,-1.0540501,-0.31395,1781189017577
2079546010,3,7.80495,-0.94905007,-0.26805001,1781189017587
2079546020,3,7.8409505,-0.88695,-0.18900001,1781189017597
2079546030,3,8.0460005,-0.915,-0.18900001,1781189017607
2079546040,3,8.331,-0.99195004,-0.21300001,1781189017617
2079546050,3,8.54895,-1.07595,-0.20805001,1781189017627
2079546060,3,8.76,-1.18605,-0.22500001,1781189017637
2079546070,3,8.997001,-1.3080001,-0.25605002,1781189017647
2079546080,3,9.21,-1.4089501,-0.27105,1781189017657
2079546090,3,9.44505,-1.49205,-0.34500003,1781189017667
2079546100,3,9.694051,-1.5690001,-0.393,1781189017678
2079546110,3,9.94995,-1.6360501,-0.45000002,1781189017688
2079546121,3,10.1959505,-1.7050501,-0.49305,1781189017697
2079546131,3,10.483951,-1.8010501,-0.59595,1781189017707
2079546141,3,10.75695,-1.899,-0.73005,1781189017717
2079546151,3,11.02995,-1.9900501,-0.89100003,1781189017729
2079546161,3,11.24295,-2.04795,-1.056,1781189017738
2079546171,3,11.39595,-2.1049502,-1.2090001,1781189017749
2079546181,3,11.583,-2.1340501,-1.37205,1781189017757
2079546191,3,11.71905,-2.1460502,-1.5280501,1781189017769
2079546201,3,11.677951,-2.12205,-1.56105,1781189017779
2079546211,3,11.53995,-2.0959501,-1.49205,1781189017787
2079546221,3,11.413051,-2.0380502,-1.3480501,1781189017798
2079546231,3,11.34105,-1.983,-1.2,1781189017809
2079546241,3,11.314951,-1.9620001,-1.1230501,1781189017819
2079546252,3,11.403001,-1.9470001,-1.1520001,1781189017829
2079546262,3,11.532001,-1.9570501,-1.30005,1781189017839
2079546272,3,11.595,-1.9570501,-1.45095,1781189017849
2079546282,3,11.556001,-1.9590001,-1.57305,1781189017859
2079546292,3,11.319,-1.9350001,-1.57095,1781189017870
2079546302,3,10.917001,-1.8420001,-1.4580001,1781189017878
2079546312,3,10.362,-1.7080501,-1.21605,1781189017889
2079546322,3,9.79395,-1.62405,-0.864,1781189017900
2079546332,3,9.25605,-1.6980001,-0.606,1781189017908
2079546342,3,8.767051,-1.8079501,-0.46005002,1781189017920
2079546352,3,8.394,-1.8730501,-0.49305,1781189017930
2079546362,3,8.161051,-1.96395,-0.70395005,1781189017939
2079546372,3,8.11095,-1.8400501,-0.915,1781189017948
2079546382,3,8.134951,-1.79595,-1.0200001,1781189017960
2079546393,3,8.08695,-2.259,-0.89295006,1781189017970
2079546403,3,7.9840503,-2.7229502,-1.18005,1781189017980
2079546413,3,7.9990506,-2.8950002,-1.5079501,1781189017990
2079546423,3,8.266951,-2.86905,-1.7500501,1781189018000
2079546433,3,8.608951,-2.7210002,-2.02095,1781189018010
2079546443,3,8.84595,-2.3380501,-2.08995,1781189018020
2079546453,3,8.944051,-2.0410502,-2.253,1781189018030
2079546463,3,8.99205,-1.84905,-1.8079501,1781189018040
2079546473,3,8.962951,-1.64295,-1.365,1781189018050
2079546483,3,8.85795,-1.6819501,-1.0819501,1781189018060
2079546493,3,8.6980505,-1.7560501,-0.78795004,1781189018071
2079546503,3,8.54205,-1.6819501,-0.72105,1781189018080
2079546513,3,8.455951,-1.4800501,-0.72300005,1781189018091
2079546524,3,8.437051,-1.31505,-0.76095,1781189018101
2079546534,3,8.437051,-1.26495,-0.86205006,1781189018110
2079546544,3,8.394,-1.3080001,-0.9480001,1781189018120
2079546554,3,8.24295,-1.31505,-0.915,1781189018132
2079546564,3,8.149051,-1.2790501,-0.77595,1781189018141
2079546574,3,8.01795,-1.2220501,-0.558,1781189018153
2079546584,3,7.8550506,-1.14495,-0.29205,1781189018161
2079546594,3,7.6849504,-1.0330501,-0.003,1781189018171
2079546604,3,7.5769506,-0.94905007,0.21900001,1781189018181
2079546614,3,7.5049505,-0.882,0.41505003,1781189018191
2079546624,3,7.5100503,-0.85095006,0.47505003,1781189018201
2079546634,3,7.58895,-0.87705004,0.45405003,1781189018211
2079546644,3,7.7299504,-0.94200003,0.36495003,1781189018222
2079546655,3,7.9480505,-0.96300006,0.22200002,1781189018232
2079546665,3,8.20395,-0.97800004,0.12795001,1781189018242
2079546675,3,8.475,-0.9799501,0.08295,1781189018252
2079546685,3,8.647051,-1.014,0.010950001,1781189018262
2079546695,3,8.6980505,-1.07595,-0.048,1781189018272
2079546705,3,8.767051,-1.107,-0.10305001,1781189018282
2079546715,3,8.752951,-1.131,-0.19605,1781189018291
2079546725,3,8.647051,-1.1209501,-0.28995,1781189018303
2079546735,3,8.568001,-1.1020501,-0.38295,1781189018313
2079546745,3,8.523001,-1.0830001,-0.47700003,1781189018322
2079546755,3,8.580001,-1.0690501,-0.52395004,1781189018332
2079546765,3,8.71905,-1.10895,-0.615,1781189018342
2079546775,3,8.96805,-1.23105,-0.76095,1781189018352
2079546786,3,9.303,-1.3440001,-0.9480001,1781189018362
2079546796,3,9.712951,-1.488,-1.1659501,1781189018373
2079546806,3,10.125001,-1.6189501,-1.389,1781189018383
2079546816,3,10.4740505,-1.6980001,-1.52505,1781189018393
2079546826,3,10.692,-1.7080501,-1.59,1781189018402
2079546836,3,10.752001,-1.69305,-1.5679501,1781189018416
2079546846,3,10.761001,-1.6699501,-1.5109501,1781189018423
2079546856,3,10.9150505,-1.7200501,-1.4629501,1781189018433
2079546866,3,11.167951,-1.8180001,-1.386,1781189018443
2079546876,3,11.427001,-1.9519501,-1.26705,1781189018453
2079546886,3,11.784,-2.1360002,-1.164,1781189018466
2079546896,3,12.253051,-2.3689501,-1.1539501,1781189018473
2079546906,3,12.77295,-2.59605,-1.245,1781189018484
2079546916,3,13.09605,-2.742,-1.33605,1781189018494
2079546927,3,13.042951,-2.73495,-1.3480501,1781189018503
2079546937,3,12.69795,-2.59395,-1.2790501,1781189018513
2079546947,3,12.186001,-2.3380501,-1.14195,1781189018523
2079546957,3,11.578051,-2.0719502,-0.95100003,1781189018534
2079546967,3,10.93095,-1.7989501,-0.67305005,1781189018544
2079546977,3,10.354051,-1.605,-0.35895002,1781189018554
2079546987,3,9.892051,-1.47105,-0.094050005,1781189018564
2079546997,3,9.5449505,-1.4089501,0.14295001,1781189018574
2079547007,3,9.222,-1.4440501,0.303,1781189018584
2079547017,3,8.937,-1.5000001,0.384,1781189018594
2079547027,3,8.710051,-1.521,0.42000002,1781189018604
2079547037,3,8.559,-1.54305,0.43695003,1781189018614
2079547047,3,8.475,-1.60695,0.40305,1781189018624
2079547058,3,8.41005,-1.6720501,0.32205,1781189018635
2079547068,3,8.302951,-1.7170501,0.21705002,1781189018645
2079547078,3,8.15205,-1.7320501,0.11400001,1781189018655
2079547088,3,7.9339504,-1.7080501,0.034950003,1781189018665
2079547098,3,7.728,-1.6290001,-0.058050003,1781189018675
2079547108,3,7.6369505,-1.58595,-0.16305001,1781189018685
2079547118,3,7.6750503,-1.6459501,-0.31605002,1781189018695
2079547128,3,7.8139505,-1.7730001,-0.53205,1781189018705
2079547138,3,8.00595,-1.9570501,-0.75405,1781189018715
2079547148,3,8.20395,-2.16,-0.98700005,1781189018725
2079547158,3,8.394,-2.31795,-1.197,1781189018736
2079547168,3,8.604,-2.46405,-1.3050001,1781189018746
2079547178,3,8.785951,-2.5549502,-1.36995,1781189018756
2079547189,3,8.908051,-2.63895,-1.33605,1781189018769
2079547199,3,8.94705,-2.6460001,-1.2589501,1781189018775
2079547209,3,8.917951,-2.56005,-1.1659501,1781189018786
2079547219,3,8.779051,-2.4400501,-1.08,1781189018796
2079547229,3,8.56095,-2.2780502,-0.97200006,1781189018806
2079547239,3,8.38395,-2.15595,-0.91005003,1781189018816
2079547249,3,8.283,-2.0719502,-0.93600005,1781189018828
2079547259,3,8.248051,-2.05005,-0.9889501,1781189018837
2079547269,3,8.274,-2.06205,-1.0870501,1781189018846
2079547279,3,8.32695,-2.1010501,-1.149,1781189018856
2079547289,3,8.37195,-2.11695,-1.1850001,1781189018866
2079547299,3,8.40795,-2.15295,-1.1689501,1781189018876
2079547309,3,8.367001,-2.1049502,-1.09905,1781189018886
2079547319,3,8.254951,-2.01195,-0.97905004,1781189018897
2079547330,3,8.121,-1.8970501,-0.81900007,1781189018907
2079547340,3,8.03205,-1.8370501,-0.68205005,1781189018917
2079547350,3,7.9290004,-1.6980001,-0.58395004,1781189018927
2079547360,3,7.872,-1.55505,-0.54105,1781189018937
2079547370,3,7.872,-1.45605,-0.57495004,1781189018947
2079547380,3,7.9939504,-1.38495,-0.65595,1781189018957
2079547390,3,8.18505,-1.34895,-0.75405,1781189018967
2079547400,3,8.427,-1.36995,-0.88095003,1781189018977
2079547410,3,8.575951,-1.3630501,-0.915,1781189018987
2079547420,3,8.575951,-1.2859501,-0.87405,1781189018997
2079547430,3,8.53005,-1.1520001,-0.83805007,1781189019007
2079547440,3,8.46105,-1.0489501,-0.83595,1781189019017
2079547450,3,8.403001,-0.95400006,-0.86700004,1781189019028
2079547461,3,8.36505,-0.88395005,-0.9289501,1781189019039
2079547471,3,8.413051,-0.85995007,-1.0390501,1781189019049
2079547481,3,8.499001,-0.906,-1.1179501,1781189019057
2079547491,3,8.571,-0.92505,-1.1730001,1781189019069
2079547501,3,8.647051,-0.94395006,-1.22595,1781189019079
2079547511,3,8.746051,-0.98205006,-1.3069501,1781189019088
2079547521,3,8.832001,-1.014,-1.338,1781189019097
2079547531,3,8.899051,-1.0210501,-1.365,1781189019109
2079547541,3,8.97105,-1.0330501,-1.42005,1781189019117
2079547551,3,9.082951,-1.0830001,-1.506,1781189019129
2079547561,3,9.214951,-1.16205,-1.56105,1781189019139
2079547571,3,9.351001,-1.2580501,-1.623,1781189019148
2079547581,3,9.46605,-1.3729501,-1.6639501,1781189019159
2079547592,3,9.63405,-1.473,-1.6860001,1781189019169
2079547602,3,9.864,-1.5979501,-1.69305,1781189019178
2079547612,3,9.957001,-1.64295,-1.59,1781189019189
2079547622,3,9.96405,-1.6789501,-1.4080501,1781189019199
2079547632,3,9.997951,-1.7149501,-1.23105,1781189019208
2079547642,3,10.042951,-1.761,-1.0510501,1781189019218
2079547652,3,10.149,-1.8349501,-0.88605005,1781189019228
2079547662,3,10.25895,-1.9279501,-0.75195,1781189019240
2079547672,3,10.43595,-2.02395,-0.58695,1781189019249
2079547682,3,10.69005,-2.1100502,-0.50100005,1781189019259
2079547692,3,11.01795,-2.1649501,-0.48900002,1781189019269
2079547702,3,11.314951,-2.232,-0.56805,1781189019279
2079547712,3,11.57295,-2.2750502,-0.71805006,1781189019289
2079547722,3,11.722051,-2.28495,-0.8880001,1781189019300
2079547733,3,11.712001,-2.25105,-0.99600005,1781189019311
2079547743,3,11.461051,-2.1340501,-1.0890001,1781189019322
2079547753,3,10.917001,-1.96395,-1.0870501,1781189019330
2079547763,3,10.198951,-1.76505,-1.0180501,1781189019340
2079547773,3,9.555,-1.6360501,-0.92205006,1781189019350
2079547783,3,9.19095,-1.6360501,-0.87900007,1781189019361
2079547793,3,9.00405,-1.7080501,-0.9289501,1781189019371
2079547803,3,8.916,-1.8199501,-0.9289501,1781189019380
2079547813,3,8.98005,-2.0020502,-0.91200006,1781189019391
2079547823,3,9.102,-2.2030501,-0.84300005,1781189019401
2079547833,3,9.19305,-2.328,-0.77595,1781189019411
2079547843,3,9.217051,-2.33295,-0.735,1781189019421
2079547853,3,9.073951,-2.23005,-0.72105,1781189019431
2079547864,3,8.868,-2.127,-0.735,1781189019441
2079547874,3,8.724,-2.05695,-0.83295006,1781189019451
2079547884,3,8.63805,-2.0380502,-0.9580501,1781189019462
2079547894,3,8.6310005,-2.1340501,-1.09905,1781189019471
2079547904,3,8.688001,-2.24895,-1.2589501,1781189019480
2079547914,3,8.743051,-2.3160002,-1.36995,1781189019492
2079547924,3,8.767051,-2.3500502,-1.45305,1781189019502
2079547934,3,8.75805,-2.3689501,-1.49205,1781189019511
2079547944,3,8.66205,-2.3830502,-1.473,1781189019522
2079547954,3,8.5990505,-2.397,-1.4269501,1781189019532
2079547964,3,8.6980505,-2.457,-1.36695,1781189019541
2079547974,3,9.057,-2.59395,-1.30005,1781189019553
2079547984,3,9.460951,-2.742,-1.28295,1781189019563
2079547995,3,9.792001,-2.81205,-1.29495,1781189019572
2079548005,3,9.934951,-2.742,-1.2400501,1781189019582
2079548015,3,9.90705,-2.60295,-1.161,1781189019592
2079548025,3,9.71805,-2.3830502,-1.0339501,1781189019602
2079548035,3,9.45705,-2.15595,-0.864,1781189019613
2079548045,3,9.265051,-1.9660501,-0.702,1781189019623
2079548055,3,9.094951,-1.81095,-0.50295,1781189019633
2079548065,3,8.916,-1.6890001,-0.29895002,1781189019642
2079548075,3,8.70705,-1.58595,-0.18195,1781189019652
2079548085,3,8.51595,-1.4800501,-0.10095,1781189019662
2079548095,3,8.403001,-1.4110501,-0.048,1781189019672
2079548105,3,8.401051,-1.3770001,-0.01905,1781189019682
2079548115,3,8.475,-1.3300501,-0.0049500004,1781189019693
2079548126,3,8.592,-1.2550501,0.006,1781189019702
2079548136,3,8.688001,-1.167,0.00405,1781189019713
2079548146,3,8.781,-1.107,0.01305,1781189019723
2079548156,3,8.929951,-1.0519501,-0.034050003,1781189019733
2079548166,3,9.02295,-1.02795,-0.109950006,1781189019743
2079548176,3,9.088051,-1.0159501,-0.18405001,1781189019752
2079548186,3,9.069,-1.0180501,-0.24900001,1781189019763
2079548196,3,9.0379505,-1.0159501,-0.33495003,1781189019773
2079548206,3,9.057,-1.02795,-0.50805,1781189019783
2079548216,3,9.117001,-1.06605,-0.651,1781189019793
2079548226,3,9.361051,-1.095,-0.84000003,1781189019803
2079548236,3,9.636001,-1.15695,-1.0489501,1781189019813
2079548246,3,9.80595,-1.2790501,-1.1920501,1781189019823
2079548256,3,9.76305,-1.38195,-1.26405,1781189019834
2079548267,3,9.62895,-1.416,-1.2859501,1781189019844
2079548277,3,9.44505,-1.401,-1.26705,1781189019853
2079548287,3,9.23595,-1.389,-1.26405,1781189019864
2079548297,3,9.09,-1.389,-1.24995,1781189019874
2079548307,3,8.985001,-1.4130001,-1.21905,1781189019884
2079548317,3,8.865001,-1.41795,-1.161,1781189019894
2079548327,3,8.797951,-1.4280001,-1.15695,1781189019904
2079548337,3,8.764951,-1.4250001,-1.10895,1781189019914
2079548347,3,8.793,-1.4250001,-1.0870501,1781189019924
2079548357,3,8.853001,-1.452,-1.04595,1781189019934
2079548367,3,8.901,-1.4640001,-0.90495,1781189019944
2079548377,3,8.941951,-1.4680501,-0.84495,1781189019954
2079548387,3,8.949,-1.488,-0.78495,1781189019964
2079548398,3,9.00195,-1.4970001,-0.84000003,1781189019975
2079548408,3,9.042001,-1.5000001,-0.85695004,1781189019985
2079548418,3,9.057,-1.5310501,-0.81705004,1781189019995
2079548428,3,9.076051,-1.55505,-0.70605004,1781189020005
2079548438,3,9.064051,-1.6140001,-0.56505,1781189020015
2079548448,3,9.082951,-1.5949501,-0.42600003,1781189020025
2079548458,3,9.16695,-1.6480501,-0.34695002,1781189020035
2079548468,3,9.30795,-1.6500001,-0.33495003,1781189020046
2079548478,3,9.493051,-1.6500001,-0.44805002,1781189020055
2079548488,3,9.65505,-1.59105,-0.56505,1781189020065
2079548498,3,9.694051,-1.4800501,-0.58905005,1781189020076
2079548508,3,9.571951,-1.3560001,-0.453,1781189020086
2079548518,3,9.379951,-1.27005,-0.24705002,1781189020095
2079548529,3,9.21195,-1.2270001,-0.024,1781189020106
2079548539,3,9.186001,-1.24605,-0.00705,1781189020117
2079548549,3,9.258,-1.3300501,-0.17505,1781189020127
2079548559,3,9.411,-1.4110501,-0.45000002,1781189020137
2079548569,3,9.612,-1.4779501,-0.771,1781189020148
2079548579,3,9.753,-1.5160501,-1.0489501,1781189020157
2079548589,3,9.715051,-1.46595,-1.1370001,1781189020166
2079548599,3,9.571951,-1.3420501,-1.07805,1781189020176
2079548609,3,9.48495,-1.2430501,-0.96495,1781189020186
2079548619,3,9.507001,-1.18095,-0.87195003,1781189020196
2079548629,3,9.526051,-1.131,-0.74205005,1781189020207
2079548639,3,9.516001,-1.08105,-0.64905006,1781189020217
2079548649,3,9.507001,-1.0710001,-0.615,1781189020227
2079548659,3,9.50895,-1.07595,-0.63495004,1781189020237
2079548670,3,9.531,-1.1050501,-0.72105,1781189020247
2079548680,3,9.526051,-1.131,-0.80700004,1781189020257
2079548690,3,9.460951,-1.15695,-0.84300005,1781189020267
2079548700,3,9.27495,-1.128,-0.77805007,1781189020277
2079548710,3,9.01605,-1.0710001,-0.68205005,1781189020287
2079548720,3,8.81505,-1.03005,-0.642,1781189020298
2079548730,3,8.7289505,-1.03995,-0.63195,1781189020309
2079548740,3,8.776951,-1.09305,-0.65595,1781189020318
2079548750,3,8.974951,-1.2270001,-0.69405,1781189020327
2079548760,3,9.306001,-1.38705,-0.79305005,1781189020337
2079548770,3,9.612,-1.50405,-0.93405,1781189020347
2079548780,3,9.945001,-1.593,-0.96300006,1781189020357
2079548790,3,10.290001,-1.69305,-1.1230501,1781189020370
2079548801,3,10.41405,-1.7220001,-1.1850001,1781189020377
2079548811,3,10.351951,-1.7200501,-1.164,1781189020388
2079548821,3,10.074,-1.5829501,-1.0489501,1781189020397
2079548831,3,9.66495,-1.404,-0.90300006,1781189020410
2079548841,3,9.16695,-1.2070501,-0.80700004,1781189020419
2079548851,3,8.68305,-1.04205,-0.726,1781189020428
2079548861,3,8.307,-0.94905007,-0.70395005,1781189020439
2079548871,3,8.049001,-0.91800004,-0.71595,1781189020448
2079548881,3,7.9480505,-0.96300006,-0.71595,1781189020458
2079548891,3,7.905,-1.06605,-0.72795004,1781189020468
2079548901,3,7.977,-1.1719501,-0.73305005,1781189020477
2079548911,3,8.06805,-1.27695,-0.75900006,1781189020488
2079548921,3,8.15205,-1.4110501,-0.74700004,1781189020499
2079548932,3,8.307,-1.521,-0.78300005,1781189020508
2079548942,3,8.488951,-1.62195,-0.85005003,1781189020519
2079548952,3,8.820001,-1.7629501,-1.03695,1781189020528
2079548962,3,9.14805,-1.8919501,-1.1920501,1781189020538
2079548972,3,9.436951,-2.01705,-1.33605,1781189020549
2079548982,3,9.696,-2.1030002,-1.4250001,1781189020559
2079548992,3,9.99495,-2.1750002,-1.5130501,1781189020569
2079549002,3,10.275001,-2.2150502,-1.52505,1781189020580
2079549012,3,10.42395,-2.1720002,-1.4269501,1781189020589
2079549022,3,10.41195,-2.05305,-1.2430501,1781189020599
2079549032,3,10.28295,-1.9470001,-1.044,1781189020609
2079549042,3,10.09305,-1.81305,-0.87405,1781189020620
2079549052,3,9.864,-1.69095,-0.75705004,1781189020628
2079549063,3,9.61905,-1.58595,-0.70605004,1781189020639
2079549073,3,9.327001,-1.485,-0.66105,1781189020650
2079549083,3,9.117001,-1.3969501,-0.60105,1781189020660
2079549093,3,8.911051,-1.35405,-0.55305004,1781189020670
2079549103,3,8.734051,-1.3249501,-0.51705,1781189020680
2079549113,3,8.596951,-1.29795,-0.46500003,1781189020690
2079549123,3,8.55405,-1.2750001,-0.42405003,1781189020700
2079549133,3,8.604,-1.2889501,-0.41895002,1781189020710
2079549143,3,8.712001,-1.35105,-0.46005002,1781189020720
2079549153,3,8.844001,-1.4110501,-0.51705,1781189020730
2079549163,3,8.932051,-1.4830501,-0.615,1781189020740
2079549173,3,9.02805,-1.5310501,-0.735,1781189020750
2079549183,3,9.085951,-1.5469501,-0.84300005,1781189020762
2079549193,3,9.082951,-1.5310501,-0.94095004,1781189020771
2079549204,3,9.045,-1.4680501,-1.00605,1781189020781
2079549214,3,9.033,-1.38705,-1.0680001,1781189020791
2079549224,3,9.021001,-1.332,-1.1209501,1781189020801
2079549234,3,9.02295,-1.30305,-1.116,1781189020812
2079549244,3,9.01095,-1.2790501,-1.056,1781189020820
2079549254,3,8.99205,-1.2859501,-0.99600005,1781189020831
2079549264,3,8.98995,-1.2889501,-0.92700005,1781189020841
2079549274,3,8.98005,-1.2720001,-0.81705004,1781189020851
2079549284,3,8.932051,-1.2720001,-0.726,1781189020861
2079549294,3,8.916,-1.296,-0.62505,1781189020871
2079549304,3,8.908051,-1.32,-0.56295,1781189020881
2079549314,3,8.911051,-1.34895,-0.55605,1781189020892
2079549324,3,8.916,-1.3800001,-0.54105,1781189020901
2079549335,3,8.917951,-1.38195,-0.56295,1781189020911
2079549345,3,8.92695,-1.3969501,-0.60105,1781189020922
2079549355,3,8.938951,-1.404,-0.60795003,1781189020931
2079549365,3,8.941951,-1.38195,-0.62295,1781189020943
2079549375,3,8.96805,-1.368,-0.63495004,1781189020952
2079549385,3,9.01605,-1.3609501,-0.62295,1781189020961
2079549395,3,9.057,-1.34895,-0.61800003,1781189020973
2079549405,3,9.093,-1.3249501,-0.642,1781189020982
2079549415,3,9.13095,-1.3060501,-0.65895003,1781189020991
2079549425,3,9.118951,-1.30095,-0.69000006,1781189021003
2079549435,3,9.081,-1.284,-0.68205005,1781189021012
2079549445,3,9.02805,-1.2409501,-0.68505,1781189021023
2079549455,3,8.98305,-1.23405,-0.65595,1781189021033
2079549466,3,8.941951,-1.21905,-0.65400004,1781189021041
2079549476,3,8.953951,-1.22895,-0.64695,1781189021054
2079549486,3,8.949,-1.2430501,-0.66300005,1781189021064
2079549496,3,8.985001,-1.263,-0.67095006,1781189021074
2079549506,3,9.01605,-1.2790501,-0.67305005,1781189021083
2079549516,3,8.99895,-1.3060501,-0.67995006,1781189021093
2079549526,3,8.99205,-1.31505,-0.726,1781189021103
2079549536,3,9.01395,-1.3300501,-0.74505,1781189021113
2079549546,3,8.997001,-1.32,-0.75705004,1781189021124
2079549556,3,8.98005,-1.30305,-0.76395005,1781189021134
2079549566,3,9.02595,-1.3099501,-0.77805007,1781189021143
2079549576,3,9.0400505,-1.3270501,-0.771,1781189021154
2079549586,3,8.962951,-1.2940501,-0.73800004,1781189021164
2079549596,3,8.89605,-1.2580501,-0.69195,1781189021174
2079549607,3,8.87205,-1.24605,-0.67095006,1781189021184
2079549617,3,8.925,-1.251,-0.675,1781189021194
2079549627,3,8.917951,-1.2600001,-0.66300005,1781189021204
2079549637,3,8.908051,-1.2580501,-0.666,1781189021214
2079549647,3,8.923051,-1.26495,-0.66105,1781189021224
2079549657,3,8.97105,-1.2940501,-0.68505,1781189021236
2079549667,3,8.99205,-1.3369501,-0.72795004,1781189021244
2079549677,3,9.00405,-1.3609501,-0.76395005,1781189021254
2079549687,3,9.052051,-1.3969501,-0.81705004,1781189021264
2079549697,3,9.13305,-1.4440501,-0.88095003,1781189021275
2079549707,3,9.16005,-1.4680501,-0.89595,1781189021285
2079549717,3,9.14295,-1.4610001,-0.86895007,1781189021295
2079549727,3,9.14295,-1.4680501,-0.88395005,1781189021304
2079549738,3,9.09,-1.4680501,-0.87195003,1781189021315
2079549748,3,9.04695,-1.4419501,-0.87600005,1781189021325
2079549758,3,9.021001,-1.4419501,-0.86205006,1781189021335
2079549768,3,8.985001,-1.452,-0.84795004,1781189021345
2079549778,3,8.938951,-1.4490001,-0.80700004,1781189021354
2079549788,3,8.901,-1.45605,-0.77295005,1781189021365
2079549798,3,8.929951,-1.473,-0.771,1781189021375
2079549808,3,8.98305,-1.4970001,-0.77595,1781189021385
2079549818,3,9.02805,-1.5259501,-0.78300005,1781189021395
2079549828,3,9.073951,-1.5450001,-0.78105,1781189021405
2079549838,3,9.118951,-1.53795,-0.80205005,1781189021416
2079549848,3,9.186001,-1.5469501,-0.82605004,1781189021426
2079549858,3,9.196051,-1.54005,-0.84000003,1781189021436
2079549869,3,9.13605,-1.488,-0.80895007,1781189021446
2079549879,3,9.073951,-1.4440501,-0.79005,1781189021458
2079549889,3,9.009001,-1.4130001,-0.77295005,1781189021467
2079549899,3,8.962951,-1.3920001,-0.72300005,1781189021475
2079549909,3,8.937,-1.38705,-0.68505,1781189021487
2079549919,3,8.920051,-1.389,-0.675,1781189021498
2079549929,3,8.904,-1.41795,-0.666,1781189021506
2079549939,3,8.908051,-1.41795,-0.69705003,1781189021517
2079549949,3,8.92695,-1.43505,-0.73800004,1781189021526
2079549959,3,8.973001,-1.4680501,-0.75900006,1781189021536
2079549969,3,9.021001,-1.4970001,-0.78300005,1781189021547
2079549979,3,9.057,-1.4950501,-0.80505,1781189021559
2079549989,3,9.078,-1.5090001,-0.79695004,1781189021567
2079550000,3,9.082951,-1.49205,-0.78300005,1781189021577
2079550010,3,9.085951,-1.4640001,-0.77295005,1781189021587
2079550020,3,9.093,-1.4440501,-0.75195,1781189021597
2079550030,3,9.09,-1.42305,-0.73995006,1781189021607
2079550040,3,9.069,-1.3800001,-0.71595,1781189021617
2079550050,3,9.03495,-1.3630501,-0.675,1781189021627
2079550060,3,9.0379505,-1.34895,-0.63000005,1781189021637
2079550070,3,9.018001,-1.33395,-0.60105,1781189021647
2079550080,3,9.009001,-1.32,-0.59400004,1781189021657
2079550090,3,9.018001,-1.34595,-0.615,1781189021667
2079550100,3,9.057,-1.38195,-0.65895003,1781189021677
2079550110,3,9.0709505,-1.416,-0.675,1781189021687
2079550120,3,9.064051,-1.42095,-0.68205005,1781189021696
2079550130,3,9.081,-1.44,-0.70395005,1781189021707
2079550141,3,9.11205,-1.45395,-0.74205005,1781189021719
2079550151,3,9.045,-1.44,-0.74505,1781189021727
2079550161,3,8.941951,-1.4059501,-0.73995006,1781189021737
2079550171,3,8.87205,-1.36995,-0.71400005,1781189021747
2079550181,3,8.877001,-1.3609501,-0.71595,1781189021757
2079550191,3,8.89395,-1.3770001,-0.74700004,1781189021768
2079550201,3,8.88,-1.3770001,-0.78105,1781189021777
2079550211,3,8.87205,-1.389,-0.78795004,1781189021788
2079550221,3,8.892,-1.4089501,-0.82605004,1781189021797
2079550231,3,8.93505,-1.42095,-0.85200006,1781189021808
2079550241,3,8.97105,-1.437,-0.86205006,1781189021817
2079550251,3,8.98005,-1.4490001,-0.85995007,1781189021827
2079550261,3,9.00405,-1.4470501,-0.82395005,1781189021837
2079550272,3,9.052051,-1.45905,-0.80700004,1781189021847
2079550282,3,9.114,-1.4830501,-0.81405,1781189021857
2079550292,3,9.1380005,-1.46595,-0.79005,1781189021869
2079550302,3,9.15705,-1.45605,-0.76905006,1781189021878
2079550312,3,9.220051,-1.46595,-0.77805007,1781189021888
2079550322,3,9.342,-1.5000001,-0.79305005,1781189021898
2079550332,3,9.504001,-1.5469501,-0.85005003,1781189021908
2079550342,3,9.63105,-1.5810001,-0.87405,1781189021918
2079550352,3,9.682051,-1.593,-0.86205006,1781189021929
2079550362,3,9.706051,-1.57605,-0.84000003,1781189021938
2079550372,3,9.744,-1.593,-0.81900007,1781189021949
2079550382,3,9.74895,-1.5810001,-0.80700004,1781189021960
2079550392,3,9.706051,-1.57395,-0.75705004,1781189021970
2079550403,3,9.6,-1.5310501,-0.71805006,1781189021980
2079550413,3,9.48795,-1.4899501,-0.67800003,1781189021990
2079550423,3,9.391951,-1.452,-0.64905006,1781189022001
2079550433,3,9.303,-1.4299501,-0.62295,1781189022010
2079550443,3,9.222,-1.4089501,-0.58695,1781189022020
2079550453,3,9.150001,-1.3990501,-0.57000005,1781189022030
2079550463,3,9.121051,-1.38495,-0.56505,1781189022040
2079550473,3,9.094951,-1.3920001,-0.58005005,1781189022051
2079550483,3,9.09,-1.38195,-0.59895,1781189022060
2079550493,3,9.066,-1.389,-0.62700003,1781189022070
2079550503,3,9.082951,-1.3800001,-0.67305005,1781189022080
2079550513,3,9.069,-1.3609501,-0.702,1781189022090
2079550523,3,9.066,-1.3579501,-0.73005,1781189022101
2079550533,3,9.114,-1.38495,-0.79305005,1781189022112
2079550544,3,9.16695,-1.404,-0.84000003,1781189022120
2079550554,3,9.18105,-1.4130001,-0.84495,1781189022131
2079550564,3,9.226951,-1.42305,-0.855,1781189022142
2079550574,3,9.282001,-1.437,-0.86895007,1781189022151
2079550584,3,9.30105,-1.452,-0.855,1781189022161
2079550594,3,9.303,-1.4610001,-0.83100003,1781189022172
2079550604,3,9.28695,-1.4800501,-0.80700004,1781189022182
2079550614,3,9.306001,-1.4970001,-0.78495,1781189022191
2079550624,3,9.318001,-1.5310501,-0.80205005,1781189022201
2079550634,3,9.32505,-1.55505,-0.79695004,1781189022211
2079550644,3,9.34605,-1.5690001,-0.78795004,1781189022221
2079550654,3,9.39,-1.5880501,-0.76905006,1781189022231
2079550664,3,9.43305,-1.6000501,-0.76395005,1781189022242
2079550675,3,9.460951,-1.6189501,-0.74700004,1781189022252
2079550685,3,9.46395,-1.6000501,-0.72300005,1781189022262
2079550695,3,9.385051,-1.5690001,-0.69705003,1781189022272
2079550705,3,9.247951,-1.5310501,-0.675,1781189022282
2079550715,3,9.1380005,-1.485,-0.65400004,1781189022292
2079550725,3,9.030001,-1.4419501,-0.62295,1781189022302
2079550735,3,8.929951,-1.3969501,-0.59400004,1781189022312
2079550745,3,8.877001,-1.3920001,-0.582,1781189022322
2079550755,3,8.889001,-1.38495,-0.60795003,1781189022332
2079550765,3,8.937,-1.416,-0.63900006,1781189022342
2079550775,3,9.01095,-1.416,-0.69705003,1781189022352
2079550785,3,9.094951,-1.43505,-0.77295005,1781189022362
2079550795,3,9.153001,-1.4419501,-0.85005003,1781189022373
2079550806,3,9.16695,-1.43505,-0.89100003,1781189022383
2079550816,3,9.174001,-1.416,-0.92700005,1781189022392
2079550826,3,9.15495,-1.416,-0.94305,1781189022402
2079550836,3,9.13095,-1.389,-0.91005003,1781189022413
2079550846,3,9.114,-1.3800001,-0.864,1781189022423
2079550856,3,9.13095,-1.38495,-0.85005003,1781189022433
2079550866,3,9.14295,-1.3990501,-0.81195,1781189022443
2079550876,3,9.150001,-1.41795,-0.79995006,1781189022453
2079550886,3,9.16905,-1.42305,-0.78795004,1781189022464
2079550896,3,9.19995,-1.43295,-0.77805007,1781189022474
2079550906,3,9.208051,-1.4250001,-0.73995006,1781189022484
2079550916,3,9.23595,-1.4130001,-0.72105,1781189022493
2079550926,3,9.271951,-1.416,-0.68700004,1781189022504
2079550937,3,9.294001,-1.42305,-0.66795003,1781189022513
2079550947,3,9.28695,-1.404,-0.62295,1781189022524
2079550957,3,9.27495,-1.3920001,-0.60300004,1781189022534
2079550967,3,9.214951,-1.3609501,-0.60105,1781189022544
2079550977,3,9.174001,-1.34895,-0.606,1781189022554
2079550987,3,9.13305,-1.34595,-0.62295,1781189022564
2079550997,3,9.085951,-1.3440001,-0.63495004,1781189022574
2079551007,3,9.057,-1.3630501,-0.65400004,1781189022584
2079551017,3,9.02805,-1.36995,-0.67095006,1781189022594
2079551027,3,9.0400505,-1.3969501,-0.69195,1781189022604
2079551037,3,9.061951,-1.42095,-0.73305005,1781189022614
2079551047,3,9.057,-1.44,-0.76905006,1781189022625
2079551057,3,9.078,-1.46595,-0.82095003,1781189022634
2079551067,3,9.118951,-1.4899501,-0.86895007,1781189022645
2079551078,3,9.14295,-1.4899501,-0.90000004,1781189022655
2079551088,3,9.150001,-1.4830501,-0.915,1781189022665
2079551098,3,9.15705,-1.4640001,-0.924,1781189022675
2079551108,3,9.19305,-1.46595,-0.93600005,1781189022685
2079551118,3,9.208051,-1.47105,-0.96000004,1781189022695
2079551128,3,9.247951,-1.46595,-0.93105006,1781189022705
2079551138,3,9.271951,-1.4680501,-0.90795004,1781189022715
2079551148,3,9.31995,-1.47105,-0.86700004,1781189022725
2079551158,3,9.354,-1.488,-0.82395005,1781189022735
2079551168,3,9.39,-1.4970001,-0.79305005,1781189022746
2079551178,3,9.423,-1.50705,-0.77295005,1781189022755
2079551188,3,9.415951,-1.50705,-0.73005,1781189022766
2079551198,3,9.378,-1.49205,-0.68700004,1781189022776
2079551209,3,9.39,-1.49205,-0.67305005,1781189022786
2079551219,3,9.342,-1.4899501,-0.63900006,1781189022796
2079551229,3,9.262951,-1.4640001,-0.58005005,1781189022806
2079551239,3,9.184051,-1.4419501,-0.51705,1781189022816
2079551249,3,9.198001,-1.4440501,-0.51000005,1781189022826
2079551259,3,9.196051,-1.4640001,-0.52905005,1781189022837
2079551269,3,9.165,-1.47105,-0.55605,1781189022846
2079551279,3,9.13305,-1.45395,-0.58395004,1781189022856
2079551289,3,9.141001,-1.45905,-0.615,1781189022866
2079551299,3,9.198001,-1.47105,-0.67800003,1781189022877
2079551309,3,9.217051,-1.4899501,-0.73005,1781189022886
2079551319,3,9.22395,-1.4779501,-0.78495,1781189022897
2079551329,3,9.214951,-1.4760001,-0.81705004,1781189022907
2079551340,3,9.241051,-1.452,-0.84300005,1781189022917
2079551350,3,9.30795,-1.4779501,-0.88095003,1781189022927
2079551360,3,9.31995,-1.488,-0.8880001,1781189022937
2079551370,3,9.31995,-1.4760001,-0.88095003,1781189022947
2079551380,3,9.303,-1.45905,-0.82605004,1781189022958
2079551390,3,9.342,-1.45605,-0.80205005,1781189022967
2079551400,3,9.366,-1.45605,-0.76605004,1781189022977
2079551410,3,9.399,-1.4440501,-0.73995006,1781189022987
2079551420,3,9.411,-1.43505,-0.67995006,1781189022998
2079551430,3,9.43305,-1.4470501,-0.66105,1781189023008
2079551440,3,9.411,-1.4470501,-0.63000005,1781189023018
2079551450,3,9.424951,-1.4130001,-0.59895,1781189023027
2079551460,3,9.424951,-1.4280001,-0.58695,1781189023038
2079551470,3,9.418051,-1.4299501,-0.57000005,1781189023049
2079551481,3,9.403951,-1.45395,-0.57000005,1781189023057
2079551491,3,9.387,-1.45395,-0.55995005,1781189023067
2079551501,3,9.34395,-1.4779501,-0.57000005,1781189023079
2079551511,3,9.32295,-1.4950501,-0.59205,1781189023089
2079551521,3,9.31305,-1.5120001,-0.61995006,1781189023097
2079551531,3,9.27705,-1.5280501,-0.66105,1781189023108
2079551541,3,9.246,-1.5160501,-0.68205005,1781189023118
2079551551,3,9.18795,-1.50405,-0.726,1781189023128
2079551561,3,9.109051,-1.4760001,-0.73800004,1781189023138
2079551571,3,9.02805,-1.4419501,-0.75705004,1781189023148
2079551581,3,8.98305,-1.4280001,-0.80895007,1781189023159
2079551591,3,8.97105,-1.42305,-0.86700004,1781189023168
2079551601,3,8.97795,-1.437,-0.94305,1781189023177
2079551612,3,9.02595,-1.4419501,-1.0009501,1781189023187
2079551622,3,9.073951,-1.43505,-1.0510501,1781189023199
2079551632,3,9.13305,-1.44,-1.07295,1781189023209
2079551642,3,9.214951,-1.45395,-1.09695,1781189023219
2079551652,3,9.28695,-1.488,-1.09695,1781189023228
2079551662,3,9.339001,-1.5090001,-1.11105,1781189023238
2079551672,3,9.354,-1.5090001,-1.07505,1781189023248
2079551682,3,9.32295,-1.4970001,-1.00995,1781189023259
2079551692,3,9.30105,-1.4899501,-0.92700005,1781189023270
2079551702,3,9.31995,-1.4970001,-0.85995007,1781189023280
2079551712,3,9.34395,-1.5000001,-0.79995006,1781189023290
2079551722,3,9.37005,-1.5120001,-0.735,1781189023301
2079551732,3,9.39,-1.5259501,-0.702,1781189023310
2079551743,3,9.43995,-1.54305,-0.675,1781189023320
2079551753,3,9.48795,-1.57095,-0.70905006,1781189023330
2079551763,3,9.49005,-1.5619501,-0.73005,1781189023340
2079551773,3,9.45405,-1.5690001,-0.74700004,1781189023350
2079551783,3,9.387,-1.5520501,-0.76905006,1781189023360
2079551793,3,9.294001,-1.5120001,-0.76395005,1781189023370
2079551803,3,9.229051,-1.4830501,-0.77295005,1781189023380
2079551813,3,9.21195,-1.488,-0.795,1781189023390
2079551823,3,9.196051,-1.473,-0.79995006,1781189023400
2079551833,3,9.174001,-1.46595,-0.82605004,1781189023410
2079551843,3,9.126,-1.4680501,-0.85200006,1781189023420
2079551853,3,9.064051,-1.43505,-0.855,1781189023430
2079551863,3,8.99895,-1.404,-0.85695004,1781189023440
2079551874,3,8.937,-1.3729501,-0.85695004,1781189023450
2079551884,3,8.887051,-1.33905,-0.85005003,1781189023461
2079551894,3,8.83695,-1.31805,-0.82395005,1781189023473
2079551904,3,8.809951,-1.31295,-0.80895007,1781189023481
2079551914,3,8.809951,-1.3060501,-0.79995006,1781189023492
2079551924,3,8.844001,-1.3270501,-0.795,1781189023501
2079551934,3,8.911051,-1.368,-0.82605004,1781189023513
2079551944,3,9.030001,-1.4059501,-0.85005003,1781189023522
2079551954,3,9.114,-1.4490001,-0.88095003,1781189023531
2079551964,3,9.18795,-1.49205,-0.88395005,1781189023544
2079551974,3,9.238951,-1.5090001,-0.85695004,1781189023553
2079551984,3,9.29895,-1.521,-0.83805007,1781189023562
2079551994,3,9.306001,-1.5499501,-0.79305005,1781189023572
2079552004,3,9.318001,-1.5589501,-0.75405,1781189023582
2079552015,3,9.33705,-1.5790501,-0.73305005,1781189023592
2079552025,3,9.385051,-1.593,-0.73005,1781189023602
2079552035,3,9.39,-1.5949501,-0.72105,1781189023612
2079552045,3,9.424951,-1.62405,-0.69405,1781189023622
2079552055,3,9.46905,-1.62405,-0.67305005,1781189023632
2079552065,3,9.47805,-1.6140001,-0.64905006,1781189023642
2079552075,3,9.427951,-1.5949501,-0.62700003,1781189023652
2079552085,3,9.402,-1.5690001,-0.62700003,1781189023662
2079552095,3,9.375,-1.57605,-0.63705003,1781189023672
2079552105,3,9.32505,-1.5589501,-0.64695,1781189023682
2079552115,3,9.267,-1.54305,-0.63705003,1781189023691
2079552125,3,9.18795,-1.5090001,-0.62295,1781189023702
2079552135,3,9.117001,-1.46595,-0.61305004,1781189023714
2079552146,3,9.042001,-1.4299501,-0.60300004,1781189023723
2079552156,3,8.956051,-1.3939501,-0.58905005,1781189023733
2079552166,3,8.932051,-1.389,-0.59205,1781189023743
2079552176,3,8.93505,-1.38495,-0.61095005,1781189023752
2079552186,3,8.920051,-1.3939501,-0.60795003,1781189023763
2079552196,3,8.92695,-1.389,-0.63900006,1781189023773
2079552206,3,8.956051,-1.3939501,-0.65400004,1781189023783
2079552216,3,8.973001,-1.42095,-0.67800003,1781189023793
2079552226,3,9.01605,-1.4250001,-0.69405,1781189023803
2079552236,3,9.078,-1.4299501,-0.711,1781189023813
2079552246,3,9.15705,-1.45905,-0.73305005,1781189023823
2079552256,3,9.222,-1.47105,-0.74700004,1781189023833
2079552266,3,9.295951,-1.49205,-0.74505,1781189023844
2079552277,3,9.375,-1.50405,-0.76605004,1781189023853
2079552287,3,9.459001,-1.5330001,-0.77595,1781189023864
2079552297,3,9.507001,-1.55505,-0.77295005,1781189023873
2079552307,3,9.531,-1.5589501,-0.771,1781189023883
2079552317,3,9.53295,-1.5589501,-0.74505,1781189023894
2079552327,3,9.49005,-1.557,-0.711,1781189023903
2079552337,3,9.448951,-1.5520501,-0.66300005,1781189023914
2079552347,3,9.394051,-1.5469501,-0.61095005,1781189023924
2079552357,3,9.32295,-1.5280501,-0.57195,1781189023934
2079552367,3,9.259951,-1.5259501,-0.53400004,1781189023944
2079552377,3,9.20505,-1.5259501,-0.50295,1781189023954
2079552387,3,9.17895,-1.50705,-0.50505,1781189023964
2079552397,3,9.19305,-1.4970001,-0.522,1781189023975
2079552407,3,9.196051,-1.50195,-0.58005005,1781189023984
2079552418,3,9.18795,-1.488,-0.61800003,1781189023995
2079552428,3,9.19095,-1.45395,-0.67800003,1781189024005
2079552438,3,9.196051,-1.43505,-0.71805006,1781189024015
2079552448,3,9.198001,-1.4089501,-0.75705004,1781189024025
2079552458,3,9.19095,-1.3770001,-0.79995006,1781189024035
2079552468,3,9.162001,-1.3560001,-0.80895007,1781189024045
2079552478,3,9.118951,-1.3300501,-0.81705004,1781189024055
2079552488,3,9.069,-1.3219501,-0.82905006,1781189024065
2079552498,3,9.03495,-1.30095,-0.81405,1781189024075
2079552508,3,9.042001,-1.3099501,-0.83595,1781189024085
2079552518,3,9.049951,-1.3249501,-0.85005003,1781189024097
2079552528,3,9.064051,-1.3579501,-0.87195003,1781189024107
2079552538,3,9.106951,-1.3800001,-0.89595,1781189024115
2079552549,3,9.141001,-1.41795,-0.89595,1781189024127
2079552559,3,9.150001,-1.4250001,-0.90495,1781189024136
2079552569,3,9.186001,-1.4440501,-0.90795004,1781189024146
2079552579,3,9.21,-1.45605,-0.915,1781189024156
2079552589,3,9.258,-1.473,-0.92205006,1781189024166
2079552599,3,9.32505,-1.50405,-0.89295006,1781189024177
2079552609,3,9.385051,-1.521,-0.88605005,1781189024186
2079552619,3,9.448951,-1.524,-0.855,1781189024196
2079552629,3,9.47595,-1.524,-0.85005003,1781189024207
2079552639,3,9.46605,-1.5139501,-0.82095003,1781189024217
2079552649,3,9.411,-1.49205,-0.80700004,1781189024227
2079552659,3,9.34605,-1.4760001,-0.77295005,1781189024237
2079552669,3,9.28905,-1.452,-0.75705004,1781189024247
2079552680,3,9.25605,-1.43295,-0.74205005,1781189024257
2079552690,3,9.229051,-1.437,-0.72795004,1781189024267
2079552700,3,9.208051,-1.45395,-0.72795004,1781189024277
2079552710,3,9.22395,-1.4470501,-0.75405,1781189024287
2079552720,3,9.250951,-1.45395,-0.76395005,1781189024297
2079552730,3,9.27,-1.45905,-0.79995006,1781189024307
2079552740,3,9.282001,-1.4440501,-0.84795004,1781189024317
2079552750,3,9.28905,-1.4470501,-0.87600005,1781189024327
2079552760,3,9.250951,-1.43295,-0.89595,1781189024337
2079552770,3,9.232051,-1.4440501,-0.91200006,1781189024347
2079552780,3,9.226951,-1.41795,-0.91005003,1781189024357
2079552790,3,9.226951,-1.4089501,-0.92700005,1781189024367
2079552800,3,9.22395,-1.3920001,-0.915,1781189024376
2079552811,3,9.250951,-1.416,-0.90795004,1781189024389
2079552821,3,9.262951,-1.4250001,-0.90300006,1781189024397
2079552831,3,9.315001,-1.4440501,-0.93405,1781189024407
2079552841,3,9.339001,-1.45395,-0.924,1781189024418
2079552851,3,9.36795,-1.4640001,-0.91695005,1781189024427
2079552861,3,9.373051,-1.4680501,-0.90000004,1781189024438
2079552871,3,9.363001,-1.46595,-0.87195003,1781189024449
2079552881,3,9.366,-1.4470501,-0.83595,1781189024458
2079552891,3,9.34395,-1.4470501,-0.79695004,1781189024468
2079552901,3,9.27705,-1.41795,-0.76395005,1781189024478
2079552911,3,9.267,-1.4089501,-0.72300005,1781189024489
2079552921,3,9.246,-1.42095,-0.69900006,1781189024499
2079552931,3,9.20505,-1.4059501,-0.67995006,1781189024508
2079552941,3,9.184051,-1.401,-0.66105,1781189024518
2079552952,3,9.16005,-1.3969501,-0.66105,1781189024528
2079552962,3,9.141001,-1.4110501,-0.63195,1781189024539
2079552972,3,9.12405,-1.4250001,-0.642,1781189024549
2079552982,3,9.15705,-1.46595,-0.666,1781189024559
2079552992,3,9.17595,-1.5000001,-0.69405,1781189024568
2079553002,3,9.174001,-1.5160501,-0.74205005,1781189024578
2079553012,3,9.184051,-1.5090001,-0.75405,1781189024588
2079553022,3,9.196051,-1.524,-0.771,1781189024599
2079553032,3,9.186001,-1.521,-0.77805007,1781189024608
2079553042,3,9.14295,-1.4899501,-0.79005,1781189024619
2079553052,3,9.129001,-1.4800501,-0.795,1781189024630
2079553062,3,9.13305,-1.473,-0.81900007,1781189024638
2079553072,3,9.121051,-1.4680501,-0.84000003,1781189024650
2079553083,3,9.106951,-1.45605,-0.79995006,1781189024659
2079553093,3,9.114,-1.452,-0.78795004,1781189024670
2079553103,3,9.153001,-1.473,-0.80505,1781189024680
2079553113,3,9.174001,-1.488,-0.81900007,1781189024690
2079553123,3,9.18795,-1.50195,-0.81405,1781189024700
2079553133,3,9.2029505,-1.488,-0.81195,1781189024710
2079553143,3,9.253051,-1.5139501,-0.81405,1781189024720
2079553153,3,9.318001,-1.54005,-0.84795004,1781189024731
2079553163,3,9.436951,-1.5829501,-0.85005003,1781189024740
2079553173,3,9.435,-1.5690001,-0.80700004,1781189024750
2079553183,3,9.37005,-1.5450001,-0.74205005,1781189024760
2079553193,3,9.294001,-1.53495,-0.68505,1781189024770
2079553203,3,9.23595,-1.4899501,-0.64905006,1781189024781
2079553214,3,9.22395,-1.4830501,-0.62295,1781189024791
2079553224,3,9.17595,-1.4779501,-0.58395004,1781189024801
2079553234,3,9.14505,-1.45905,-0.54795,1781189024811
2079553244,3,9.141001,-1.4640001,-0.54405004,1781189024821
2079553254,3,9.17595,-1.4760001,-0.57705003,1781189024831
2079553264,3,9.23595,-1.50705,-0.62505,1781189024841
2079553274,3,9.29895,-1.5190501,-0.65400004,1781189024851
2079553284,3,9.32295,-1.5190501,-0.67095006,1781189024861
2079553294,3,9.315001,-1.5160501,-0.69705003,1781189024871
2079553304,3,9.25605,-1.488,-0.71595,1781189024881
2079553314,3,9.15705,-1.45905,-0.702,1781189024891
2079553324,3,9.076051,-1.44,-0.69900006,1781189024901
2079553334,3,9.02805,-1.416,-0.69705003,1781189024912
2079553344,3,9.009001,-1.43505,-0.69900006,1781189024922
2079553355,3,9.021001,-1.4640001,-0.73005,1781189024932
2079553365,3,9.054001,-1.4950501,-0.75900006,1781189024942
2079553375,3,9.11205,-1.5280501,-0.795,1781189024952
2079553385,3,9.21,-1.5640501,-0.85005003,1781189024962
2079553395,3,9.295951,-1.6170001,-0.88605005,1781189024972
2079553405,3,9.363001,-1.6290001,-0.91695005,1781189024982
2079553415,3,9.4140005,-1.6339501,-0.91200006,1781189024992
2079553425,3,9.399,-1.60695,-0.86700004,1781189025002
2079553435,3,9.34605,-1.557,-0.81900007,1781189025012
2079553445,3,9.267,-1.4970001,-0.711,1781189025022
2079553455,3,9.17895,-1.45395,-0.61305004,1781189025032
2079553465,3,9.13605,-1.4130001,-0.55095005,1781189025042
2079553475,3,9.114,-1.3770001,-0.47895002,1781189025053
2079553486,3,9.121051,-1.3770001,-0.462,1781189025063
2079553496,3,9.16905,-1.3920001,-0.48405004,1781189025074
2079553506,3,9.21195,-1.4059501,-0.50100005,1781189025083
2079553516,3,9.250951,-1.4059501,-0.51705,1781189025094
2079553526,3,9.247951,-1.4250001,-0.558,1781189025102
2079553536,3,9.238951,-1.4089501,-0.58005005,1781189025113
2079553546,3,9.196051,-1.4059501,-0.606,1781189025123
2079553556,3,9.126,-1.38495,-0.64395005,1781189025133
2079553566,3,9.093,-1.3770001,-0.63900006,1781189025143
2079553576,3,9.042001,-1.365,-0.642,1781189025153
2079553586,3,9.00195,-1.36995,-0.651,1781189025164
2079553596,3,8.98305,-1.3579501,-0.69705003,1781189025173
2079553606,3,8.986951,-1.3630501,-0.75195,1781189025183
2079553617,3,9.01395,-1.3920001,-0.79995006,1781189025194
2079553627,3,9.054001,-1.41795,-0.84795004,1781189025203
2079553637,3,9.097051,-1.4299501,-0.88095003,1781189025215
2079553647,3,9.14505,-1.43505,-0.90795004,1781189025226
2079553657,3,9.20505,-1.4640001,-0.91695005,1781189025234
2079553667,3,9.253051,-1.4640001,-0.91695005,1781189025244
2079553677,3,9.30105,-1.4800501,-0.89595,1781189025254
2079553687,3,9.354,-1.5000001,-0.89295006,1781189025264
2079553697,3,9.394051,-1.485,-0.86205006,1781189025274
2079553707,3,9.403951,-1.4779501,-0.82605004,1781189025284
2079553717,3,9.436951,-1.45905,-0.79305005,1781189025295
2079553727,3,9.436951,-1.45395,-0.75900006,1781189025304
2079553737,3,9.424951,-1.4280001,-0.73005,1781189025315
2079553748,3,9.366,-1.3939501,-0.675,1781189025325
2079553758,3,9.262951,-1.35105,-0.642,1781189025335
2079553768,3,9.2029505,-1.3420501,-0.59400004,1781189025345
2079553778,3,9.13095,-1.3420501,-0.56805,1781189025355
2079553788,3,9.10005,-1.3369501,-0.58395004,1781189025365
2079553798,3,9.109051,-1.34895,-0.61800003,1781189025375
2079553808,3,9.1050005,-1.3750501,-0.65595,1781189025385
2079553818,3,9.09,-1.38195,-0.66795003,1781189025395
2079553828,3,9.088051,-1.42095,-0.69900006,1781189025405
2079553838,3,9.11205,-1.43505,-0.72105,1781189025415
2079553848,3,9.165,-1.4970001,-0.82395005,1781189025425
2079553858,3,9.18795,-1.5190501,-0.87900007,1781189025436
2079553868,3,9.17895,-1.5259501,-0.93405,1781189025446
2079553878,3,9.153001,-1.49205,-0.97695005,1781189025456
2079553889,3,9.12405,-1.473,-0.99105006,1781189025466
2079553899,3,9.102,-1.45905,-0.97200006,1781189025475
2079553909,3,9.13605,-1.4440501,-0.95295006,1781189025487
2079553919,3,9.21195,-1.46595,-0.93900007,1781189025496
2079553929,3,9.31095,-1.4899501,-0.9580501,1781189025506
2079553939,3,9.4140005,-1.5280501,-0.97200006,1781189025515
2079553949,3,9.47805,-1.5619501,-0.975,1781189025526
2079553959,3,9.5449505,-1.5589501,-0.97200006,1781189025536
2079553969,3,9.639001,-1.57605,-0.97695005,1781189025547
2079553979,3,9.67695,-1.57095,-0.975,1781189025556
2079553989,3,9.67695,-1.5670501,-0.91200006,1781189025567
2079553999,3,9.624001,-1.5499501,-0.84000003,1781189025577
2079554009,3,9.483001,-1.50705,-0.73305005,1781189025587
2079554020,3,9.35595,-1.4440501,-0.63900006,1781189025597
2079554030,3,9.247951,-1.43505,-0.582,1781189025607
2079554040,3,9.18795,-1.4280001,-0.57705003,1781189025617
2079554050,3,9.17595,-1.47105,-0.59595,1781189025627
2079554060,3,9.214951,-1.4970001,-0.63195,1781189025637
2079554070,3,9.234,-1.5310501,-0.702,1781189025647
2079554080,3,9.2029505,-1.5139501,-0.74700004,1781189025657
2079554090,3,9.14295,-1.521,-0.78495,1781189025667
2079554100,3,9.076051,-1.4970001,-0.80505,1781189025677
2079554110,3,9.018001,-1.45905,-0.81900007,1781189025688
2079554120,3,8.974951,-1.43295,-0.83595,1781189025697
2079554130,3,8.953951,-1.4250001,-0.84495,1781189025707
2079554140,3,8.944051,-1.43295,-0.87405,1781189025718
2079554151,3,8.98305,-1.4490001,-0.89295006,1781189025727
2079554161,3,9.04695,-1.4830501,-0.94095004,1781189025737
2079554171,3,9.1050005,-1.5139501,-0.96495,1781189025746
2079554181,3,9.165,-1.53495,-0.97695005,1781189025757
2079554191,3,9.246,-1.5469501,-0.9990001,1781189025767
2079554201,3,9.282001,-1.57095,-0.97695005,1781189025777
2079554211,3,9.31995,-1.5790501,-0.9480001,1781189025787
2079554221,3,9.378,-1.6099501,-0.94305,1781189025799
2079554231,3,9.403951,-1.593,-0.92205006,1781189025809
2079554241,3,9.45405,-1.605,-0.87600005,1781189025817
2079554251,3,9.483001,-1.6309501,-0.83805007,1781189025829
2079554261,3,9.493051,-1.6339501,-0.78795004,1781189025839
2079554271,3,9.460951,-1.626,-0.70905006,1781189025849
2079554281,3,9.427951,-1.6030501,-0.65595,1781189025858
2079554292,3,9.37005,-1.593,-0.61995006,1781189025870
2079554302,3,9.30795,-1.5690001,-0.582,1781189025878
2079554312,3,9.23595,-1.5640501,-0.55095005,1781189025889
2079554322,3,9.19095,-1.5450001,-0.56505,1781189025898
2079554332,3,9.141001,-1.54005,-0.56295,1781189025908
2079554342,3,9.11205,-1.5280501,-0.582,1781189025918
2079554352,3,9.121051,-1.5280501,-0.63195,1781189025928
2079554362,3,9.12405,-1.54305,-0.67305005,1781189025938
2079554372,3,9.153001,-1.53495,-0.69195,1781189025950
2079554382,3,9.165,-1.5280501,-0.73305005,1781189025959
2079554392,3,9.17205,-1.54005,-0.79005,1781189025970
2079554402,3,9.14295,-1.5310501,-0.80205005,1781189025979
2079554412,3,9.102,-1.50405,-0.82095003,1781189025990
2079554423,3,9.049951,-1.4830501,-0.81195,1781189025999
2079554433,3,9.033,-1.488,-0.81705004,1781189026010
2079554443,3,8.997001,-1.4800501,-0.80505,1781189026020
2079554453,3,9.00195,-1.47105,-0.78495,1781189026030
2079554463,3,9.02805,-1.4830501,-0.78105,1781189026040
2079554473,3,9.078,-1.488,-0.75705004,1781189026050
2079554483,3,9.13605,-1.5139501,-0.771,1781189026060
2079554493,3,9.217051,-1.5450001,-0.74700004,1781189026070
2079554503,3,9.306001,-1.57095,-0.75195,1781189026080
2079554513,3,9.399,-1.60695,-0.75195,1781189026090
2079554523,3,9.460951,-1.61205,-0.74505,1781189026100
2079554533,3,9.493051,-1.6030501,-0.771,1781189026110
2079554543,3,9.495001,-1.593,-0.76395005,1781189026121
2079554554,3,9.46605,-1.5619501,-0.73995006,1781189026132
2079554564,3,9.423,-1.5280501,-0.69900006,1781189026140
2079554574,3,9.33705,-1.50195,-0.642,1781189026151
2079554584,3,9.265051,-1.46595,-0.61095005,1781189026161
2079554594,3,9.18105,-1.44,-0.57705003,1781189026171
2079554604,3,9.13095,-1.4280001,-0.55995005,1781189026181
2079554614,3,9.102,-1.42305,-0.558,1781189026191
2079554624,3,9.097051,-1.437,-0.58005005,1781189026201
2079554634,3,9.085951,-1.46595,-0.62295,1781189026213
2079554644,3,9.082951,-1.4950501,-0.65895003,1781189026222
2079554654,3,9.081,-1.50405,-0.69705003,1781189026232
2079554664,3,9.081,-1.4950501,-0.72300005,1781189026241
2079554674,3,9.057,-1.4970001,-0.75000006,1781189026252
2079554685,3,9.03495,-1.4610001,-0.78495,1781189026262
2079554695,3,9.021001,-1.43295,-0.80700004,1781189026272
2079554705,3,8.997001,-1.4089501,-0.82095003,1781189026282
2079554715,3,8.98995,-1.3990501,-0.82905006,1781189026292
2079554725,3,9.00405,-1.3990501,-0.84300005,1781189026302
2079554735,3,9.049951,-1.4280001,-0.86205006,1781189026312
2079554745,3,9.10005,-1.45905,-0.89595,1781189026322
2079554755,3,9.15705,-1.49205,-0.91995007,1781189026332
2079554765,3,9.208051,-1.5120001,-0.92700005,1781189026342
2079554775,3,9.262951,-1.5450001,-0.93405,1781189026352
2079554785,3,9.327001,-1.57395,-0.91005003,1781189026362
2079554795,3,9.411,-1.6000501,-0.90300006,1781189026372
2079554805,3,9.49005,-1.605,-0.86895007,1781189026382
2079554815,3,9.5119505,-1.6189501,-0.83595,1781189026392
2079554826,3,9.4810505,-1.6030501,-0.79305005,1781189026402
2079554836,3,9.40905,-1.5640501,-0.73005,1781189026412
2079554846,3,9.318001,-1.5120001,-0.68505,1781189026423
2079554856,3,9.241051,-1.45395,-0.63000005,1781189026433
2079554866,3,9.17205,-1.44,-0.60795003,1781189026443
2079554876,3,9.153001,-1.437,-0.57195,1781189026452
2079554886,3,9.13305,-1.44,-0.57705003,1781189026464
2079554896,3,9.1380005,-1.437,-0.59595,1781189026473
2079554906,3,9.14805,-1.437,-0.61995006,1781189026483
2079554916,3,9.14805,-1.437,-0.64905006,1781189026494
2079554926,3,9.12405,-1.4280001,-0.69000006,1781189026502
2079554936,3,9.102,-1.42095,-0.71400005,1781189026513
2079554946,3,9.066,-1.42305,-0.73005,1781189026525
2079554957,3,9.057,-1.4059501,-0.79695004,1781189026534
2079554967,3,9.042001,-1.4110501,-0.84000003,1781189026544
2079554977,3,9.0400505,-1.4089501,-0.85695004,1781189026554
2079554987,3,9.052051,-1.3990501,-0.864,1781189026564
2079554997,3,9.073951,-1.389,-0.87600005,1781189026574
2079555007,3,9.117001,-1.4089501,-0.87405,1781189026584
2079555017,3,9.19995,-1.41795,-0.90000004,1781189026594
2079555027,3,9.283951,-1.452,-0.93600005,1781189026604
2079555037,3,9.387,-1.473,-0.9670501,1781189026614
2079555047,3,9.47805,-1.5139501,-0.98205006,1781189026624
2079555057,3,9.504001,-1.5280501,-0.96000004,1781189026634
2079555067,3,9.493051,-1.53795,-0.90300006,1781189026644
2079555077,3,9.46605,-1.521,-0.86700004,1781189026654
2079555088,3,9.418051,-1.50705,-0.81405,1781189026665
2079555098,3,9.387,-1.488,-0.771,1781189026675
2079555108,3,9.35805,-1.4899501,-0.70605004,1781189026685
2079555118,3,9.361051,-1.50195,-0.67995006,1781189026695
2079555128,3,9.32295,-1.50705,-0.66300005,1781189026705
2079555138,3,9.31095,-1.5280501,-0.64695,1781189026715
2079555148,3,9.27705,-1.5190501,-0.61800003,1781189026725
2079555158,3,9.25605,-1.5120001,-0.63495004,1781189026735
2079555168,3,9.23595,-1.4970001,-0.642,1781189026746
2079555178,3,9.19995,-1.5000001,-0.67305005,1781189026756
2079555188,3,9.17205,-1.485,-0.70905006,1781189026766
2079555198,3,9.14295,-1.4680501,-0.76395005,1781189026776
2079555208,3,9.085951,-1.43505,-0.78795004,1781189026785
2079555218,3,9.042001,-1.416,-0.81195,1781189026796
2079555229,3,9.02805,-1.3939501,-0.85005003,1781189026806
2079555239,3,9.00195,-1.4110501,-0.88395005,1781189026816
2079555249,3,9.009001,-1.41795,-0.90495,1781189026826
2079555259,3,9.018001,-1.4250001,-0.93405,1781189026836
2079555269,3,9.0400505,-1.45905,-0.95295006,1781189026846
2079555279,3,9.066,-1.4779501,-0.9889501,1781189026856
2079555289,3,9.093,-1.4970001,-1.0030501,1781189026867
2079555299,3,9.15495,-1.53795,-1.00995,1781189026876
2079555309,3,9.220051,-1.5790501,-1.02495,1781189026886
2079555319,3,9.31095,-1.6140001,-1.04205,1781189026897
2079555329,3,9.366,-1.6380001,-1.04205,1781189026907
2079555339,3,9.42105,-1.6459501,-1.04205,1781189026917
2079555349,3,9.459001,-1.6459501,-1.0009501,1781189026927
2079555360,3,9.495001,-1.66005,-0.96000004,1781189026937
2079555370,3,9.48795,-1.6530001,-0.91200006,1781189026947
2079555380,3,9.46905,-1.6459501,-0.85995007,1781189026957
2079555390,3,9.43305,-1.6339501,-0.79005,1781189026967
2079555400,3,9.36795,-1.6380001,-0.726,1781189026977
2079555410,3,9.294001,-1.62195,-0.64905006,1781189026987
2079555420,3,9.21195,-1.6099501,-0.58905005,1781189026997
2079555430,3,9.162001,-1.6000501,-0.546,1781189027007
2079555440,3,9.141001,-1.5810001,-0.55305004,1781189027017
2079555450,3,9.1380005,-1.5829501,-0.56505,1781189027028
2079555460,3,9.153001,-1.6099501,-0.606,1781189027037
2079555470,3,9.198001,-1.61205,-0.64905006,1781189027047
2079555480,3,9.17595,-1.62405,-0.70395005,1781189027057
2079555491,3,9.12405,-1.6140001,-0.735,1781189027069
2079555501,3,9.088051,-1.58595,-0.771,1781189027079
2079555511,3,9.057,-1.5589501,-0.80505,1781189027088
2079555521,3,9.02595,-1.53795,-0.81405,1781189027098
2079555531,3,9.030001,-1.54305,-0.80505,1781189027108
2079555541,3,9.054001,-1.5330001,-0.79995006,1781189027117
2079555551,3,9.1050005,-1.5450001,-0.81195,1781189027130
2079555561,3,9.16005,-1.5619501,-0.83100003,1781189027138
2079555571,3,9.246,-1.58595,-0.84795004,1781189027147
2079555581,3,9.327001,-1.60695,-0.87900007,1781189027157
2079555591,3,9.39,-1.62195,-0.8880001,1781189027169
2079555601,3,9.418051,-1.64295,-0.87600005,1781189027179
2079555611,3,9.427951,-1.64295,-0.84000003,1781189027189
2079555622,3,9.4470005,-1.641,-0.795,1781189027199
2079555632,3,9.43305,-1.64295,-0.73305005,1781189027209
2079555642,3,9.418051,-1.6530001,-0.675,1781189027219
2079555652,3,9.424951,-1.6380001,-0.61095005,1781189027228
2079555662,3,9.394051,-1.6099501,-0.56295,1781189027240
2079555672,3,9.36795,-1.6170001,-0.522,1781189027248
2079555682,3,9.373051,-1.626,-0.49800003,1781189027258
2079555692,3,9.339001,-1.6360501,-0.49305,1781189027268
2079555702,3,9.262951,-1.641,-0.50805,1781189027279
2079555712,3,9.184051,-1.6339501,-0.49800003,1781189027288
2079555722,3,9.11205,-1.6030501,-0.522,1781189027299
2079555732,3,9.054001,-1.593,-0.52395004,1781189027309
2079555742,3,9.021001,-1.5670501,-0.55095005,1781189027319
2079555752,3,9.00195,-1.5520501,-0.57195,1781189027330
2079555763,3,8.95905,-1.53795,-0.59895,1781189027339
2079555773,3,8.93505,-1.5120001,-0.63495004,1781189027350
2079555783,3,8.901,-1.488,-0.65895003,1781189027360
2079555793,3,8.877001,-1.4760001,-0.69705003,1781189027370
2079555803,3,8.87205,-1.452,-0.71595,1781189027380
2079555813,3,8.911051,-1.4490001,-0.77295005,1781189027390
2079555823,3,8.950951,-1.4470501,-0.80895007,1781189027400
2079555833,3,8.97105,-1.4440501,-0.83295006,1781189027410
2079555843,3,9.02805,-1.437,-0.864,1781189027420
2079555853,3,9.076051,-1.4440501,-0.87900007,1781189027430
2079555863,3,9.14295,-1.45905,-0.87600005,1781189027440
2079555873,3,9.21,-1.46595,-0.89100003,1781189027450
2079555883,3,9.31095,-1.4779501,-0.88395005,1781189027463
2079555894,3,9.394051,-1.50405,-0.88605005,1781189027472
2079555904,3,9.448951,-1.5259501,-0.85200006,1781189027481
2079555914,3,9.49695,-1.5499501,-0.80205005,1781189027491
2079555924,3,9.52095,-1.55505,-0.76395005,1781189027501
2079555934,3,9.483001,-1.5619501,-0.726,1781189027511
2079555944,3,9.44205,-1.5640501,-0.675,1781189027520
2079555954,3,9.375,-1.53795,-0.62295,1781189027531
2079555964,3,9.253051,-1.5259501,-0.57000005,1781189027541
2079555974,3,9.16005,-1.50195,-0.522,1781189027551
2079555984,3,9.04695,-1.4830501,-0.51195,1781189027561
2079555994,3,9.01395,-1.4800501,-0.51705,1781189027571
2079556004,3,9.0379505,-1.4779501,-0.58695,1781189027582
2079556014,3,9.109051,-1.5280501,-0.63195,1781189027592
2079556025,3,9.18795,-1.5469501,-0.71400005,1781189027602
2079556035,3,9.250951,-1.557,-0.79305005,1781189027612
2079556045,3,9.267,-1.54005,-0.85995007,1781189027622
2079556055,3,9.226951,-1.4970001,-0.89595,1781189027632
2079556065,3,9.165,-1.4419501,-0.92700005,1781189027642
2079556075,3,9.10005,-1.3920001,-0.91200006,1781189027653
2079556085,3,9.0379505,-1.35405,-0.90000004,1781189027662
2079556095,3,8.99895,-1.32,-0.87900007,1781189027672
2079556105,3,9.021001,-1.31505,-0.87195003,1781189027682
2079556115,3,9.066,-1.31295,-0.86205006,1781189027692
2079556125,3,9.15495,-1.34895,-0.87900007,1781189027702
2079556135,3,9.241051,-1.38495,-0.89595,1781189027712
2079556145,3,9.315001,-1.404,-0.91005003,1781189027723
2079556155,3,9.35805,-1.4250001,-0.915,1781189027733
2079556166,3,9.397051,-1.44,-0.89295006,1781189027743
2079556176,3,9.418051,-1.4490001,-0.86895007,1781189027752
2079556186,3,9.415951,-1.42095,-0.83100003,1781189027763
2079556196,3,9.40905,-1.437,-0.78495,1781189027773
2079556206,3,9.411,-1.4640001,-0.74505,1781189027783
2079556216,3,9.43305,-1.4680501,-0.72795004,1781189027793
2079556226,3,9.435,-1.5000001,-0.71595,1781189027803
2079556236,3,9.403951,-1.50195,-0.69000006,1781189027813
2079556246,3,9.36795,-1.5280501,-0.68505,1781189027823
2079556256,3,9.291,-1.5280501,-0.702,1781189027833
2079556266,3,9.21195,-1.521,-0.72105,1781189027843
2079556276,3,9.165,-1.53495,-0.74505,1781189027853
2079556286,3,9.14295,-1.5520501,-0.77295005,1781189027864
2079556297,3,9.13605,-1.57605,-0.81195,1781189027874
2079556307,3,9.16005,-1.5880501,-0.87195003,1781189027884
2079556317,3,9.15705,-1.5979501,-0.87900007,1781189027894
2079556327,3,9.11205,-1.593,-0.88605005,1781189027903
2079556337,3,9.097051,-1.5690001,-0.87600005,1781189027914
2079556347,3,9.085951,-1.5330001,-0.89100003,1781189027924
2079556357,3,9.076051,-1.50195,-0.90795004,1781189027934
2079556367,3,9.069,-1.488,-0.92700005,1781189027944
2079556377,3,9.061951,-1.47105,-0.924,1781189027954
2079556387,3,9.0709505,-1.4470501,-0.94605005,1781189027964
2079556397,3,9.05895,-1.43505,-0.91695005,1781189027974
2079556407,3,9.057,-1.4110501,-0.89805007,1781189027984
2079556417,3,9.088051,-1.42305,-0.88605005,1781189027994
2079556428,3,9.153001,-1.4490001,-0.86895007,1781189028005
2079556438,3,9.250951,-1.4899501,-0.87900007,1781189028015
2079556448,3,9.394051,-1.5450001,-0.87405,1781189028025
2079556458,3,9.535951,-1.58595,-0.88395005,1781189028035
2079556468,3,9.615001,-1.6170001,-0.87405,1781189028045
2079556478,3,9.595051,-1.61205,-0.84300005,1781189028057
2079556488,3,9.519,-1.5810001,-0.78300005,1781189028065
2079556498,3,9.411,-1.5280501,-0.72795004,1781189028075
2079556508,3,9.29895,-1.4800501,-0.666,1781189028085
2079556518,3,9.19305,-1.46595,-0.61305004,1781189028097
2079556528,3,9.13095,-1.45395,-0.56805,1781189028105
2079556538,3,9.11205,-1.47105,-0.546,1781189028115
2079556548,3,9.1380005,-1.5280501,-0.58005005,1781189028126
2079556559,3,9.232051,-1.59105,-0.651,1781189028138
2079556569,3,9.295951,-1.6290001,-0.72300005,1781189028147
2079556579,3,9.33705,-1.66005,-0.79005,1781189028157
2079556589,3,9.363001,-1.6650001,-0.83295006,1781189028168
2079556599,3,9.342,-1.6620001,-0.87405,1781189028176
2079556609,3,9.282001,-1.6309501,-0.88605005,1781189028186
2079556619,3,9.17595,-1.5829501,-0.86895007,1781189028196
2079556629,3,9.076051,-1.5469501,-0.84795004,1781189028206
2079556639,3,9.01395,-1.5090001,-0.80205005,1781189028216
2079556649,3,8.96805,-1.4830501,-0.78495,1781189028231
2079556659,3,8.962951,-1.4490001,-0.75900006,1781189028238
2079556669,3,8.99205,-1.43295,-0.75405,1781189028247
2079556679,3,9.045,-1.44,-0.78300005,1781189028256
2079556689,3,9.13095,-1.46595,-0.81195,1781189028267
2079556700,3,9.208051,-1.4830501,-0.82605004,1781189028277
2079556710,3,9.282001,-1.5120001,-0.85005003,1781189028286
2079556720,3,9.33195,-1.524,-0.855,1781189028297
2079556730,3,9.373051,-1.5310501,-0.82095003,1781189028307
2079556740,3,9.403951,-1.5310501,-0.795,1781189028317
2079556750,3,9.403951,-1.53495,-0.74505,1781189028327
2079556760,3,9.39,-1.5619501,-0.71805006,1781189028338
2079556770,3,9.375,-1.5790501,-0.69000006,1781189028347
2079556780,3,9.3490505,-1.6000501,-0.67800003,1781189028357
2079556790,3,9.318001,-1.5979501,-0.66300005,1781189028367
2079556800,3,9.28905,-1.6030501,-0.67305005,1781189028377
2079556810,3,9.250951,-1.5949501,-0.65595,1781189028386
2079556820,3,9.19995,-1.5790501,-0.65400004,1781189028397
2079556831,3,9.141001,-1.5790501,-0.64395005,1781189028409
2079556841,3,9.1050005,-1.5589501,-0.64395005,1781189028419
2079556851,3,9.061951,-1.53495,-0.66105,1781189028427
2079556861,3,9.057,-1.5330001,-0.68700004,1781189028437
2079556871,3,9.05895,-1.5330001,-0.73995006,1781189028447
2079556881,3,9.1050005,-1.5330001,-0.78300005,1781189028459
2079556891,3,9.13095,-1.5330001,-0.81900007,1781189028468
2079556901,3,9.121051,-1.5139501,-0.85200006,1781189028477
2079556911,3,9.097051,-1.473,-0.84000003,1781189028489
2079556921,3,9.04695,-1.45605,-0.83805007,1781189028499
2079556931,3,9.018001,-1.4470501,-0.83805007,1781189028510
2079556941,3,9.00195,-1.4299501,-0.84000003,1781189028518
2079556951,3,9.021001,-1.41795,-0.83805007,1781189028527
2079556962,3,9.04695,-1.43295,-0.84795004,1781189028539
2079556972,3,9.10005,-1.45395,-0.84000003,1781189028549
2079556982,3,9.16905,-1.49205,-0.85005003,1781189028559
2079556992,3,9.258,-1.5310501,-0.86700004,1781189028569
2079557002,3,9.3490505,-1.5450001,-0.89100003,1781189028579
2079557012,3,9.415951,-1.57395,-0.88095003,1781189028588
2079557022,3,9.47295,-1.57605,-0.84795004,1781189028598
2079557032,3,9.50895,-1.5829501,-0.81405,1781189028608
2079557042,3,9.52095,-1.5810001,-0.78495,1781189028619
2079557052,3,9.49695,-1.57095,-0.75000006,1781189028630
2079557062,3,9.45405,-1.557,-0.70905006,1781189028638
2079557072,3,9.4140005,-1.54305,-0.68505,1781189028649
2079557082,3,9.3490505,-1.524,-0.64695,1781189028660
2079557092,3,9.27495,-1.5000001,-0.63495004,1781189028670
2079557103,3,9.21195,-1.4779501,-0.63000005,1781189028680
2079557113,3,9.1380005,-1.4470501,-0.61995006,1781189028690
2079557123,3,9.093,-1.437,-0.61305004,1781189028700
2079557133,3,9.061951,-1.4280001,-0.64695,1781189028710
2079557143,3,9.057,-1.4299501,-0.68505,1781189028720
2079557153,3,9.05895,-1.4299501,-0.72795004,1781189028730
2079557163,3,9.073951,-1.416,-0.77595,1781189028740
2079557173,3,9.1050005,-1.4130001,-0.81900007,1781189028750
2079557183,3,9.14295,-1.3990501,-0.855,1781189028760
2079557193,3,9.13605,-1.38495,-0.85995007,1781189028770
2079557203,3,9.121051,-1.3750501,-0.84000003,1781189028781
2079557213,3,9.121051,-1.3800001,-0.84000003,1781189028790
2079557223,3,9.162001,-1.38495,-0.86895007,1781189028800
2079557234,3,9.17205,-1.42095,-0.87405,1781189028811
2079557244,3,9.16905,-1.416,-0.84495,1781189028821
2079557254,3,9.2029505,-1.4250001,-0.83295006,1781189028831
2079557264,3,9.265051,-1.4610001,-0.85695004,1781189028841
2079557274,3,9.32295,-1.4830501,-0.83595,1781189028851
2079557284,3,9.34605,-1.5139501,-0.81405,1781189028861
2079557294,3,9.366,-1.5280501,-0.78495,1781189028871
2079557304,3,9.411,-1.5450001,-0.77805007,1781189028881
2079557314,3,9.46905,-1.5589501,-0.77295005,1781189028891
2079557324,3,9.46605,-1.5670501,-0.76095,1781189028901
2079557334,3,9.435,-1.5690001,-0.73995006,1781189028911
2079557344,3,9.427951,-1.54305,-0.71595,1781189028922
2079557354,3,9.4140005,-1.5469501,-0.74700004,1781189028932
2079557365,3,9.33195,-1.54005,-0.726,1781189028942
2079557375,3,9.24405,-1.50405,-0.69405,1781189028952
2079557385,3,9.14295,-1.4610001,-0.67095006,1781189028962
2079557395,3,9.05895,-1.4419501,-0.66105,1781189028971
2079557405,3,9.01095,-1.4250001,-0.67095006,1781189028982
2079557415,3,8.99505,-1.4280001,-0.702,1781189028992
2079557425,3,9.02295,-1.437,-0.735,1781189029002
2079557435,3,9.049951,-1.46595,-0.80205005,1781189029012
2079557445,3,9.088051,-1.485,-0.85995007,1781189029022
2079557455,3,9.094951,-1.50405,-0.89595,1781189029032
2079557465,3,9.0709505,-1.4800501,-0.89595,1781189029042
2079557475,3,9.01095,-1.45395,-0.90300006,1781189029052
2079557485,3,8.97795,-1.4059501,-0.87900007,1781189029062
2079557496,3,8.98995,-1.3990501,-0.86700004,1781189029072
2079557506,3,9.033,-1.43295,-0.86895007,1781189029083
2079557516,3,9.118951,-1.45905,-0.86700004,1781189029092
2079557526,3,9.229051,-1.4950501,-0.864,1781189029102
2079557536,3,9.35595,-1.54005,-0.90000004,1781189029112
2079557546,3,9.483001,-1.5949501,-0.89805007,1781189029124
2079557556,3,9.576,-1.61205,-0.915,1781189029133
2079557566,3,9.591001,-1.6459501,-0.92700005,1781189029143
2079557576,3,9.568951,-1.65795,-0.89805007,1781189029153
2079557586,3,9.516001,-1.6669501,-0.88095003,1781189029163
2079557596,3,9.471001,-1.66005,-0.82605004,1781189029173
2079557606,3,9.387,-1.65795,-0.75000006,1781189029183
2079557616,3,9.318001,-1.6500001,-0.69900006,1781189029194
2079557626,3,9.259951,-1.6099501,-0.62700003,1781189029203
2079557637,3,9.17895,-1.5979501,-0.582,1781189029214
2079557647,3,9.1050005,-1.57395,-0.56805,1781189029224
2079557657,3,9.097051,-1.5619501,-0.582,1781189029234
2079557667,3,9.118951,-1.5589501,-0.63195,1781189029244
2079557677,3,9.109051,-1.53495,-0.67995006,1781189029254
2079557687,3,9.10005,-1.5120001,-0.71595,1781189029264
2079557697,3,9.061951,-1.45395,-0.73995006,1781189029274
2079557707,3,9.02805,-1.4059501,-0.75705004,1781189029284
2079557717,3,9.01095,-1.3630501,-0.735,1781189029294
2079557727,3,9.00195,-1.3219501,-0.73800004,1781189029304
2079557737,3,8.997001,-1.284,-0.71805006,1781189029315
2079557747,3,8.99205,-1.27005,-0.71400005,1781189029324
2079557757,3,9.009001,-1.27005,-0.711,1781189029334
2079557768,3,9.045,-1.296,-0.726,1781189029345
2079557778,3,9.076051,-1.3270501,-0.72795004,1781189029354
2079557788,3,9.085951,-1.3770001,-0.75000006,1781189029365
2079557798,3,9.093,-1.41795,-0.77295005,1781189029375
2079557808,3,9.118951,-1.4779501,-0.795,1781189029385
2079557818,3,9.16905,-1.524,-0.81405,1781189029396
2079557828,3,9.220051,-1.58595,-0.79695004,1781189029405
2079557838,3,9.31305,-1.6480501,-0.81705004,1781189029415
2079557848,3,9.37005,-1.69605,-0.78795004,1781189029425
2079557858,3,9.406051,-1.725,-0.79305005,1781189029436
2079557868,3,9.430051,-1.7340001,-0.76605004,1781189029446
2079557878,3,9.45195,-1.7320501,-0.74700004,1781189029456
2079557888,3,9.4470005,-1.7200501,-0.726,1781189029467
2079557899,3,9.39,-1.7050501,-0.68205005,1781189029475
2079557909,3,9.295951,-1.6530001,-0.642,1781189029486
2079557919,3,9.229051,-1.6030501,-0.61095005,1781189029495
2079557929,3,9.14805,-1.5640501,-0.606,1781189029505
2079557939,3,9.11205,-1.5330001,-0.61305004,1781189029515
2079557949,3,9.088051,-1.5160501,-0.63195,1781189029526
2079557959,3,9.094951,-1.5190501,-0.651,1781189029536
2079557969,3,9.1050005,-1.5190501,-0.67995006,1781189029547
2079557979,3,9.126,-1.524,-0.72795004,1781189029556
2079557989,3,9.13305,-1.5259501,-0.76905006,1781189029566
2079557999,3,9.12405,-1.50405,-0.80505,1781189029576
2079558009,3,9.10005,-1.488,-0.80700004,1781189029586
2079558019,3,9.064051,-1.4830501,-0.81195,1781189029596
2079558030,3,9.066,-1.4680501,-0.78300005,1781189029606
2079558040,3,9.049951,-1.4470501,-0.76605004,1781189029616
2079558050,3,9.0400505,-1.45395,-0.75405,1781189029627
2079558060,3,9.094951,-1.46595,-0.74505,1781189029638
2079558070,3,9.162001,-1.4779501,-0.76395005,1781189029647
2079558080,3,9.27495,-1.5330001,-0.80700004,1781189029657
2079558090,3,9.403951,-1.5589501,-0.86205006,1781189029667
2079558100,3,9.49005,-1.59105,-0.89295006,1781189029677
2079558110,3,9.571951,-1.62195,-0.90495,1781189029687
2079558120,3,9.61005,-1.6459501,-0.90300006,1781189029697
2079558130,3,9.61695,-1.64295,-0.86700004,1781189029707
2079558140,3,9.604951,-1.62195,-0.81900007,1781189029717
2079558150,3,9.58395,-1.6030501,-0.76095,1781189029727
2079558160,3,9.526051,-1.5829501,-0.67995006,1781189029736
2079558171,3,9.459001,-1.5469501,-0.61995006,1781189029748
2079558181,3,9.373051,-1.5000001,-0.55995005,1781189029758
2079558191,3,9.25605,-1.4490001,-0.50100005,1781189029767
2079558201,3,9.150001,-1.3800001,-0.47400004,1781189029777
2079558211,3,9.117001,-1.33905,-0.47400004,1781189029788
2079558221,3,9.1050005,-1.31295,-0.50295,1781189029799
2079558231,3,9.082951,-1.29795,-0.55605,1781189029808
2079558241,3,9.094951,-1.26705,-0.59205,1781189029818
2079558251,3,9.05895,-1.2550501,-0.63495004,1781189029829
2079558261,3,9.0379505,-1.2600001,-0.69405,1781189029839
2079558271,3,8.98995,-1.2600001,-0.75000006,1781189029849
2079558281,3,8.962951,-1.27695,-0.80505,1781189029859
2079558291,3,8.94705,-1.3099501,-0.864,1781189029869
2079558302,3,8.950951,-1.34595,-0.93600005,1781189029878
2079558312,3,8.96805,-1.3800001,-0.98205006,1781189029888
2079558322,3,9.00195,-1.416,-1.02195,1781189029899
2079558332,3,9.042001,-1.45605,-1.0540501,1781189029909
2079558342,3,9.13305,-1.50195,-1.07295,1781189029918
2079558352,3,9.19995,-1.5499501,-1.08,1781189029928
2079558362,3,9.28695,-1.58595,-1.0870501,1781189029938
2079558372,3,9.36795,-1.6030501,-1.09695,1781189029948
2079558382,3,9.423,-1.605,-1.092,1781189029959
2079558392,3,9.50205,-1.6189501,-1.0849501,1781189029968
2079558402,3,9.576,-1.6339501,-1.06605,1781189029979
2079558412,3,9.627001,-1.6380001,-1.00605,1781189029990
2079558422,3,9.670051,-1.62405,-0.93405,1781189029999
2079558433,3,9.67905,-1.60695,-0.85005003,1781189030010
2079558443,3,9.64605,-1.57395,-0.78795004,1781189030020
2079558453,3,9.555,-1.5280501,-0.702,1781189030030
2079558463,3,9.4140005,-1.47105,-0.63000005,1781189030040
2079558473,3,9.25605,-1.41795,-0.60300004,1781189030050
2079558483,3,9.097051,-1.368,-0.582,1781189030060
2079558493,3,9.0400505,-1.35105,-0.58395004,1781189030070
2079558503,3,9.009001,-1.35405,-0.61800003,1781189030080
2079558513,3,9.009001,-1.36995,-0.66300005,1781189030090
2079558523,3,9.021001,-1.3729501,-0.71400005,1781189030100
2079558533,3,9.021001,-1.3609501,-0.77295005,1781189030110
2079558543,3,8.997001,-1.3560001,-0.83100003,1781189030120
2079558553,3,8.93505,-1.3219501,-0.83805007,1781189030131
2079558563,3,8.86005,-1.30095,-0.85695004,1781189030140
2079558574,3,8.785951,-1.27695,-0.85995007,1781189030151
2079558584,3,8.752951,-1.26495,-0.85995007,1781189030161
2079558594,3,8.755051,-1.263,-0.86700004,1781189030171
2079558604,3,8.820001,-1.30305,-0.8880001,1781189030181
2079558614,3,8.920051,-1.3630501,-0.924,1781189030191
2079558624,3,9.01605,-1.4299501,-0.9580501,1781189030201
2079558634,3,9.174001,-1.5259501,-1.0009501,1781189030211
2079558644,3,9.315001,-1.5790501,-1.0390501,1781189030223
2079558654,3,9.46605,-1.6339501,-1.0540501,1781189030231
2079558664,3,9.574051,-1.6650001,-1.06605,1781189030241
2079558674,3,9.64605,-1.6819501,-1.04595,1781189030251
2079558684,3,9.651,-1.6860001,-0.9580501,1781189030262
2079558694,3,9.591001,-1.6530001,-0.86205006,1781189030272
2079558705,3,9.519,-1.6140001,-0.76905006,1781189030282
2079558715,3,9.415951,-1.5690001,-0.67995006,1781189030292
2079558725,3,9.30105,-1.5330001,-0.62505,1781189030302
2079558735,3,9.226951,-1.5120001,-0.55605,1781189030312
2079558745,3,9.198001,-1.5090001,-0.54105,1781189030322
2079558755,3,9.165,-1.5190501,-0.54105,1781189030332
2079558765,3,9.14805,-1.5310501,-0.54795,1781189030342
2079558775,3,9.118951,-1.5330001,-0.58005005,1781189030352
2079558785,3,9.066,-1.5310501,-0.60300004,1781189030362
2079558795,3,9.018001,-1.5120001,-0.642,1781189030372
2079558805,3,8.961,-1.4800501,-0.68205005,1781189030382
2079558815,3,8.904,-1.4640001,-0.73305005,1781189030392
2079558825,3,8.86305,-1.44,-0.75705004,1781189030402
2079558836,3,8.83905,-1.452,-0.78105,1781189030413
2079558846,3,8.86995,-1.45395,-0.81405,1781189030423
2079558856,3,8.916,-1.4470501,-0.81900007,1781189030432
2079558866,3,8.97795,-1.46595,-0.855,1781189030443
2079558876,3,9.085951,-1.5330001,-0.89100003,1781189030452
2079558886,3,9.19995,-1.5520501,-0.93600005,1781189030463
2079558896,3,9.283951,-1.5829501,-0.96000004,1781189030473
2079558906,3,9.354,-1.6170001,-0.97005004,1781189030483
2079558916,3,9.406051,-1.6360501,-0.9480001,1781189030493
2079558926,3,9.45195,-1.6480501,-0.90000004,1781189030502
2079558936,3,9.4810505,-1.65795,-0.85995007,1781189030513
2079558946,3,9.523951,-1.6860001,-0.80205005,1781189030523
2079558956,3,9.559951,-1.7149501,-0.76095,1781189030533
2079558967,3,9.574051,-1.725,-0.72300005,1781189030544
2079558977,3,9.580951,-1.7580001,-0.69195,1781189030553
2079558987,3,9.531,-1.7580001,-0.65895003,1781189030564
2079558997,3,9.43995,-1.7340001,-0.62295,1781189030574
2079559007,3,9.342,-1.7149501,-0.582,1781189030584
2079559017,3,9.27705,-1.69605,-0.53400004,1781189030594
2079559027,3,9.2029505,-1.69095,-0.50505,1781189030604
2079559037,3,9.17205,-1.6789501,-0.47895002,1781189030614
2079559047,3,9.17205,-1.6890001,-0.47895002,1781189030624
2079559057,3,9.118951,-1.6819501,-0.50100005,1781189030634
2079559067,3,9.061951,-1.6789501,-0.522,1781189030644
2079559077,3,9.049951,-1.62405,-0.52395004,1781189030654
2079559087,3,9.078,-1.6099501,-0.57000005,1781189030664
2079559097,3,9.118951,-1.593,-0.60795003,1781189030675
2079559108,3,9.198001,-1.6099501,-0.651,1781189030686
2079559118,3,9.294001,-1.5979501,-0.70605004,1781189030695
2079559128,3,9.415951,-1.60695,-0.76395005,1781189030704
2079559138,3,9.50895,-1.605,-0.80895007,1781189030715
2079559148,3,9.552,-1.5690001,-0.83805007,1781189030725
2079559158,3,9.550051,-1.53495,-0.83805007,1781189030735
2079559168,3,9.5140505,-1.49205,-0.81705004,1781189030745
2079559178,3,9.42105,-1.4419501,-0.77295005,1781189030755
2079559188,3,9.373051,-1.38195,-0.74505,1781189030765
2079559198,3,9.31305,-1.3630501,-0.71805006,1781189030775
2079559208,3,9.262951,-1.3440001,-0.67305005,1781189030786
2079559218,3,9.229051,-1.33395,-0.66300005,1781189030796
2079559228,3,9.220051,-1.365,-0.64695,1781189030806
2079559239,3,9.208051,-1.3969501,-0.61305004,1781189030816
2079559249,3,9.220051,-1.43295,-0.58905005,1781189030826
2079559259,3,9.250951,-1.4640001,-0.582,1781189030836
2079559269,3,9.25605,-1.49205,-0.58005005,1781189030846
2079559279,3,9.246,-1.50705,-0.61305004,1781189030856
2079559289,3,9.24405,-1.5330001,-0.651,1781189030866
2079559299,3,9.196051,-1.5310501,-0.67800003,1781189030876
2079559309,3,9.141001,-1.521,-0.74205005,1781189030886
2079559319,3,9.073951,-1.4899501,-0.78495,1781189030896
2079559329,3,9.01095,-1.46595,-0.81195,1781189030907
2079559339,3,8.997001,-1.4610001,-0.85200006,1781189030917
2079559349,3,8.98005,-1.45395,-0.87900007,1781189030927
2079559359,3,8.92695,-1.4490001,-0.90000004,1781189030937
2079559370,3,8.887051,-1.41795,-0.94305,1781189030947
2079559380,3,8.889001,-1.41795,-0.984,1781189030957
2079559390,3,8.84805,-1.42305,-0.99600005,1781189030967
2079559400,3,8.88195,-1.4250001,-1.00995,1781189030977
2079559410,3,8.916,-1.4299501,-1.0510501,1781189030987
2079559420,3,8.98995,-1.4680501,-1.07805,1781189030997
2079559430,3,9.04695,-1.4830501,-1.1040001,1781189031007
2079559440,3,9.094951,-1.4800501,-1.11105,1781189031017
2079559450,3,9.1380005,-1.4640001,-1.1010001,1781189031027
2079559460,3,9.17595,-1.4470501,-1.0510501,1781189031037
2079559470,3,9.214951,-1.416,-0.99105006,1781189031047
2079559480,3,9.262951,-1.404,-0.93105006,1781189031057
2079559490,3,9.35595,-1.4250001,-0.90300006,1781189031068
2079559500,3,9.448951,-1.44,-0.89100003,1781189031077
2079559511,3,9.547951,-1.45395,-0.86895007,1781189031089
2079559521,3,9.576,-1.45905,-0.83295006,1781189031098
2079559531,3,9.543,-1.4490001,-0.81195,1781189031107
2079559541,3,9.44505,-1.4059501,-0.76905006,1781189031119
2079559551,3,9.315001,-1.3420501,-0.72105,1781189031127
2079559561,3,9.18795,-1.29795,-0.67800003,1781189031138
2079559571,3,9.114,-1.284,-0.651,1781189031147
2079559581,3,9.11205,-1.30095,-0.651,1781189031157
2079559591,3,9.162001,-1.3420501,-0.69405,1781189031169
2079559601,3,9.226951,-1.4059501,-0.73995006,1781189031179
2079559611,3,9.282001,-1.43505,-0.78495,1781189031187
2079559621,3,9.35805,-1.49205,-0.86700004,1781189031198
2079559631,3,9.385051,-1.5310501,-0.9480001,1781189031209
2079559642,3,9.37005,-1.55505,-1.0129501,1781189031219
2079559652,3,9.327001,-1.5280501,-1.06095,1781189031229
2079559662,3,9.21195,-1.4899501,-1.07295,1781189031239
2079559672,3,9.117001,-1.41795,-1.06095,1781189031249
2079559682,3,9.0379505,-1.3729501,-1.0180501,1781189031259
2079559692,3,9.00405,-1.3630501,-0.9580501,1781189031268
2079559702,3,8.986951,-1.3420501,-0.915,1781189031278
2079559712,3,9.00195,-1.35105,-0.87900007,1781189031289
2079559722,3,9.057,-1.34595,-0.86895007,1781189031299
2079559732,3,9.15495,-1.3800001,-0.87195003,1781189031308
2079559742,3,9.279,-1.4490001,-0.915,1781189031319
2079559752,3,9.415951,-1.50405,-0.97695005,1781189031329
2079559762,3,9.547951,-1.5640501,-1.01505,1781189031339
2079559773,3,9.59805,-1.5949501,-1.0320001,1781189031350
2079559783,3,9.588,-1.6099501,-0.9889501,1781189031360
2079559793,3,9.540001,-1.59105,-0.9289501,1781189031370
2079559803,3,9.448951,-1.5829501,-0.85995007,1781189031380
2079559813,3,9.387,-1.5810001,-0.77595,1781189031390
2079559823,3,9.354,-1.6189501,-0.69405,1781189031400
2079559833,3,9.354,-1.65795,-0.63705003,1781189031410
2079559843,3,9.35805,-1.7170501,-0.606,1781189031420
2079559853,3,9.354,-1.761,-0.60300004,1781189031430
2079559863,3,9.32505,-1.7509501,-0.615,1781189031440
2079559873,3,9.241051,-1.7680501,-0.64695,1781189031450
2079559883,3,9.16005,-1.7389501,-0.67995006,1781189031461
2079559893,3,9.088051,-1.7170501,-0.68700004,1781189031471
2079559904,3,9.0400505,-1.69095,-0.69705003,1781189031481
2079559914,3,9.018001,-1.674,-0.70395005,1781189031491
2079559924,3,9.02805,-1.6789501,-0.726,1781189031500
2079559934,3,9.02805,-1.6669501,-0.74205005,1781189031511
2079559944,3,9.057,-1.65795,-0.77805007,1781189031523
2079559954,3,9.082951,-1.6480501,-0.79695004,1781189031531
2079559964,3,9.0709505,-1.6290001,-0.84300005,1781189031541
2079559974,3,9.045,-1.605,-0.85995007,1781189031551
2079559984,3,9.0400505,-1.59105,-0.86700004,1781189031561
2079559994,3,9.0070505,-1.5670501,-0.85995007,1781189031571
2079560004,3,9.009001,-1.5589501,-0.86700004,1781189031581
2079560014,3,9.0379505,-1.57095,-0.85200006,1781189031591
2079560024,3,9.097051,-1.5979501,-0.83295006,1781189031602
2079560034,3,9.16905,-1.6380001,-0.80700004,1781189031612
2079560045,3,9.295951,-1.66005,-0.795,1781189031622
2079560055,3,9.42105,-1.7170501,-0.77805007,1781189031632
2079560065,3,9.547951,-1.761,-0.75705004,1781189031642
2079560075,3,9.604951,-1.7890501,-0.71805006,1781189031652
2079560085,3,9.61905,-1.78005,-0.66300005,1781189031662
2079560095,3,9.588,-1.7560501,-0.60795003,1781189031672
2079560105,3,9.52095,-1.72695,-0.546,1781189031682
2079560115,3,9.47295,-1.7050501,-0.47205,1781189031691
2079560125,3,9.43305,-1.6699501,-0.44295,1781189031702
2079560135,3,9.391951,-1.6699501,-0.41700003,1781189031712
2079560145,3,9.3490505,-1.6480501,-0.40695003,1781189031722
2079560155,3,9.342,-1.6380001,-0.42195,1781189031732
2079560165,3,9.366,-1.65795,-0.453,1781189031743
2079560176,3,9.354,-1.6669501,-0.48105,1781189031752
2079560186,3,9.315001,-1.65495,-0.53595,1781189031762
2079560196,3,9.25605,-1.6339501,-0.58005005,1781189031773
2079560206,3,9.17595,-1.61205,-0.61800003,1781189031782
2079560216,3,9.076051,-1.55505,-0.651,1781189031792
2079560226,3,8.98005,-1.5000001,-0.67995006,1781189031802
2079560236,3,8.887051,-1.45395,-0.69705003,1781189031813
2079560246,3,8.78895,-1.4089501,-0.68205005,1781189031823
2079560256,3,8.72595,-1.3630501,-0.68700004,1781189031833
2079560266,3,8.688001,-1.32,-0.71400005,1781189031843
2079560276,3,8.70495,-1.32,-0.735,1781189031853
2079560286,3,8.776951,-1.3249501,-0.76605004,1781189031863
2079560296,3,8.877001,-1.3369501,-0.80205005,1781189031874
2079560307,3,9.02295,-1.3770001,-0.84795004,1781189031884
2079560317,3,9.13605,-1.3939501,-0.89295006,1781189031894
2079560327,3,9.246,-1.41795,-0.92205006,1781189031903
2079560337,3,9.318001,-1.3920001,-0.9289501,1781189031914
2079560347,3,9.363001,-1.3770001,-0.91005003,1781189031924
2079560357,3,9.39,-1.3630501,-0.86205006,1781189031934
2079560367,3,9.385051,-1.38195,-0.80700004,1781189031944
2079560377,3,9.394051,-1.3800001,-0.74205005,1781189031954
2079560387,3,9.406051,-1.3939501,-0.67800003,1781189031964
2079560397,3,9.37005,-1.38705,-0.60105,1781189031974
2079560407,3,9.339001,-1.38495,-0.57000005,1781189031984
2079560417,3,9.294001,-1.365,-0.55995005,1781189031994
2079560427,3,9.250951,-1.3750501,-0.56805,1781189032004
2079560437,3,9.21195,-1.365,-0.60300004,1781189032014
2079560448,3,9.19095,-1.368,-0.63000005,1781189032025
2079560458,3,9.165,-1.36995,-0.66795003,1781189032035
2079560468,3,9.126,-1.3609501,-0.711,1781189032045
2079560478,3,9.073951,-1.34595,-0.73995006,1781189032055
2079560488,3,9.04695,-1.31505,-0.75900006,1781189032065
2079560498,3,9.03495,-1.3060501,-0.81900007,1781189032075
2079560508,3,9.0379505,-1.296,-0.84300005,1781189032086
2079560518,3,9.018001,-1.2889501,-0.87195003,1781189032095
2079560528,3,8.997001,-1.2790501,-0.91995007,1781189032105
2079560538,3,8.974951,-1.2600001,-0.96300006,1781189032116
2079560548,3,8.956051,-1.2390001,-1.0030501,1781189032126
2079560558,3,8.99505,-1.23105,-1.04205,1781189032135
2079560568,3,9.04695,-1.2240001,-1.0680001,1781189032147
2079560579,3,9.114,-1.2430501,-1.08,1781189032156
2079560589,3,9.2029505,-1.26495,-1.0819501,1781189032166
2079560599,3,9.303,-1.31295,-1.0540501,1781189032176
2079560609,3,9.415951,-1.33905,-1.02705,1781189032186
2079560619,3,9.504001,-1.365,-1.0009501,1781189032196
2079560629,3,9.576,-1.404,-0.9580501,1781189032206
2079560639,3,9.627001,-1.4299501,-0.89805007,1781189032216
2079560649,3,9.64305,-1.45605,-0.855,1781189032226
2079560659,3,9.648001,-1.452,-0.79995006,1781189032239
2079560669,3,9.603001,-1.4470501,-0.75900006,1781189032248
2079560679,3,9.535951,-1.42095,-0.726,1781189032257
2079560689,3,9.45705,-1.38705,-0.69900006,1781189032267
2079560699,3,9.387,-1.3750501,-0.68505,1781189032277
2079560710,3,9.32505,-1.3630501,-0.67995006,1781189032287
2079560720,3,9.258,-1.365,-0.67995006,1781189032297
2079560730,3,9.226951,-1.3560001,-0.69195,1781189032307
2079560740,3,9.19095,-1.3560001,-0.72105,1781189032317
2079560750,3,9.162001,-1.35405,-0.75195,1781189032327
2079560760,3,9.14805,-1.3630501,-0.77805007,1781189032337
2079560770,3,9.14505,-1.3770001,-0.83100003,1781189032347
2079560780,3,9.14805,-1.3990501,-0.89595,1781189032357
2079560790,3,9.114,-1.401,-0.93405,1781189032367
2079560800,3,9.102,-1.38495,-0.96300006,1781189032377
2079560810,3,9.085951,-1.3800001,-0.99600005,1781189032387
2079560820,3,9.094951,-1.38495,-1.0200001,1781189032397
2079560830,3,9.114,-1.4130001,-1.02495,1781189032407
2079560841,3,9.14805,-1.42305,-1.01505,1781189032419
2079560851,3,9.21195,-1.4440501,-1.0320001,1781189032429
2079560861,3,9.267,-1.4830501,-1.0489501,1781189032438
2079560871,3,9.294001,-1.4970001,-1.06305,1781189032448
2079560881,3,9.330001,-1.50705,-1.0339501,1781189032458
2079560891,3,9.379951,-1.5090001,-0.99105006,1781189032468
2079560901,3,9.411,-1.5520501,-0.9580501,1781189032480
2079560911,3,9.43305,-1.5520501,-0.89595,1781189032489
2079560921,3,9.4470005,-1.5520501,-0.83805007,1781189032497
2079560931,3,9.42105,-1.5520501,-0.75195,1781189032507
2079560941,3,9.397051,-1.53495,-0.69705003,1781189032517
2079560951,3,9.361051,-1.5259501,-0.64395005,1781189032528
2079560961,3,9.283951,-1.50705,-0.59400004,1781189032539
2079560971,3,9.241051,-1.488,-0.57495004,1781189032547
2079560982,3,9.220051,-1.4610001,-0.57195,1781189032559
2079560992,3,9.19305,-1.473,-0.59400004,1781189032569
2079561002,3,9.19095,-1.47105,-0.63000005,1781189032578
2079561012,3,9.18105,-1.4899501,-0.67095006,1781189032589
2079561022,3,9.19305,-1.4830501,-0.71805006,1781189032600
2079561032,3,9.18105,-1.4899501,-0.75705004,1781189032608
2079561042,3,9.1380005,-1.4830501,-0.78105,1781189032618
2079561052,3,9.093,-1.4830501,-0.82095003,1781189032628
2079561062,3,9.052051,-1.46595,-0.83100003,1781189032638
2079561072,3,9.052051,-1.45605,-0.84795004,1781189032649
2079561082,3,9.057,-1.45395,-0.85200006,1781189032658
2079561092,3,9.057,-1.4640001,-0.86205006,1781189032669
2079561102,3,9.117001,-1.46595,-0.88095003,1781189032681
2079561113,3,9.21,-1.50705,-0.90300006,1781189032691
2079561123,3,9.29895,-1.53795,-0.92700005,1781189032700
2079561133,3,9.339001,-1.5619501,-0.94095004,1781189032711
2079561143,3,9.4140005,-1.5619501,-0.94605005,1781189032720
2079561153,3,9.47805,-1.605,-0.94305,1781189032730
2079561163,3,9.50895,-1.6360501,-0.924,1781189032740
2079561173,3,9.507001,-1.6339501,-0.89595,1781189032750
2079561183,3,9.50205,-1.6309501,-0.82605004,1781189032761
2079561193,3,9.483001,-1.6030501,-0.78105,1781189032770
2079561203,3,9.45195,-1.6140001,-0.72795004,1781189032780
2079561213,3,9.39,-1.61205,-0.67305005,1781189032791
2079561223,3,9.31995,-1.59105,-0.61305004,1781189032800
2079561233,3,9.259951,-1.57395,-0.56805,1781189032810
2079561244,3,9.20505,-1.5790501,-0.55095005,1781189032821
2079561254,3,9.15495,-1.5589501,-0.55095005,1781189032831
2079561264,3,9.10005,-1.55505,-0.55305004,1781189032841
2079561274,3,9.057,-1.54305,-0.56295,1781189032851
2079561284,3,9.02595,-1.54005,-0.58005005,1781189032861
2079561294,3,9.02295,-1.5310501,-0.62295,1781189032871
2079561304,3,9.01395,-1.524,-0.67800003,1781189032881
2079561314,3,9.021001,-1.524,-0.711,1781189032891
2079561324,3,9.045,-1.5090001,-0.76095,1781189032901
2079561334,3,9.097051,-1.5160501,-0.82395005,1781189032911
2079561344,3,9.121051,-1.5090001,-0.86895007,1781189032921
2079561354,3,9.15705,-1.50405,-0.91005003,1781189032931
2079561364,3,9.17895,-1.4899501,-0.93405,1781189032942
2079561374,3,9.20505,-1.49205,-0.9670501,1781189032952
2079561385,3,9.208051,-1.47105,-0.96495,1781189032962
2079561395,3,9.17595,-1.43505,-0.93405,1781189032972
2079561405,3,9.14295,-1.42305,-0.90300006,1781189032982
2079561415,3,9.13095,-1.42095,-0.87195003,1781189032992
2079561425,3,9.162001,-1.4280001,-0.84495,1781189033002
2079561435,3,9.214951,-1.45605,-0.80700004,1781189033012
2079561445,3,9.27,-1.50705,-0.77805007,1781189033022
2079561455,3,9.33495,-1.53795,-0.75705004,1781189033032
2079561465,3,9.378,-1.5829501,-0.75900006,1781189033042
2079561475,3,9.385051,-1.58595,-0.75705004,1781189033052
2079561485,3,9.34605,-1.57605,-0.74205005,1781189033062
2079561495,3,9.330001,-1.5589501,-0.73005,1781189033072
2079561505,3,9.295951,-1.5450001,-0.726,1781189033082
2079561516,3,9.23595,-1.5259501,-0.67995006,1781189033093
2079561526,3,9.174001,-1.50405,-0.63705003,1781189033102
2079561536,3,9.109051,-1.488,-0.62700003,1781189033113
2079561546,3,9.045,-1.45605,-0.62295,1781189033123
2079561556,3,9.00405,-1.4440501,-0.62700003,1781189033133
2079561566,3,8.997001,-1.452,-0.651,1781189033143
2079561576,3,8.997001,-1.452,-0.67995006,1781189033155
2079561586,3,9.0070505,-1.4419501,-0.72105,1781189033163
2079561596,3,9.018001,-1.437,-0.77295005,1781189033174
2079561606,3,9.02595,-1.437,-0.82605004,1781189033183
2079561616,3,9.01095,-1.4110501,-0.82095003,1781189033193
2079561626,3,9.00405,-1.3750501,-0.82395005,1781189033203
2079561636,3,9.01095,-1.365,-0.80895007,1781189033214
2079561647,3,9.049951,-1.3560001,-0.82395005,1781189033223
2079561657,3,9.106951,-1.3729501,-0.82395005,1781189033234
2079561667,3,9.16695,-1.38705,-0.84795004,1781189033244
2079561677,3,9.24405,-1.416,-0.88605005,1781189033253
2079561687,3,9.31995,-1.42305,-0.89100003,1781189033264
2079561697,3,9.402,-1.452,-0.88605005,1781189033274
2079561707,3,9.47595,-1.4640001,-0.86700004,1781189033284
2079561717,3,9.523951,-1.45395,-0.82605004,1781189033294
2079561727,3,9.58605,-1.4610001,-0.78795004,1781189033304
2079561737,3,9.65505,-1.473,-0.75000006,1781189033314
2079561747,3,9.66705,-1.473,-0.69195,1781189033324
2079561757,3,9.61695,-1.4830501,-0.66105,1781189033335
2079561767,3,9.538051,-1.45905,-0.60795003,1781189033345
2079561778,3,9.399,-1.4130001,-0.57000005,1781189033355
2079561788,3,9.291,-1.36995,-0.54105,1781189033366
2079561798,3,9.196051,-1.3609501,-0.546,1781189033375
2079561808,3,9.118951,-1.33905,-0.56505,1781189033385
2079561818,3,9.076051,-1.34595,-0.58395004,1781189033395
2079561828,3,9.094951,-1.3729501,-0.62295,1781189033404
2079561838,3,9.121051,-1.401,-0.675,1781189033415
2079561848,3,9.184051,-1.4299501,-0.75000006,1781189033425
2079561858,3,9.25605,-1.452,-0.83100003,1781189033435
2079561868,3,9.318001,-1.47105,-0.92205006,1781189033445
2079561878,3,9.291,-1.46595,-0.96300006,1781189033456
2079561888,3,9.208051,-1.41795,-0.99600005,1781189033465
2079561898,3,9.10005,-1.36995,-0.95295006,1781189033475
2079561908,3,8.98995,-1.30305,-0.93600005,1781189033486
2079561919,3,8.904,-1.263,-0.89805007,1781189033496
2079561929,3,8.88195,-1.23105,-0.89295006,1781189033506
2079561939,3,8.88,-1.2360001,-0.86895007,1781189033516
2079561949,3,8.901,-1.2529501,-0.88095003,1781189033525
2079561959,3,8.929951,-1.284,-0.89100003,1781189033535
2079561969,3,8.985001,-1.30095,-0.90300006,1781189033547
2079561979,3,9.02805,-1.3270501,-0.90795004,1781189033556
2079561989,3,9.117001,-1.3440001,-0.89295006,1781189033567
2079561999,3,9.222,-1.4089501,-0.86700004,1781189033576
2079562009,3,9.30105,-1.4250001,-0.81405,1781189033587
2079562019,3,9.339001,-1.45605,-0.771,1781189033597
2079562029,3,9.411,-1.5090001,-0.72795004,1781189033606
2079562039,3,9.4470005,-1.5520501,-0.75705004,1781189033617
2079562050,3,9.435,-1.557,-0.78105,1781189033627
2079562060,3,9.4140005,-1.57605,-0.81900007,1781189033637
2079562070,3,9.3820505,-1.605,-0.84300005,1781189033647
2079562080,3,9.351001,-1.6140001,-0.87600005,1781189033657
2079562090,3,9.32505,-1.6360501,-0.90495,1781189033667
2079562100,3,9.259951,-1.6459501,-0.915,1781189033677
2079562110,3,9.19305,-1.6530001,-0.92205006,1781189033687
2079562120,3,9.14505,-1.6530001,-0.92700005,1781189033697
2079562130,3,9.118951,-1.6669501,-0.94095004,1781189033707
2079562140,3,9.13095,-1.6650001,-0.97005004,1781189033717
2079562150,3,9.174001,-1.6789501,-1.0200001,1781189033727
2079562160,3,9.208051,-1.69305,-1.06605,1781189033736
2079562170,3,9.23595,-1.6530001,-1.0870501,1781189033746
2079562181,3,9.234,-1.60695,-1.0819501,1781189033757
2079562191,3,9.232051,-1.54305,-1.0320001,1781189033769
2079562201,3,9.220051,-1.47105,-0.98205006,1781189033779
2079562211,3,9.19095,-1.42305,-0.90495,1781189033787
2079562221,3,9.196051,-1.38195,-0.84300005,1781189033798
2079562231,3,9.226951,-1.3729501,-0.79005,1781189033807
2079562241,3,9.31995,-1.404,-0.75900006,1781189033819
2079562251,3,9.435,-1.4779501,-0.75405,1781189033829
2079562261,3,9.556951,-1.5469501,-0.77595,1781189033837
2079562271,3,9.639001,-1.61205,-0.78495,1781189033849
2079562281,3,9.615001,-1.6500001,-0.79695004,1781189033859
2079562291,3,9.568951,-1.6699501,-0.75900006,1781189033869
2079562301,3,9.483001,-1.6620001,-0.70905006,1781189033878
2079562312,3,9.385051,-1.6530001,-0.64395005,1781189033889
2079562322,3,9.265051,-1.6530001,-0.57495004,1781189033898
2079562332,3,9.16005,-1.65495,-0.50295,1781189033909
2079562342,3,9.09,-1.66005,-0.46695003,1781189033919
2079562352,3,9.02295,-1.65495,-0.46500003,1781189033927
2079562362,3,8.98995,-1.6699501,-0.48600003,1781189033940
2079562372,3,8.97795,-1.6819501,-0.55605,1781189033948
2079562382,3,9.00195,-1.713,-0.60300004,1781189033958
2079562392,3,9.042001,-1.7320501,-0.70605004,1781189033968
2079562402,3,9.081,-1.7490001,-0.771,1781189033978
2079562412,3,9.126,-1.7410501,-0.82395005,1781189033988
2079562422,3,9.162001,-1.72695,-0.864,1781189033998
2079562432,3,9.232051,-1.7200501,-0.86895007,1781189034010
2079562442,3,9.33495,-1.713,-0.87900007,1781189034020
2079562453,3,9.424951,-1.6890001,-0.86700004,1781189034030
2079562463,3,9.507001,-1.6669501,-0.85995007,1781189034040
2079562473,3,9.535951,-1.6309501,-0.86700004,1781189034050
2079562483,3,9.562051,-1.5670501,-0.83805007,1781189034060
2079562493,3,9.531,-1.488,-0.84495,1781189034070
2079562503,3,9.46905,-1.4089501,-0.82395005,1781189034080
2079562513,3,9.399,-1.3420501,-0.80700004,1781189034090
2079562523,3,9.291,-1.2940501,-0.76095,1781189034100
2079562533,3,9.19095,-1.2550501,-0.70395005,1781189034110
2079562543,3,9.150001,-1.2409501,-0.64905006,1781189034120
2079562553,3,9.129001,-1.26495,-0.615,1781189034130
2079562563,3,9.14295,-1.32,-0.60300004,1781189034140
2079562573,3,9.15705,-1.3770001,-0.606,1781189034150
2079562584,3,9.1380005,-1.416,-0.60795003,1781189034161
2079562594,3,9.114,-1.45395,-0.61305004,1781189034171
2079562604,3,9.0709505,-1.4779501,-0.615,1781189034181
2079562614,3,9.00195,-1.4950501,-0.62505,1781189034191
2079562624,3,8.974951,-1.50705,-0.651,1781189034201
2079562634,3,8.961,-1.5190501,-0.67995006,1781189034211
2079562644,3,8.97795,-1.54305,-0.73005,1781189034221
2079562654,3,9.018001,-1.5520501,-0.76395005,1781189034232
2079562664,3,9.052051,-1.5520501,-0.80205005,1781189034242
2079562674,3,9.097051,-1.5330001,-0.84300005,1781189034251
2079562684,3,9.150001,-1.49205,-0.88395005,1781189034262
2079562694,3,9.18105,-1.4779501,-0.89595,1781189034271
2079562704,3,9.20505,-1.4250001,-0.90795004,1781189034282
2079562715,3,9.21,-1.4130001,-0.89595,1781189034292
2079562725,3,9.232051,-1.401,-0.91995007,1781189034302
2079562735,3,9.222,-1.3920001,-0.90300006,1781189034312
2079562745,3,9.196051,-1.38705,-0.91200006,1781189034322
2079562755,3,9.17595,-1.3990501,-0.93105006,1781189034332
2079562765,3,9.13305,-1.3969501,-0.96000004,1781189034342
2079562775,3,9.082951,-1.38705,-0.98205006,1781189034352
2079562785,3,9.049951,-1.3729501,-0.9889501,1781189034362
2079562795,3,9.04695,-1.38705,-0.97905004,1781189034372
2079562805,3,9.057,-1.38705,-0.95295006,1781189034382
2079562815,3,9.097051,-1.3939501,-0.90300006,1781189034392
2079562825,3,9.13605,-1.4110501,-0.85200006,1781189034402
2079562835,3,9.16005,-1.38705,-0.79005,1781189034413
2079562845,3,9.226951,-1.3630501,-0.75705004,1781189034423
2079562856,3,9.27495,-1.3630501,-0.71805006,1781189034433
2079562866,3,9.295951,-1.3560001,-0.68205005,1781189034443
2079562876,3,9.306001,-1.35405,-0.66795003,1781189034452
2079562886,3,9.31305,-1.34895,-0.64905006,1781189034462
2079562896,3,9.283951,-1.31505,-0.64905006,1781189034474
2079562906,3,9.217051,-1.29795,-0.61800003,1781189034483
2079562916,3,9.17595,-1.30095,-0.61995006,1781189034493
2079562926,3,9.126,-1.3080001,-0.642,1781189034502
2079562936,3,9.085951,-1.30305,-0.64905006,1781189034513
2079562946,3,9.0709505,-1.3219501,-0.675,1781189034523
2079562956,3,9.1050005,-1.3369501,-0.72795004,1781189034533
2079562966,3,9.15495,-1.3800001,-0.77805007,1781189034543
2079562976,3,9.18105,-1.401,-0.81405,1781189034553
2079562987,3,9.198001,-1.43505,-0.86895007,1781189034564
2079562997,3,9.196051,-1.46595,-0.94305,1781189034574
2079563007,3,9.15705,-1.4610001,-0.99405,1781189034584
2079563017,3,9.13605,-1.44,-1.04595,1781189034594
2079563027,3,9.14295,-1.41795,-1.06605,1781189034603
2079563037,3,9.129001,-1.404,-1.06095,1781189034614
2079563047,3,9.109051,-1.41795,-1.044,1781189034624
2079563057,3,9.11205,-1.4110501,-0.99105006,1781189034634
2079563067,3,9.13305,-1.42095,-0.95100003,1781189034644
2079563077,3,9.184051,-1.43295,-0.93600005,1781189034654
2079563087,3,9.25605,-1.4419501,-0.92205006,1781189034664
2079563097,3,9.31305,-1.4680501,-0.90795004,1781189034674
2079563107,3,9.354,-1.4830501,-0.90795004,1781189034686
2079563118,3,9.39,-1.47105,-0.87900007,1781189034695
2079563128,3,9.424951,-1.4640001,-0.82605004,1781189034705
2079563138,3,9.46605,-1.473,-0.77805007,1781189034715
2079563148,3,9.504001,-1.4970001,-0.72795004,1781189034724
2079563158,3,9.519,-1.50405,-0.68205005,1781189034735
2079563168,3,9.555,-1.5139501,-0.63900006,1781189034745
2079563178,3,9.574051,-1.5280501,-0.63705003,1781189034755
2079563188,3,9.531,-1.54005,-0.63495004,1781189034764
2079563198,3,9.45195,-1.5310501,-0.63000005,1781189034775
2079563208,3,9.35595,-1.50405,-0.64695,1781189034785
2079563218,3,9.27705,-1.5000001,-0.67305005,1781189034796
2079563228,3,9.253051,-1.50705,-0.70395005,1781189034806
2079563238,3,9.259951,-1.5259501,-0.73800004,1781189034816
2079563249,3,9.28695,-1.5589501,-0.75705004,1781189034826
2079563259,3,9.327001,-1.5810001,-0.79695004,1781189034836
2079563269,3,9.361051,-1.6000501,-0.82095003,1781189034846
2079563279,3,9.32505,-1.5790501,-0.85200006,1781189034856
2079563289,3,9.29895,-1.5589501,-0.87600005,1781189034866
2079563299,3,9.241051,-1.54005,-0.89805007,1781189034876
2079563309,3,9.17895,-1.5139501,-0.87405,1781189034886
2079563319,3,9.15705,-1.5090001,-0.84000003,1781189034896
2079563329,3,9.16695,-1.5190501,-0.82095003,1781189034906
2079563339,3,9.19095,-1.54005,-0.81405,1781189034917
2079563349,3,9.19305,-1.5450001,-0.82095003,1781189034927
2079563359,3,9.22395,-1.5450001,-0.83100003,1781189034937
2079563369,3,9.241051,-1.557,-0.87405,1781189034948
2079563379,3,9.27,-1.57395,-0.90300006,1781189034957
2079563390,3,9.31305,-1.6030501,-0.95505005,1781189034967
2079563400,3,9.35595,-1.6290001,-0.94605005,1781189034977
2079563410,3,9.363001,-1.6459501,-0.91200006,1781189034987
2079563420,3,9.366,-1.64295,-0.86895007,1781189034997
2079563430,3,9.351001,-1.6339501,-0.81405,1781189035007
2079563440,3,9.28695,-1.6140001,-0.74505,1781189035017
2079563450,3,9.22395,-1.5880501,-0.67305005,1781189035027
2079563460,3,9.16005,-1.55505,-0.63900006,1781189035038
2079563470,3,9.18105,-1.55505,-0.61995006,1781189035047
2079563480,3,9.196051,-1.55505,-0.615,1781189035057
2079563490,3,9.196051,-1.5310501,-0.61995006,1781189035067
2079563500,3,9.184051,-1.5259501,-0.59595,1781189035077
2079563510,3,9.18795,-1.5120001,-0.61305004,1781189035088
2079563521,3,9.16905,-1.4899501,-0.61095005,1781189035099
2079563531,3,9.150001,-1.45605,-0.642,1781189035107
2079563541,3,9.1380005,-1.43505,-0.65895003,1781189035119
2079563551,3,9.153001,-1.42305,-0.69705003,1781189035127
2079563561,3,9.165,-1.42305,-0.74505,1781189035139
2079563571,3,9.162001,-1.4299501,-0.78495,1781189035149
2079563581,3,9.13605,-1.3969501,-0.79995006,1781189035159
2079563591,3,9.126,-1.389,-0.81900007,1781189035167
2079563601,3,9.1050005,-1.3609501,-0.82905006,1781189035179
2079563611,3,9.106951,-1.35105,-0.83595,1781189035189
2079563621,3,9.129001,-1.368,-0.81900007,1781189035197
2079563631,3,9.162001,-1.38705,-0.84300005,1781189035209
2079563641,3,9.222,-1.4110501,-0.83295006,1781189035219
2079563652,3,9.27495,-1.43295,-0.85695004,1781189035229
2079563662,3,9.28695,-1.45605,-0.86205006,1781189035240
2079563672,3,9.283951,-1.45395,-0.864,1781189035250
2079563682,3,9.25605,-1.452,-0.84000003,1781189035258
2079563692,3,9.196051,-1.4440501,-0.80700004,1781189035267
2079563702,3,9.14505,-1.43295,-0.78300005,1781189035279
2079563712,3,9.064051,-1.4250001,-0.76395005,1781189035290
2079563722,3,9.01095,-1.4280001,-0.74505,1781189035299
2079563732,3,8.961,-1.4280001,-0.73800004,1781189035309
2079563742,3,8.93505,-1.4490001,-0.75000006,1781189035319
2079563752,3,8.956051,-1.473,-0.76395005,1781189035330
2079563762,3,8.98305,-1.50195,-0.80895007,1781189035338
2079563772,3,9.00195,-1.524,-0.85200006,1781189035350
2079563782,3,9.049951,-1.5280501,-0.89295006,1781189035359
2079563793,3,9.097051,-1.5499501,-0.91005003,1781189035370
2079563803,3,9.126,-1.5790501,-0.93900007,1781189035380
2079563813,3,9.16005,-1.6030501,-0.96000004,1781189035390
2079563823,3,9.174001,-1.58595,-0.96000004,1781189035400
2079563833,3,9.19095,-1.593,-0.94095004,1781189035410
2079563843,3,9.16695,-1.5670501,-0.915,1781189035420
2079563853,3,9.141001,-1.557,-0.864,1781189035430
2079563863,3,9.141001,-1.524,-0.83295006,1781189035441
2079563873,3,9.15495,-1.5090001,-0.81705004,1781189035451
2079563883,3,9.21,-1.4899501,-0.80205005,1781189035462
2079563893,3,9.250951,-1.5090001,-0.79995006,1781189035471
2079563903,3,9.318001,-1.524,-0.795,1781189035481
2079563913,3,9.394051,-1.54305,-0.82095003,1781189035491
2079563924,3,9.49005,-1.5670501,-0.84795004,1781189035500
2079563934,3,9.556951,-1.6030501,-0.86205006,1781189035511
2079563944,3,9.591001,-1.6030501,-0.85005003,1781189035520
2079563954,3,9.568951,-1.5790501,-0.80895007,1781189035531
2079563964,3,9.526051,-1.55505,-0.75000006,1781189035541
2079563974,3,9.459001,-1.524,-0.69900006,1781189035551
2079563984,3,9.36795,-1.4779501,-0.642,1781189035561
2079563994,3,9.282001,-1.4490001,-0.59595,1781189035571
2079564004,3,9.19095,-1.42095,-0.56505,1781189035581
2079564014,3,9.106951,-1.389,-0.56505,1781189035591
2079564024,3,9.066,-1.365,-0.59895,1781189035601
2079564034,3,9.042001,-1.365,-0.62505,1781189035611
2079564044,3,9.0400505,-1.3770001,-0.66795003,1781189035622
2079564055,3,9.05895,-1.368,-0.702,1781189035632
2079564065,3,9.114,-1.3800001,-0.726,1781189035642
2079564075,3,9.165,-1.389,-0.75705004,1781189035652
2079564085,3,9.174001,-1.3800001,-0.77595,1781189035662
2079564095,3,9.17595,-1.3609501,-0.79995006,1781189035672
2079564105,3,9.15705,-1.3560001,-0.78300005,1781189035682
2079564115,3,9.150001,-1.3270501,-0.78795004,1781189035692
2079564125,3,9.15495,-1.3300501,-0.78300005,1781189035702
2079564135,3,9.15705,-1.34895,-0.78300005,1781189035711
2079564145,3,9.18105,-1.35405,-0.80505,1781189035721
2079564155,3,9.226951,-1.3800001,-0.82905006,1781189035733
2079564165,3,9.25605,-1.3990501,-0.81195,1781189035742
2079564175,3,9.271951,-1.42305,-0.80505,1781189035752
2079564186,3,9.30795,-1.452,-0.80700004,1781189035763
2079564196,3,9.339001,-1.47105,-0.81405,1781189035773
2079564206,3,9.339001,-1.488,-0.82095003,1781189035783
2079564216,3,9.342,-1.485,-0.79695004,1781189035793
2079564226,3,9.330001,-1.5000001,-0.80895007,1781189035802
2079564236,3,9.31995,-1.50705,-0.78795004,1781189035813
2079564246,3,9.262951,-1.4830501,-0.78495,1781189035823
2079564256,3,9.226951,-1.4640001,-0.71805006,1781189035833
2079564266,3,9.186001,-1.4470501,-0.69195,1781189035843
2079564276,3,9.17205,-1.4299501,-0.66795003,1781189035853
2079564286,3,9.14295,-1.42305,-0.66300005,1781189035863
2079564296,3,9.13095,-1.401,-0.66795003,1781189035873
2079564306,3,9.126,-1.404,-0.69000006,1781189035883
2079564316,3,9.129001,-1.38195,-0.74205005,1781189035894
2079564327,3,9.11205,-1.3729501,-0.77295005,1781189035903
2079564337,3,9.106951,-1.3609501,-0.80205005,1781189035914
2079564347,3,9.10005,-1.35105,-0.81405,1781189035924
2079564357,3,9.102,-1.33905,-0.80895007,1781189035934
2079564367,3,9.102,-1.3270501,-0.80895007,1781189035944
2079564377,3,9.13095,-1.31805,-0.80700004,1781189035954
2079564387,3,9.15495,-1.3249501,-0.80505,1781189035965
2079564397,3,9.17895,-1.34595,-0.82095003,1781189035974
2079564407,3,9.208051,-1.34595,-0.83805007,1781189035984
2079564417,3,9.241051,-1.36995,-0.82905006,1781189035994
2079564427,3,9.226951,-1.3630501,-0.83100003,1781189036004
2079564437,3,9.226951,-1.3729501,-0.83100003,1781189036014
2079564447,3,9.24405,-1.389,-0.79995006,1781189036025
2079564458,3,9.282001,-1.3969501,-0.78105,1781189036035
2079564468,3,9.330001,-1.4470501,-0.78300005,1781189036045
2079564478,3,9.354,-1.4680501,-0.79005,1781189036055
2079564488,3,9.40905,-1.4680501,-0.78795004,1781189036065
2079564498,3,9.435,-1.5000001,-0.795,1781189036075
2079564508,3,9.430051,-1.4800501,-0.78495,1781189036085
2079564518,3,9.397051,-1.4680501,-0.75405,1781189036095
2079564528,3,9.32295,-1.4250001,-0.72300005,1781189036105
2079564538,3,9.253051,-1.42095,-0.70905006,1781189036115
2079564548,3,9.19305,-1.3990501,-0.69195,1781189036125
2079564558,3,9.153001,-1.38495,-0.69405,1781189036136
2079564568,3,9.16005,-1.3990501,-0.72300005,1781189036146
2079564578,3,9.141001,-1.404,-0.76095,1781189036155
2079564589,3,9.117001,-1.3770001,-0.78495,1781189036166
2079564599,3,9.094951,-1.3630501,-0.80505,1781189036176
2079564609,3,9.073951,-1.3609501,-0.85695004,1781189036187
2079564619,3,9.11205,-1.368,-0.87900007,1781189036196
2079564629,3,9.162001,-1.38495,-0.90300006,1781189036206
2079564639,3,9.19095,-1.4250001,-0.92205006,1781189036216
2079564649,3,9.229051,-1.43295,-0.94305,1781189036226
2079564659,3,9.253051,-1.4419501,-0.96495,1781189036237
2079564669,3,9.246,-1.45605,-0.96000004,1781189036246
2079564679,3,9.234,-1.4470501,-0.94095004,1781189036256
2079564689,3,9.229051,-1.46595,-0.92700005,1781189036267
2079564699,3,9.229051,-1.49205,-0.90300006,1781189036277
2079564709,3,9.283951,-1.5190501,-0.89595,1781189036286
2079564719,3,9.32295,-1.5330001,-0.90495,1781189036297
2079564730,3,9.339001,-1.5640501,-0.89805007,1781189036307
2079564740,3,9.373051,-1.58595,-0.91200006,1781189036317
2079564750,3,9.399,-1.61205,-0.93105006,1781189036327
2079564760,3,9.39,-1.6170001,-0.94605005,1781189036338
2079564770,3,9.375,-1.6140001,-0.94095004,1781189036347
2079564780,3,9.34605,-1.6099501,-0.92700005,1781189036357
2079564790,3,9.29895,-1.5979501,-0.89595,1781189036368
2079564800,3,9.23595,-1.593,-0.85695004,1781189036377
2079564810,3,9.16695,-1.5690001,-0.82605004,1781189036387
2079564820,3,9.129001,-1.5690001,-0.81405,1781189036397
2079564830,3,9.081,-1.557,-0.79995006,1781189036407
2079564840,3,9.094951,-1.5810001,-0.80700004,1781189036417
2079564850,3,9.14505,-1.593,-0.82605004,1781189036427
2079564861,3,9.184051,-1.60695,-0.88095003,1781189036438
2079564871,3,9.232051,-1.61205,-0.90300006,1781189036449
2079564881,3,9.282001,-1.6140001,-0.91200006,1781189036458
2079564891,3,9.30105,-1.6170001,-0.93900007,1781189036468
2079564901,3,9.28695,-1.57605,-0.91995007,1781189036477
2079564911,3,9.27495,-1.5690001,-0.915,1781189036487
2079564921,3,9.23595,-1.5790501,-0.90795004,1781189036498
2079564931,3,9.208051,-1.5589501,-0.89805007,1781189036509
2079564941,3,9.18105,-1.5619501,-0.88605005,1781189036517
2079564951,3,9.141001,-1.5589501,-0.85005003,1781189036529
2079564961,3,9.13305,-1.57395,-0.84495,1781189036539
2079564971,3,9.14805,-1.5829501,-0.83295006,1781189036549
2079564981,3,9.18795,-1.60695,-0.83295006,1781189036559
2079564992,3,9.23595,-1.6380001,-0.84000003,1781189036569
2079565002,3,9.262951,-1.6500001,-0.83805007,1781189036579
2079565012,3,9.27495,-1.65795,-0.82395005,1781189036589
2079565022,3,9.271951,-1.6500001,-0.77805007,1781189036599
2079565032,3,9.27,-1.6360501,-0.75195,1781189036607
2079565042,3,9.258,-1.6189501,-0.71595,1781189036618
2079565052,3,9.226951,-1.593,-0.66795003,1781189036628
2079565062,3,9.2029505,-1.57605,-0.651,1781189036638
2079565072,3,9.18795,-1.5520501,-0.65400004,1781189036649
2079565082,3,9.153001,-1.5259501,-0.64905006,1781189036659
2079565092,3,9.16005,-1.524,-0.666,1781189036669
2079565102,3,9.17895,-1.521,-0.67800003,1781189036678
2079565112,3,9.165,-1.50705,-0.68205005,1781189036689
2079565123,3,9.16005,-1.47105,-0.65595,1781189036699
2079565133,3,9.14505,-1.46595,-0.63705003,1781189036710
2079565143,3,9.118951,-1.45905,-0.62700003,1781189036720
2079565153,3,9.109051,-1.4440501,-0.65895003,1781189036730
2079565163,3,9.069,-1.4130001,-0.64695,1781189036740
2079565173,3,9.069,-1.4059501,-0.65595,1781189036751
2079565183,3,9.0709505,-1.41795,-0.66795003,1781189036760
2079565193,3,9.082951,-1.416,-0.68505,1781189036769
2079565203,3,9.094951,-1.43505,-0.70605004,1781189036780
2079565213,3,9.094951,-1.416,-0.726,1781189036790
2079565223,3,9.118951,-1.4059501,-0.735,1781189036800
2079565233,3,9.141001,-1.41795,-0.74205005,1781189036810
2079565243,3,9.186001,-1.42095,-0.77295005,1781189036820
2079565253,3,9.234,-1.3990501,-0.78495,1781189036831
2079565264,3,9.246,-1.42305,-0.76095,1781189036840
2079565274,3,9.250951,-1.4419501,-0.75705004,1781189036851
2079565284,3,9.283951,-1.4130001,-0.73800004,1781189036861
2079565294,3,9.327001,-1.42305,-0.72105,1781189036871
2079565304,3,9.34395,-1.4299501,-0.69705003,1781189036881
2079565314,3,9.339001,-1.43505,-0.67095006,1781189036891
2079565324,3,9.33495,-1.437,-0.66105,1781189036901
2079565334,3,9.283951,-1.41795,-0.63195,1781189036911
2079565344,3,9.234,-1.3939501,-0.59205,1781189036921
2079565354,3,9.19305,-1.3750501,-0.57000005,1781189036931
2079565364,3,9.162001,-1.3609501,-0.55995005,1781189036942
2079565374,3,9.14295,-1.36995,-0.55605,1781189036952
2079565384,3,9.14805,-1.3609501,-0.57000005,1781189036962
2079565395,3,9.153001,-1.3579501,-0.59205,1781189036971
2079565405,3,9.18105,-1.3560001,-0.59205,1781189036981
2079565415,3,9.241051,-1.3560001,-0.651,1781189036992
2079565425,3,9.279,-1.35105,-0.675,1781189037002
2079565435,3,9.306001,-1.3300501,-0.70605004,1781189037012
2079565445,3,9.34395,-1.31505,-0.73005,1781189037022
2079565455,3,9.34605,-1.31505,-0.78105,1781189037032
2079565465,3,9.291,-1.2910501,-0.77805007,1781189037042
2079565475,3,9.220051,-1.251,-0.76395005,1781189037052
2079565485,3,9.16695,-1.23405,-0.75705004,1781189037062
2079565495,3,9.117001,-1.2270001,-0.72300005,1781189037072
2079565505,3,9.078,-1.22895,-0.71805006,1781189037082
2079565515,3,9.093,-1.2270001,-0.71400005,1781189037092
2079565526,3,9.153001,-1.2600001,-0.726,1781189037102
2079565536,3,9.217051,-1.29795,-0.73005,1781189037113
2079565546,3,9.31305,-1.32,-0.771,1781189037122
2079565556,3,9.378,-1.35105,-0.81900007,1781189037133
2079565566,3,9.397051,-1.365,-0.84795004,1781189037153
2079565576,3,9.415951,-1.36995,-0.87600005,1781189037153
2079565586,3,9.430051,-1.34895,-0.90495,1781189037163
2079565596,3,9.403951,-1.3560001,-0.90000004,1781189037173
2079565606,3,9.39,-1.35105,-0.87405,1781189037183
2079565616,3,9.366,-1.3560001,-0.855,1781189037193
2079565626,3,9.33495,-1.35105,-0.82905006,1781189037203
2079565636,3,9.32505,-1.3609501,-0.81405,1781189037214
2079565646,3,9.28695,-1.3729501,-0.81405,1781189037224
2079565656,3,9.259951,-1.365,-0.83595,1781189037234
2079565667,3,9.241051,-1.3750501,-0.85200006,1781189037244
2079565677,3,9.17895,-1.36995,-0.85005003,1781189037253
2079565687,3,9.16695,-1.3920001,-0.87405,1781189037264
2079565697,3,9.165,-1.3990501,-0.88395005,1781189037274
2079565707,3,9.1050005,-1.3579501,-0.91995007,1781189037284
2079565717,3,9.165,-1.3729501,-0.87405,1781189037294
2079565727,3,9.2029505,-1.437,-0.86205006,1781189037304
2079565737,3,9.20505,-1.4610001,-0.84795004,1781189037314
2079565747,3,9.222,-1.47105,-0.87195003,1781189037324
2079565757,3,9.250951,-1.4640001,-0.90300006,1781189037334
2079565767,3,9.27,-1.46595,-0.9289501,1781189037344
2079565777,3,9.265051,-1.4640001,-0.96000004,1781189037354
2079565787,3,9.226951,-1.452,-0.94605005,1781189037364
2079565798,3,9.186001,-1.4419501,-0.93405,1781189037375
2079565808,3,9.174001,-1.437,-0.90495,1781189037385
2079565818,3,9.20505,-1.45605,-0.91005003,1781189037395
2079565828,3,9.24405,-1.473,-0.9289501,1781189037404
2079565838,3,9.279,-1.5000001,-0.94605005,1781189037415
2079565848,3,9.31305,-1.50705,-0.98205006,1781189037425
2079565858,3,9.318001,-1.5259501,-0.99405,1781189037435
2079565868,3,9.306001,-1.50705,-0.97200006,1781189037445
2079565878,3,9.28905,-1.5160501,-0.94605005,1781189037456
2079565888,3,9.294001,-1.5190501,-0.92700005,1781189037465
2079565898,3,9.295951,-1.524,-0.88605005,1781189037476
2079565908,3,9.330001,-1.5259501,-0.87405,1781189037486
2079565918,3,9.35805,-1.55505,-0.87405,1781189037495
2079565929,3,9.387,-1.605,-0.89295006,1781189037507
2079565939,3,9.42105,-1.6189501,-0.93105006,1781189037515
2079565949,3,9.397051,-1.64295,-0.95505005,1781189037526
2079565959,3,9.366,-1.6500001,-0.96000004,1781189037536
2079565969,3,9.339001,-1.641,-0.94305,1781189037546
2079565979,3,9.295951,-1.6459501,-0.92205006,1781189037556
2079565989,3,9.247951,-1.62195,-0.89100003,1781189037566
2079565999,3,9.226951,-1.6290001,-0.864,1781189037576
2079566009,3,9.226951,-1.6339501,-0.83100003,1781189037586
2079566019,3,9.246,-1.6360501,-0.84000003,1781189037596
2079566029,3,9.279,-1.6480501,-0.85200006,1781189037607
2079566039,3,9.31095,-1.6500001,-0.84300005,1781189037616
2079566049,3,9.28905,-1.6380001,-0.81900007,1781189037627
2079566060,3,9.238951,-1.60695,-0.79005,1781189037637
2079566070,3,9.19095,-1.5810001,-0.75405,1781189037647
2079566080,3,9.17595,-1.5469501,-0.76095,1781189037657
2079566090,3,9.14805,-1.5310501,-0.74700004,1781189037667
2079566100,3,9.15495,-1.5310501,-0.70905006,1781189037677
2079566110,3,9.16695,-1.5330001,-0.70605004,1781189037687
2079566120,3,9.21,-1.54305,-0.71400005,1781189037697
2079566130,3,9.258,-1.557,-0.71805006,1781189037707
2079566140,3,9.25605,-1.55505,-0.73305005,1781189037717
2079566150,3,9.222,-1.54005,-0.72300005,1781189037727
2079566160,3,9.198001,-1.5310501,-0.71595,1781189037737
2079566170,3,9.17205,-1.521,-0.702,1781189037747
2079566180,3,9.15705,-1.521,-0.68205005,1781189037758
2079566190,3,9.150001,-1.5450001,-0.66105,1781189037767
2079566201,3,9.1380005,-1.5469501,-0.64695,1781189037778
2079566211,3,9.153001,-1.5469501,-0.642,1781189037789
2079566221,3,9.186001,-1.57395,-0.64695,1781189037799
2079566231,3,9.20505,-1.59105,-0.65895003,1781189037807
2079566241,3,9.198001,-1.5790501,-0.67995006,1781189037819
2079566251,3,9.19995,-1.5589501,-0.69000006,1781189037827
2079566261,3,9.184051,-1.5450001,-0.69900006,1781189037837
2079566271,3,9.165,-1.5330001,-0.70605004,1781189037848
2079566281,3,9.14805,-1.50705,-0.68505,1781189037857
2079566291,3,9.14505,-1.485,-0.65895003,1781189037869
2079566301,3,9.14805,-1.4899501,-0.64905006,1781189037879
2079566311,3,9.165,-1.4680501,-0.63000005,1781189037888
2079566321,3,9.150001,-1.4640001,-0.62295,1781189037898
2079566332,3,9.141001,-1.45905,-0.62700003,1781189037908
2079566342,3,9.12405,-1.4419501,-0.66105,1781189037919
2079566352,3,9.106951,-1.4110501,-0.65595,1781189037927
2079566362,3,9.097051,-1.4089501,-0.65895003,1781189037940
2079566372,3,9.1380005,-1.42305,-0.64695,1781189037949
2079566382,3,9.15705,-1.43505,-0.67305005,1781189037958
2079566392,3,9.196051,-1.4440501,-0.68505,1781189037968
2079566402,3,9.247951,-1.4610001,-0.69705003,1781189037979
2079566412,3,9.282001,-1.4640001,-0.70905006,1781189037988
2079566422,3,9.303,-1.452,-0.70395005,1781189038000
2079566432,3,9.31095,-1.4610001,-0.71805006,1781189038009
2079566442,3,9.31095,-1.4440501,-0.69405,1781189038019
2079566452,3,9.28905,-1.4280001,-0.65895003,1781189038030
2079566463,3,9.247951,-1.4130001,-0.62700003,1781189038039
2079566473,3,9.22395,-1.38705,-0.59595,1781189038050
2079566483,3,9.198001,-1.3750501,-0.56505,1781189038060
2079566493,3,9.18105,-1.365,-0.55605,1781189038070
2079566503,3,9.174001,-1.35105,-0.56805,1781189038080
2079566513,3,9.14295,-1.35405,-0.58005005,1781189038090
2079566523,3,9.186001,-1.34895,-0.62700003,1781189038100
2079566533,3,9.2029505,-1.3249501,-0.65595,1781189038110
2079566543,3,9.220051,-1.32,-0.69705003,1781189038120
2079566553,3,9.21,-1.32,-0.70395005,1781189038130
2079566563,3,9.17895,-1.31805,-0.71595,1781189038141
2079566573,3,9.13095,-1.2940501,-0.711,1781189038150
2079566583,3,9.109051,-1.2910501,-0.70605004,1781189038161
2079566593,3,9.12405,-1.296,-0.70605004,1781189038171
2079566604,3,9.14505,-1.296,-0.71400005,1781189038181
2079566614,3,9.14505,-1.3080001,-0.71805006,1781189038191
2079566624,3,9.165,-1.3219501,-0.74700004,1781189038201
2079566634,3,9.21195,-1.34595,-0.79005,1781189038211
2079566644,3,9.234,-1.3560001,-0.82905006,1781189038221
2079566654,3,9.265051,-1.3770001,-0.87405,1781189038231
2079566664,3,9.29895,-1.404,-0.89595,1781189038242
2079566674,3,9.31995,-1.4299501,-0.915,1781189038251
2079566684,3,9.327001,-1.45395,-0.91995007,1781189038263
2079566694,3,9.31095,-1.45605,-0.90000004,1781189038271
2079566704,3,9.327001,-1.45905,-0.87600005,1781189038282
2079566714,3,9.34605,-1.4640001,-0.86895007,1781189038291
2079566724,3,9.30795,-1.485,-0.85695004,1781189038302
2079566735,3,9.279,-1.45605,-0.83295006,1781189038313
2079566745,3,9.241051,-1.4440501,-0.80505,1781189038322
2079566755,3,9.20505,-1.44,-0.79305005,1781189038332
2079566765,3,9.196051,-1.44,-0.79995006,1781189038342
2079566775,3,9.184051,-1.4280001,-0.81405,1781189038352
2079566785,3,9.16905,-1.4089501,-0.83100003,1781189038362
2079566795,3,9.14805,-1.389,-0.82905006,1781189038372
2079566805,3,9.1380005,-1.38705,-0.84795004,1781189038382
2079566815,3,9.13605,-1.3939501,-0.84000003,1781189038392
2079566825,3,9.15705,-1.4110501,-0.86205006,1781189038402
2079566835,3,9.18105,-1.41795,-0.864,1781189038412
2079566845,3,9.198001,-1.44,-0.89100003,1781189038422
2079566855,3,9.21195,-1.4470501,-0.90795004,1781189038432
2079566866,3,9.238951,-1.44,-0.91995007,1781189038442
2079566876,3,9.258,-1.4440501,-0.94095004,1781189038452
2079566886,3,9.262951,-1.45605,-0.93105006,1781189038463
2079566896,3,9.27,-1.4800501,-0.92205006,1781189038477
2079566906,3,9.30105,-1.4950501,-0.91200006,1781189038483
2079566916,3,9.31305,-1.5090001,-0.90495,1781189038494
2079566926,3,9.34605,-1.524,-0.90495,1781189038502
2079566936,3,9.379951,-1.557,-0.90795004,1781189038513
2079566946,3,9.42105,-1.557,-0.90000004,1781189038523
2079566956,3,9.43305,-1.5810001,-0.88605005,1781189038533
2079566966,3,9.436951,-1.57095,-0.85695004,1781189038543
2079566976,3,9.394051,-1.57395,-0.81900007,1781189038553
2079566986,3,9.339001,-1.5499501,-0.77805007,1781189038563
2079566997,3,9.283951,-1.5330001,-0.73005,1781189038574
2079567007,3,9.241051,-1.5090001,-0.68700004,1781189038584
2079567017,3,9.208051,-1.5090001,-0.67800003,1781189038594
2079567027,3,9.21,-1.4970001,-0.67800003,1781189038603
2079567037,3,9.253051,-1.5310501,-0.67800003,1781189038614
2079567047,3,9.32295,-1.557,-0.70605004,1781189038624
2079567057,3,9.427951,-1.60695,-0.76095,1781189038634
2079567067,3,9.516001,-1.6339501,-0.83295006,1781189038644
2079567077,3,9.58605,-1.64295,-0.86895007,1781189038654
2079567087,3,9.62205,-1.6380001,-0.90495,1781189038664
2079567097,3,9.624001,-1.6309501,-0.93600005,1781189038674
2079567107,3,9.567,-1.605,-0.92205006,1781189038684
2079567117,3,9.49695,-1.57605,-0.90000004,1781189038695
2079567127,3,9.424951,-1.5499501,-0.864,1781189038704
2079567138,3,9.361051,-1.54005,-0.80700004,1781189038714
2079567148,3,9.318001,-1.5469501,-0.76095,1781189038725
2079567158,3,9.271951,-1.57395,-0.72300005,1781189038735
2079567168,3,9.247951,-1.58595,-0.69000006,1781189038745
2079567178,3,9.250951,-1.593,-0.68205005,1781189038755
2079567188,3,9.282001,-1.6030501,-0.675,1781189038765
2079567198,3,9.37005,-1.6480501,-0.70605004,1781189038775
2079567208,3,9.48495,-1.6890001,-0.75195,1781189038785
2079567218,3,9.604951,-1.7389501,-0.79695004,1781189038795
2079567228,3,9.67395,-1.7370001,-0.83595,1781189038805
2079567238,3,9.712951,-1.7389501,-0.83100003,1781189038815
2079567248,3,9.733951,-1.713,-0.81195,1781189038826
2079567258,3,9.691051,-1.677,-0.75405,1781189038836
2079567269,3,9.603001,-1.641,-0.70395005,1781189038846
2079567279,3,9.49005,-1.57395,-0.66300005,1781189038856
2079567289,3,9.387,-1.53495,-0.62700003,1781189038866
2079567299,3,9.327001,-1.50405,-0.60795003,1781189038876
2079567309,3,9.27705,-1.5000001,-0.61095005,1781189038886
2079567319,3,9.246,-1.5280501,-0.61995006,1781189038900
2079567329,3,9.262951,-1.5520501,-0.64905006,1781189038906
2079567339,3,9.294001,-1.57095,-0.675,1781189038917
2079567349,3,9.31305,-1.59105,-0.68505,1781189038927
2079567359,3,9.31095,-1.61205,-0.69195,1781189038936
2079567369,3,9.33195,-1.6309501,-0.711,1781189038947
2079567379,3,9.361051,-1.6480501,-0.702,1781189038959
2079567389,3,9.379951,-1.6650001,-0.726,1781189038966
2079567400,3,9.402,-1.65495,-0.73005,1781189038977
2079567410,3,9.40905,-1.6500001,-0.72795004,1781189038987
2079567420,3,9.42105,-1.62195,-0.71805006,1781189038997
2079567430,3,9.459001,-1.5979501,-0.71805006,1781189039007
2079567440,3,9.4810505,-1.58595,-0.711,1781189039017
2079567450,3,9.49995,-1.55505,-0.711,1781189039027
2079567460,3,9.523951,-1.5469501,-0.73005,1781189039039
2079567470,3,9.540001,-1.5310501,-0.72300005,1781189039047
2079567480,3,9.591001,-1.54305,-0.73995006,1781189039057
2079567490,3,9.612,-1.5330001,-0.771,1781189039067
2079567500,3,9.6,-1.53795,-0.77805007,1781189039077
2079567510,3,9.555,-1.53495,-0.77295005,1781189039088
2079567520,3,9.47595,-1.521,-0.78105,1781189039098
2079567530,3,9.39,-1.485,-0.76905006,1781189039109
2079567541,3,9.318001,-1.47105,-0.75000006,1781189039117
2079567551,3,9.265051,-1.4800501,-0.71595,1781189039127
2079567561,3,9.19305,-1.485,-0.68700004,1781189039150
2079567571,3,9.12405,-1.47105,-0.65595,1781189039150
2079567581,3,9.094951,-1.4610001,-0.64905006,1781189039158
2079567591,3,9.11205,-1.4779501,-0.69195,1781189039167
2079567601,3,9.17895,-1.4830501,-0.72300005,1781189039179
2079567611,3,9.247951,-1.49205,-0.75195,1781189039189
2079567621,3,9.34395,-1.4830501,-0.75000006,1781189039199
2079567631,3,9.403951,-1.49205,-0.76095,1781189039207
2079567641,3,9.436951,-1.46595,-0.75405,1781189039219
2079567651,3,9.435,-1.4250001,-0.73005,1781189039228
2079567661,3,9.406051,-1.3920001,-0.73995006,1781189039240
2079567672,3,9.436951,-1.3560001,-0.711,1781189039249
2079567682,3,9.43305,-1.365,-0.69705003,1781189039259
2079567692,3,9.47595,-1.4059501,-0.66300005,1781189039270
2079567702,3,9.53295,-1.3990501,-0.63195,1781189039279
2079567712,3,9.552,-1.4299501,-0.59595,1781189039288
2079567722,3,9.568951,-1.4680501,-0.54405004,1781189039298
2079567732,3,9.5449505,-1.49205,-0.54105,1781189039308
2079567742,3,9.471001,-1.5000001,-0.54405004,1781189039319
2079567752,3,9.379951,-1.5139501,-0.57495004,1781189039329
2079567762,3,9.342,-1.5160501,-0.64695,1781189039338
2079567772,3,9.35805,-1.524,-0.74205005,1781189039349
2079567782,3,9.402,-1.5589501,-0.83595,1781189039359
2079567792,3,9.45195,-1.5880501,-0.9289501,1781189039370
2079567803,3,9.46605,-1.6099501,-0.9990001,1781189039380
2079567813,3,9.49995,-1.6189501,-1.04595,1781189039390
2079567823,3,9.53295,-1.626,-1.092,1781189039400
2079567833,3,9.568951,-1.62195,-1.1010001,1781189039410
2079567843,3,9.588,-1.62195,-1.07505,1781189039420
2079567853,3,9.58605,-1.641,-0.97695005,1781189039430
2079567863,3,9.576,-1.6140001,-0.87195003,1781189039440
2079567873,3,9.523951,-1.5690001,-0.74505,1781189039450
2079567883,3,9.47295,-1.5139501,-0.65400004,1781189039460
2079567893,3,9.378,-1.4779501,-0.55605,1781189039470
2079567903,3,9.315001,-1.4299501,-0.47700003,1781189039482
2079567913,3,9.24405,-1.3920001,-0.39000002,1781189039491
2079567923,3,9.220051,-1.365,-0.30705002,1781189039500
2079567934,3,9.198001,-1.3609501,-0.23205002,1781189039510
2079567944,3,9.232051,-1.3560001,-0.16800001,1781189039521
2079567954,3,9.27,-1.3579501,-0.109950006,1781189039531
2079567964,3,9.361051,-1.3800001,-0.08895,1781189039541
2079567974,3,9.46605,-1.4089501,-0.09105001,1781189039551
2079567984,3,9.595051,-1.41795,-0.156,1781189039561
2079567994,3,9.74895,-1.4419501,-0.24195,1781189039571
2079568004,3,9.916051,-1.4760001,-0.39495003,1781189039581
2079568014,3,10.014001,-1.50405,-0.55095005,1781189039591
2079568024,3,10.048051,-1.4800501,-0.67305005,1781189039601
2079568034,3,9.98295,-1.3920001,-0.78495,1781189039611
2079568044,3,9.7890005,-1.31295,-0.85995007,1781189039621
2079568054,3,9.559951,-1.30095,-0.87405,1781189039631
2079568064,3,9.342,-1.3300501,-0.90000004,1781189039642
2079568075,3,9.2029505,-1.2550501,-0.90495,1781189039652
2079568085,3,9.102,-1.179,-0.89100003,1781189039662
2079568095,3,9.01395,-1.12605,-0.83595,1781189039672
2079568105,3,8.944051,-1.128,-0.75195,1781189039682
2079568115,3,8.911051,-1.1190001,-0.62295,1781189039693
2079568125,3,8.904,-1.1209501,-0.51705,1781189039702
2079568135,3,8.953951,-1.1190001,-0.453,1781189039712
2079568145,3,9.01605,-1.1719501,-0.39495003,1781189039722
2079568155,3,9.052051,-1.2580501,-0.37605003,1781189039732
2079568165,3,9.11205,-1.34895,-0.39795002,1781189039742
2079568175,3,9.15705,-1.4130001,-0.46500003,1781189039752
2079568185,3,9.21195,-1.4610001,-0.51000005,1781189039762
2079568195,3,9.265051,-1.50705,-0.59400004,1781189039772
2079568206,3,9.31095,-1.473,-0.69705003,1781189039782
2079568216,3,9.271951,-1.4089501,-0.74505,1781189039793
2079568226,3,9.17205,-1.2910501,-0.76605004,1781189039802
2079568236,3,9.09,-1.18095,-0.81195,1781189039813
2079568246,3,9.0400505,-1.11405,-0.88095003,1781189039823
2079568256,3,9.076051,-1.0879501,-0.97005004,1781189039833
2079568266,3,9.15495,-1.11405,-1.116,1781189039843
2079568276,3,9.17205,-1.0999501,-1.2550501,1781189039853
2079568286,3,9.14295,-1.14495,-1.317,1781189039863
2079568296,3,9.184051,-1.22895,-1.51995,1781189039873
2079568306,3,9.247951,-1.19805,-1.6110001,1781189039883
2079568316,3,9.229051,-1.14495,-1.5850501,1781189039893
2079568326,3,9.150001,-1.095,-1.4989501,1781189039903
2079568337,3,9.1050005,-1.047,-1.3219501,1781189039914
2079568347,3,9.117001,-0.99405,-1.1179501,1781189039924
2079568357,3,9.15495,-0.91095006,-0.88095003,1781189039934
2079568367,3,9.229051,-0.83595,-0.651,1781189039944
2079568377,3,9.385051,-0.79605,-0.42195,1781189039955
2079568387,3,9.63105,-0.78405005,-0.28995,1781189039964
2079568397,3,9.885,-0.822,-0.18705001,1781189039974
2079568407,3,10.05,-0.89895004,-0.22995001,1781189039984
2079568417,3,10.15095,-0.96300006,-0.43800002,1781189039994
2079568427,3,10.44495,-1.02795,-0.61995006,1781189040005
2079568437,3,10.608001,-1.179,-0.71595,1781189040015
2079568447,3,10.660951,-1.3060501,-0.82395005,1781189040024
2079568457,3,10.681951,-1.3270501,-0.94605005,1781189040035
2079568467,3,10.71405,-1.22895,-1.02495,1781189040045
2079568478,3,10.74195,-1.15005,-1.0540501,1781189040055
2079568488,3,10.788,-1.08105,-1.0320001,1781189040065
2079568498,3,10.927051,-1.0830001,-0.97695005,1781189040075
2079568508,3,11.22795,-1.18605,-0.94605005,1781189040085
2079568518,3,11.53005,-1.3440001,-0.96495,1781189040095
2079568528,3,11.856001,-1.5190501,-0.9670501,1781189040105
2079568538,3,11.99205,-1.81605,-1.0699501,1781189040115
2079568548,3,11.961,-2.04795,-1.31505,1781189040125
2079568558,3,11.853001,-2.187,-1.5469501,1781189040135
2079568568,3,11.656951,-2.2150502,-1.659,1781189040146
2079568578,3,11.38605,-2.2440002,-1.6980001,1781189040156
2079568588,3,11.070001,-2.292,-1.63995,1781189040166
2079568598,3,10.785001,-2.32305,-1.623,1781189040176
2079568609,3,10.611,-2.35695,-1.60395,1781189040186
2079568619,3,10.5390005,-2.4,-1.53495,1781189040196
2079568629,3,10.489051,-2.4070501,-1.386,1781189040206
2079568639,3,10.383,-2.388,-1.212,1781189040216
2079568649,3,10.14105,-2.35905,-1.128,1781189040226
2079568659,3,9.753,-2.29395,-1.116,1781189040236
2079568669,3,9.31095,-2.2060502,-1.30305,1781189040246
2079568679,3,8.908051,-2.0689502,-1.3789501,1781189040256
2079568689,3,8.42205,-1.9930501,-1.4680501,1781189040266
2079568699,3,7.9789505,-1.9399501,-1.6570501,1781189040276
2079568709,3,7.6870503,-1.81305,-1.81305,1781189040287
2079568719,3,7.3900504,-1.6099501,-1.7839501,1781189040297
2079568729,3,7.2010503,-1.47105,-1.7860501,1781189040307
2079568740,3,7.1389503,-1.4800501,-1.7170501,1781189040317
2079568750,3,7.17495,-1.57395,-1.6830001,1781189040327
2079568760,3,7.31895,-1.7029501,-1.6110001,1781189040339
2079568770,3,7.4449506,-1.7839501,-1.473,1781189040348
2079568780,3,7.5409503,-1.8010501,-1.35,1781189040357
2079568790,3,7.7590504,-1.83,-1.2760501,1781189040367
2079568800,3,7.9840503,-1.84395,-1.2019501,1781189040377
2079568810,3,8.20005,-1.8370501,-1.113,1781189040387
2079568820,3,8.379001,-1.8400501,-1.07295,1781189040397
2079568830,3,8.47305,-1.7770501,-0.93405,1781189040407
2079568840,3,8.53995,-1.7490001,-0.88395005,1781189040417
2079568850,3,8.616,-1.677,-0.74700004,1781189040427
2079568860,3,8.607,-1.5790501,-0.52395004,1781189040437
2079568871,3,8.596951,-1.404,-0.27795002,1781189040449
2079568881,3,8.58495,-1.2529501,-0.060000002,1781189040459
2079568891,3,8.614051,-1.12605,0.10395,1781189040467
2079568901,3,8.68605,-1.059,0.135,1781189040477
2079568911,3,8.734051,-1.02795,0.126,1781189040487
2079568921,3,8.7310505,-1.0020001,0.11895001,1781189040499
2079568931,3,8.604,-0.96795005,0.13800001,1781189040509
2079568941,3,8.31705,-0.89595,0.24105,1781189040517
2079568951,3,7.9890003,-0.777,0.42705002,1781189040528
2079568961,3,7.66305,-0.63000005,0.61395,1781189040539
2079568971,3,7.4340005,-0.513,0.76005006,1781189040549
2079568981,3,7.3330503,-0.45105,0.82500005,1781189040559
2079568991,3,7.3110003,-0.45600003,0.813,1781189040569
2079569001,3,7.3950005,-0.46995002,0.72405005,1781189040579
2079569012,3,7.49595,-0.513,0.57105005,1781189040589
2079569022,3,7.4689503,-0.549,0.37695003,1781189040599
2079569032,3,7.4050503,-0.57495004,0.19500001,1781189040609
2079569042,3,7.4119506,-0.56805,0.03705,1781189040618
2079569052,3,7.5600004,-0.57495004,-0.12900001,1781189040628
2079569062,3,7.7880006,-0.65205,-0.25605002,1781189040638
2079569072,3,8.10105,-0.76905006,-0.41400003,1781189040648
2079569082,3,8.55195,-0.90300006,-0.52905005,1781189040659
2079569092,3,9.042001,-1.059,-0.69195,1781189040669
2079569102,3,9.568951,-1.2070501,-0.855,1781189040681
2079569112,3,10.078951,-1.32,-1.06095,1781189040690
2079569122,3,10.420951,-1.401,-1.19505,1781189040699
2079569132,3,10.58895,-1.4280001,-1.269,1781189040710
2079569143,3,10.70895,-1.404,-1.2910501,1781189040719
2079569153,3,10.816951,-1.365,-1.3120501,1781189040729
2079569163,3,10.993951,-1.31295,-1.3270501,1781189040739
2079569173,3,11.3890505,-1.30095,-1.2910501,1781189040749
2079569183,3,12.1050005,-1.38495,-1.3429501,1781189040760
2079569193,3,12.816001,-1.626,-1.51995,1781189040770
2079569203,3,13.279951,-1.8060001,-1.6350001,1781189040780
2079569213,3,13.488001,-1.93095,-1.7310001,1781189040790
2079569223,3,13.371,-1.96395,-1.6710001,1781189040800
2079569233,3,12.940051,-1.8829501,-1.36995,1781189040810
2079569243,3,12.424951,-1.794,-0.94095004,1781189040820
2079569253,3,11.856001,-1.77495,-0.54405004,1781189040830
2079569263,3,11.238001,-1.7770501,-0.177,1781189040840
2079569274,3,10.548,-1.7320501,0.135,1781189040851
2079569284,3,9.79695,-1.6500001,0.35595003,1781189040861
2079569294,3,9.14805,-1.5829501,0.55005,1781189040871
2079569304,3,8.652,-1.5640501,0.67200005,1781189040881
2079569314,3,8.290951,-1.6189501,0.69795,1781189040891
2079569324,3,8.0460005,-1.6860001,0.66705,1781189040901
2079569334,3,7.9150505,-1.76505,0.52305,1781189040911
2079569344,3,7.8240004,-1.81605,0.31305,1781189040921
2079569354,3,7.7470503,-1.8319501,0.058950003,1781189040931
2079569364,3,7.6870503,-1.7890501,-0.19905001,1781189040941
2079569374,3,7.6420503,-1.7340001,-0.41895002,1781189040951
2079569384,3,7.6800003,-1.7029501,-0.63195,1781189040961
2079569394,3,7.79295,-1.6699501,-0.84300005,1781189040971
2079569405,3,7.9630504,-1.6860001,-1.01505,1781189040982
2079569415,3,8.178,-1.7010001,-1.18005,1781189040992
2079569425,3,8.451,-1.7580001,-1.28805,1781189041001
2079569435,3,8.676001,-1.8420001,-1.36995,1781189041012
2079569445,3,8.98305,-1.9189501,-1.3290001,1781189041021
2079569455,3,9.18795,-1.9230001,-1.3270501,1781189041032
2079569465,3,9.088051,-1.8870001,-1.3429501,1781189041042
2079569475,3,9.126,-1.84905,-1.3480501,1781189041052
2079569485,3,9.118951,-1.7530501,-1.37205,1781189041062
2079569495,3,9.03495,-1.641,-1.4130001,1781189041072
2079569505,3,8.88,-1.5310501,-1.4389501,1781189041082
2079569515,3,8.71695,-1.42305,-1.4460001,1781189041092
2079569525,3,8.532001,-1.3579501,-1.45305,1781189041102
2079569535,3,8.331,-1.32,-1.4059501,1781189041112
2079569546,3,8.166,-1.27005,-1.36995,1781189041122
2079569556,3,8.049001,-1.27005,-1.35,1781189041133
2079569566,3,7.965,-1.2910501,-1.317,1781189041143
2079569576,3,7.9240503,-1.34895,-1.28805,1781189041152
2079569586,3,7.9200006,-1.4089501,-1.26405,1781189041165
2079569596,3,7.97205,-1.4779501,-1.21905,1781189041173
2079569606,3,8.014951,-1.5190501,-1.2019501,1781189041184
2079569616,3,8.002951,-1.50195,-1.0489501,1781189041193
2079569626,3,7.9840503,-1.50195,-0.86205006,1781189041203
2079569636,3,7.9510503,-1.50405,-0.61800003,1781189041213
2079569646,3,7.9579506,-1.53795,-0.33495003,1781189041223
2079569656,3,7.965,-1.5330001,0.0010500001,1781189041233
2079569666,3,7.9530005,-1.4970001,0.23805001,1781189041244
2079569677,3,7.9410005,-1.42095,0.35295,1781189041253
2079569687,3,8.01795,-1.3729501,0.35595003,1781189041265
2079569697,3,8.20395,-1.368,0.26895002,1781189041274
2079569707,3,8.53995,-1.36995,0.16395001,1781189041284
2079569717,3,9.01395,-1.416,0.042000003,1781189041294
2079569727,3,9.526051,-1.5090001,-0.14595,1781189041303
2079569737,3,9.945001,-1.5949501,-0.32595003,1781189041314
2079569747,3,10.231951,-1.6669501,-0.53595,1781189041324
2079569757,3,10.431001,-1.7029501,-0.66105,1781189041334
2079569767,3,10.587001,-1.7080501,-0.80700004,1781189041344
2079569777,3,10.761001,-1.7410501,-0.91695005,1781189041354
2079569787,3,10.836,-1.81605,-1.113,1781189041364
2079569797,3,10.8810005,-1.8610501,-1.31505,1781189041374
2079569808,3,11.05395,-1.9260001,-1.53495,1781189041385
2079569818,3,11.475,-2.091,-1.8169501,1781189041395
2079569828,3,11.90295,-2.3040001,-2.0329502,1781189041405
2079569838,3,12.19095,-2.50005,-2.11905,1781189041415
2079569848,3,12.34395,-2.60805,-2.0760002,1781189041425
2079569858,3,12.406051,-2.6509502,-1.9609501,1781189041435
2079569868,3,12.315001,-2.59395,-1.8010501,1781189041445
2079569878,3,12.045001,-2.505,-1.6500001,1781189041455
2079569888,3,11.7289505,-2.424,-1.5799501,1781189041465
2079569898,3,11.44095,-2.3850002,-1.6140001,1781189041477
2079569908,3,11.18805,-2.364,-1.6639501,1781189041487
2079569918,3,10.91895,-2.3380501,-1.60695,1781189041496
2079569928,3,10.70895,-2.3140502,-1.59,1781189041506
2079569938,3,10.534051,-2.28705,-1.473,1781189041516
2079569949,3,10.366051,-2.3400002,-1.28295,1781189041526
2079569959,3,10.066951,-2.4499502,-1.09395,1781189041536
2079569969,3,9.67395,-2.496,-0.97200006,1781189041546
2079569979,3,9.14505,-2.364,-0.924,1781189041556
2079569989,3,8.58495,-2.15295,-0.98205006,1781189041567
2079569999,3,8.058001,-1.8679501,-1.0680001,1781189041576
2079570009,3,7.6750503,-1.6360501,-1.1920501,1781189041586
2079570019,3,7.3810506,-1.50195,-1.437,1781189041596
2079570029,3,7.20795,-1.4440501,-1.60695,1781189041606
2079570039,3,7.1130004,-1.437,-1.71405,1781189041617
2079570049,3,7.2850504,-1.524,-1.7340001,1781189041626
2079570059,3,7.4550004,-1.6480501,-1.674,1781189041637
2079570069,3,7.70205,-1.794,-1.65495,1781189041647
2079570080,3,8.133,-1.983,-1.6980001,1781189041657
2079570090,3,8.62605,-2.1769502,-1.7550001,1781189041667
2079570100,3,9.09,-2.3419502,-1.83405,1781189041677
2079570110,3,9.49995,-2.4550502,-1.8600001,1781189041687
2079570120,3,9.7890005,-2.4720001,-1.9009501,1781189041698
2079570130,3,9.883051,-2.3419502,-1.8580501,1781189041708
2079570140,3,9.7560005,-2.1100502,-1.72395,1781189041717
2079570150,3,9.579,-1.8559501,-1.5160501,1781189041727
2079570160,3,9.36795,-1.65795,-1.25205,1781189041738
2079570170,3,9.14505,-1.4899501,-0.9670501,1781189041747
2079570180,3,8.96595,-1.3609501,-0.72795004,1781189041757
2079570190,3,8.73795,-1.2529501,-0.49605003,1781189041768
2079570200,3,8.48205,-1.128,-0.32805002,1781189041779
2079570211,3,8.298,-1.014,-0.20400001,1781189041789
2079570221,3,8.24505,-0.96795005,-0.15105,1781189041799
2079570231,3,8.248051,-0.96105003,-0.13695,1781189041809
2079570241,3,8.27595,-0.96105003,-0.14400001,1781189041819
2079570251,3,8.39805,-0.97305006,-0.13905,1781189041828
2079570261,3,8.53995,-0.99705005,-0.11505,1781189041839
2079570271,3,8.68095,-1.023,-0.13695,1781189041847
2079570281,3,8.79105,-1.03695,-0.11505,1781189041859
2079570291,3,8.904,-1.03005,-0.072000004,1781189041869
2079570301,3,8.985001,-1.023,-0.015000001,1781189041877
2079570311,3,9.02595,-1.014,0.052050002,1781189041887
2079570321,3,9.03495,-1.014,0.078,1781189041897
2079570331,3,8.929951,-1.0180501,0.042000003,1781189041908
2079570342,3,8.779051,-0.9990001,-0.010050001,1781189041918
2079570352,3,8.73795,-0.97305006,-0.01695,1781189041929
2079570362,3,8.772,-0.96795005,-0.072000004,1781189041939
2079570372,3,8.865001,-1.04505,-0.141,1781189041949
2079570382,3,9.042001,-1.131,-0.23700002,1781189041959
2079570392,3,9.29895,-1.23405,-0.38595003,1781189041969
2079570402,3,9.528001,-1.31805,-0.50295,1781189041978
2079570412,3,9.81105,-1.4059501,-0.582,1781189041989
2079570422,3,10.110001,-1.488,-0.66105,1781189041999
2079570432,3,10.43805,-1.5690001,-0.72105,1781189042010
2079570442,3,10.67805,-1.62405,-0.75405,1781189042019
2079570452,3,10.9459505,-1.6620001,-0.81900007,1781189042029
2079570462,3,11.26395,-1.7200501,-0.91005003,1781189042039
2079570472,3,11.740951,-1.81305,-1.06605,1781189042049
2079570483,3,12.253051,-1.9039501,-1.2240001,1781189042060
2079570493,3,12.607051,-1.9950001,-1.3740001,1781189042070
2079570503,3,12.8230505,-2.05695,-1.4800501,1781189042080
2079570513,3,12.792001,-2.08605,-1.4059501,1781189042090
2079570523,3,12.279,-2.02905,-1.12995,1781189042100
2079570533,3,11.479951,-1.8679501,-0.702,1781189042110
2079570543,3,10.660951,-1.6699501,-0.273,1781189042121
2079570553,3,9.84,-1.5280501,0.079950005,1781189042130
2079570563,3,9.021001,-1.3990501,0.35595003,1781189042140
2079570573,3,8.34105,-1.30095,0.53295004,1781189042151
2079570583,3,7.8930006,-1.2720001,0.657,1781189042160
2079570593,3,7.6750503,-1.3219501,0.72195005,1781189042170
2079570603,3,7.6270504,-1.36995,0.69795,1781189042180
2079570614,3,7.6710005,-1.4299501,0.58500004,1781189042191
2079570624,3,7.7299504,-1.5469501,0.372,1781189042201
2079570634,3,7.8169503,-1.65795,0.08295,1781189042211
2079570644,3,7.8640504,-1.7320501,-0.22005,1781189042221
2079570654,3,7.8619504,-1.7340001,-0.47895002,1781189042231
2079570664,3,7.9120502,-1.7509501,-0.76095,1781189042241
2079570674,3,8.02995,-1.76505,-1.05795,1781189042252
2079570684,3,8.22795,-1.7410501,-1.3579501,1781189042261
2079570694,3,8.382,-1.7170501,-1.5829501,1781189042271
2079570704,3,8.446051,-1.6620001,-1.6710001,1781189042281
2079570714,3,8.51805,-1.62195,-1.67805,1781189042291
2079570724,3,8.620951,-1.55505,-1.5990001,1781189042301
2079570734,3,8.724,-1.5000001,-1.4610001,1781189042311
2079570745,3,8.793,-1.4779501,-1.31505,1781189042322
2079570755,3,8.889001,-1.45605,-1.1880001,1781189042332
2079570765,3,8.97105,-1.46595,-1.116,1781189042342
2079570775,3,8.98995,-1.46595,-1.10895,1781189042352
2079570785,3,8.941951,-1.3990501,-1.1179501,1781189042362
2079570795,3,8.889001,-1.36995,-1.21395,1781189042372
2079570805,3,8.829,-1.35405,-1.3549501,1781189042382
2079570815,3,8.73795,-1.3770001,-1.4800501,1781189042392
2079570825,3,8.652,-1.41795,-1.52295,1781189042402
2079570835,3,8.50605,-1.4440501,-1.4770501,1781189042412
2079570845,3,8.36205,-1.4680501,-1.3770001,1781189042422
2079570855,3,8.2570505,-1.49205,-1.2360001,1781189042432
2079570865,3,8.181001,-1.5139501,-1.06605,1781189042442
2079570875,3,8.09895,-1.54005,-0.87405,1781189042452
2079570886,3,8.014951,-1.5790501,-0.70395005,1781189042463
2079570896,3,7.9840503,-1.5829501,-0.546,1781189042473
2079570906,3,7.9960504,-1.58595,-0.441,1781189042485
2079570916,3,8.025001,-1.5450001,-0.402,1781189042493
2079570926,3,8.05605,-1.47105,-0.47700003,1781189042502
2079570936,3,8.014951,-1.3729501,-0.54105,1781189042513
2079570946,3,8.04405,-1.26495,-0.60795003,1781189042523
2079570956,3,8.17095,-1.2409501,-0.72300005,1781189042533
2079570966,3,8.401051,-1.2550501,-0.88395005,1781189042543
2079570976,3,8.688001,-1.3420501,-1.09905,1781189042553
2079570986,3,8.98305,-1.4110501,-1.3240501,1781189042563
2079570996,3,9.217051,-1.4299501,-1.52505,1781189042573
2079571006,3,9.387,-1.4059501,-1.6350001,1781189042583
2079571017,3,9.53295,-1.4059501,-1.7670001,1781189042594
2079571027,3,9.615001,-1.3770001,-1.8079501,1781189042603
2079571037,3,9.64305,-1.34895,-1.815,1781189042614
2079571047,3,9.753,-1.3609501,-1.8250501,1781189042624
2079571057,3,9.8880005,-1.401,-1.8649501,1781189042634
2079571067,3,10.05795,-1.4779501,-1.9200001,1781189042644
2079571077,3,10.22805,-1.626,-1.98705,1781189042654
2079571087,3,10.39305,-1.7770501,-2.01105,1781189042664
2079571097,3,10.62495,-1.9759501,-2.06205,1781189042674
2079571107,3,11.005951,-2.2369502,-2.1019502,1781189042684
2079571117,3,11.458051,-2.55795,-2.184,1781189042695
2079571127,3,11.83905,-2.87595,-2.14995,1781189042704
2079571137,3,12.00405,-3.0889502,-1.9990501,1781189042715
2079571148,3,12.00405,-3.1369503,-1.71405,1781189042725
2079571158,3,11.833951,-3.08205,-1.38195,1781189042735
2079571168,3,11.602051,-2.9860501,-1.09395,1781189042746
2079571178,3,11.31,-2.8620002,-0.90000004,1781189042754
2079571188,3,11.0130005,-2.7109501,-0.84300005,1781189042765
2079571198,3,10.836,-2.59905,-0.88095003,1781189042775
2079571208,3,10.812,-2.5170002,-0.99105006,1781189042785
2079571218,3,10.93095,-2.5080001,-1.09695,1781189042795
2079571228,3,11.001,-2.496,-1.2019501,1781189042805
2079571238,3,10.87905,-2.4169502,-1.1850001,1781189042815
2079571248,3,10.522051,-2.2680001,-1.07805,1781189042826
2079571258,3,9.94005,-2.112,-0.94095004,1781189042836
2079571268,3,9.33705,-1.8970501,-0.81405,1781189042846
2079571279,3,8.85795,-1.6309501,-0.771,1781189042855
2079571289,3,8.463,-1.43295,-0.72105,1781189042866
2079571299,3,8.149051,-1.3080001,-0.79995006,1781189042876
2079571309,3,7.9170003,-1.2889501,-0.855,1781189042886
2079571319,3,7.8409505,-1.30305,-0.90795004,1781189042896
2079571329,3,7.8690004,-1.31805,-0.93105006,1781189042906
2079571339,3,8.061001,-1.4250001,-0.94605005,1781189042916
2079571349,3,8.23305,-1.557,-0.9580501,1781189042927
2079571359,3,8.37705,-1.6720501,-0.924,1781189042937
2079571369,3,8.614051,-1.8060001,-0.82905006,1781189042946
2079571379,3,8.932051,-1.9110001,-0.72300005,1781189042958
2079571389,3,9.327001,-2.0329502,-0.67305005,1781189042966
2079571399,3,9.71805,-2.1049502,-0.68700004,1781189042976
2079571409,3,9.94305,-2.0650501,-0.75705004,1781189042987
2079571420,3,9.912001,-1.9350001,-0.78495,1781189042997
2079571430,3,9.68595,-1.7680501,-0.79995006,1781189043007
2079571440,3,9.34605,-1.57605,-0.79995006,1781189043017
2079571450,3,8.97105,-1.43505,-0.72795004,1781189043027
2079571460,3,8.676001,-1.3080001,-0.61095005,1781189043037
2079571470,3,8.464951,-1.2240001,-0.49305,1781189043047
2079571480,3,8.367001,-1.1689501,-0.381,1781189043057
2079571490,3,8.331,-1.1550001,-0.27495003,1781189043067
2079571500,3,8.346001,-1.1689501,-0.21300001,1781189043077
2079571510,3,8.382,-1.19595,-0.18705001,1781189043087
2079571520,3,8.4529505,-1.2270001,-0.14895001,1781189043097
2079571530,3,8.54895,-1.263,-0.165,1781189043108
2079571540,3,8.652,-1.29795,-0.20595,1781189043118
2079571551,3,8.676001,-1.3099501,-0.23700002,1781189043128
2079571561,3,8.68995,-1.3219501,-0.29895002,1781189043139
2079571571,3,8.71395,-1.332,-0.38595003,1781189043148
2079571581,3,8.7289505,-1.33395,-0.462,1781189043158
2079571591,3,8.700001,-1.3369501,-0.52695,1781189043167
2079571601,3,8.700001,-1.33905,-0.55995005,1781189043178
2079571611,3,8.7289505,-1.3560001,-0.57195,1781189043187
2079571621,3,8.75805,-1.3579501,-0.57495004,1781189043198
2079571631,3,8.740951,-1.368,-0.55605,1781189043209
2079571641,3,8.75805,-1.3990501,-0.54105,1781189043219
2079571651,3,8.820001,-1.41795,-0.54105,1781189043229
2079571661,3,8.941951,-1.4830501,-0.56805,1781189043239
2079571671,3,9.106951,-1.53795,-0.58905005,1781189043247
2079571682,3,9.33495,-1.6140001,-0.61095005,1781189043257
2079571692,3,9.58605,-1.6840501,-0.63000005,1781189043269
2079571702,3,9.880051,-1.761,-0.666,1781189043279
2079571712,3,10.194,-1.8199501,-0.62700003,1781189043290
2079571722,3,10.42905,-1.8780001,-0.63000005,1781189043299
2079571732,3,10.59405,-1.9020001,-0.62295,1781189043308
2079571742,3,10.75395,-1.8970501,-0.59205,1781189043318
2079571752,3,10.90005,-1.8829501,-0.52695,1781189043328
2079571762,3,11.082001,-1.8780001,-0.43305,1781189043338
2079571772,3,11.37405,-1.8589501,-0.34695002,1781189043349
2079571782,3,11.71905,-1.8829501,-0.35205,1781189043359
2079571792,3,12.02595,-1.9230001,-0.47700003,1781189043369
2079571802,3,12.198001,-2.01405,-0.63705003,1781189043379
2079571812,3,12.18105,-2.0650501,-0.76605004,1781189043390
2079571823,3,11.92695,-2.01405,-0.77805007,1781189043400
2079571833,3,11.512951,-1.9069501,-0.65400004,1781189043410
2079571843,3,11.070001,-1.794,-0.42900002,1781189043420
2079571853,3,10.540951,-1.6980001,-0.22005,1781189043430
2079571863,3,9.861,-1.5829501,0.064050004,1781189043440
2079571873,3,9.069,-1.4440501,0.31005,1781189043450
2079571883,3,8.311951,-1.3060501,0.564,1781189043460
2079571893,3,7.6540504,-1.16205,0.693,1781189043470
2079571903,3,7.2730503,-1.1190001,0.72705,1781189043482
2079571913,3,7.1200504,-1.15695,0.62595004,1781189043490
2079571923,3,7.11705,-1.23405,0.43695003,1781189043500
2079571933,3,7.20795,-1.3249501,0.18300001,1781189043510
2079571943,3,7.3330503,-1.45605,-0.076950006,1781189043520
2079571954,3,7.4929504,-1.57605,-0.29895002,1781189043531
2079571964,3,7.6729503,-1.713,-0.55995005,1781189043541
2079571974,3,7.8430505,-1.8040501,-0.81195,1781189043551
2079571984,3,8.025001,-1.8589501,-1.0540501,1781189043561
2079571994,3,8.18505,-1.866,-1.2379501,1781189043571
2079572004,3,8.38395,-1.866,-1.3909501,1781189043581
2079572014,3,8.70705,-1.8919501,-1.54005,1781189043591
2079572024,3,9.018001,-1.9470001,-1.64505,1781189043601
2079572034,3,9.262951,-1.96395,-1.7359501,1781189043611
2079572044,3,9.4140005,-1.9540501,-1.7550001,1781189043621
2079572054,3,9.424951,-1.8780001,-1.7170501,1781189043631
2079572064,3,9.39,-1.7890501,-1.64295,1781189043642
2079572074,3,9.318001,-1.6860001,-1.5490501,1781189043652
2079572085,3,9.17895,-1.61205,-1.4440501,1781189043662
2079572095,3,9.054001,-1.5790501,-1.338,1781189043672
2079572105,3,8.925,-1.57095,-1.2430501,1781189043682
2079572115,3,8.7619505,-1.5690001,-1.15695,1781189043692
2079572125,3,8.607,-1.557,-1.12995,1781189043702
2079572135,3,8.49195,-1.5790501,-1.1179501,1781189043712
2079572145,3,8.431951,-1.6140001,-1.1370001,1781189043722
2079572155,3,8.32695,-1.6380001,-1.13505,1781189043732
2079572165,3,8.295,-1.6620001,-1.125,1781189043742
2079572175,3,8.31,-1.6840501,-1.149,1781189043752
2079572185,3,8.370001,-1.6840501,-1.1880001,1781189043762
2079572195,3,8.391001,-1.626,-1.197,1781189043772
2079572205,3,8.34795,-1.5330001,-1.1689501,1781189043783
2079572216,3,8.226001,-1.38705,-1.0849501,1781189043793
2079572226,3,8.097,-1.179,-0.9480001,1781189043802
2079572236,3,7.9890003,-0.9990001,-0.83295006,1781189043813
2079572246,3,7.9480505,-0.81195,-0.74205005,1781189043823
2079572256,3,7.9360504,-0.66405004,-0.69405,1781189043833
2079572266,3,8.00805,-0.62295,-0.702,1781189043843
2079572276,3,8.146951,-0.65400004,-0.74205005,1781189043853
2079572286,3,8.394,-0.753,-0.81195,1781189043863
2079572296,3,8.676001,-0.915,-0.92700005,1781189043873
2079572306,3,8.905951,-1.04505,-1.0009501,1781189043883
2079572316,3,9.126,-1.2100501,-1.0129501,1781189043893
2079572326,3,9.339001,-1.31805,-1.1040001,1781189043903
2079572336,3,9.552,-1.32,-1.2040501,1781189043914
2079572346,3,9.7560005,-1.3060501,-1.2910501,1781189043924
2079572357,3,9.97395,-1.30305,-1.36695,1781189043934
2079572367,3,10.210951,-1.31805,-1.42005,1781189043944
2079572377,3,10.455001,-1.3420501,-1.4490001,1781189043953
2079572387,3,10.60095,-1.4440501,-1.3770001,1781189043964
2079572397,3,10.729951,-1.5979501,-1.5280501,1781189043974
2079572407,3,10.8810005,-1.725,-1.6710001,1781189043984
2079572417,3,10.93605,-1.8040501,-1.79805,1781189043994
2079572427,3,11.05095,-1.8520501,-1.8769501,1781189044004
2079572437,3,11.295,-1.9069501,-1.9270501,1781189044014
2079572447,3,11.559001,-1.9980001,-1.9110001,1781189044025
2079572457,3,11.767051,-2.08395,-1.8220501,1781189044035
2079572467,3,11.937,-2.151,-1.6710001,1781189044044
2079572477,3,11.998951,-2.1049502,-1.47,1781189044054
2079572488,3,11.973001,-2.01195,-1.2930001,1781189044065
2079572498,3,11.889001,-1.9110001,-1.176,1781189044075
2079572508,3,11.724001,-1.8349501,-1.125,1781189044085
2079572518,3,11.48505,-1.7920501,-1.113,1781189044095
2079572528,3,11.21205,-1.7629501,-1.0680001,1781189044104
2079572538,3,10.893001,-1.7149501,-1.0180501,1781189044115
2079572548,3,10.54605,-1.65795,-0.915,1781189044124
2079572558,3,10.158001,-1.58595,-0.78795004,1781189044135
2079572568,3,9.670051,-1.4950501,-0.63900006,1781189044145
2079572578,3,9.229051,-1.437,-0.50100005,1781189044156
2079572588,3,8.901,-1.46595,-0.48600003,1781189044166
2079572598,3,8.608951,-1.5520501,-0.52005005,1781189044176
2079572608,3,8.3220005,-1.6189501,-0.61800003,1781189044186
2079572619,3,8.085,-1.6819501,-0.74700004,1781189044196
2079572629,3,7.9789505,-1.7629501,-0.924,1781189044206
2079572639,3,7.9960504,-1.8679501,-1.10595,1781189044216
2079572649,3,8.0779505,-1.9230001,-1.3069501,1781189044226
2079572659,3,8.11095,-1.96905,-1.4100001,1781189044236
2079572669,3,8.121,-2.0359502,-1.4250001,1781189044247
2079572679,3,8.146951,-2.163,-1.31895,1781189044256
2079572689,3,8.269051,-2.32305,-1.1899501,1781189044267
2079572699,3,8.563951,-2.4739501,-1.125,1781189044277
2079572709,3,8.950951,-2.57505,-1.14705,1781189044287
2079572719,3,9.33195,-2.6800501,-1.2760501,1781189044296
2079572729,3,9.66705,-2.6890502,-1.47,1781189044306
2079572739,3,9.825001,-2.5530002,-1.5850501,1781189044317
2079572750,3,9.727051,-2.28495,-1.59,1781189044327
2079572760,3,9.45405,-1.9980001,-1.485,1781189044337
2079572770,3,9.078,-1.74405,-1.2859501,1781189044347
2079572780,3,8.688001,-1.5139501,-1.0489501,1781189044357
2079572790,3,8.35305,-1.3249501,-0.80895007,1781189044367
2079572800,3,8.08005,-1.15695,-0.60795003,1781189044377
2079572810,3,7.9339504,-1.04505,-0.41700003,1781189044387
2079572820,3,7.9170003,-0.97005004,-0.25395,1781189044397
2079572830,3,8.03205,-0.97305006,-0.15795001,1781189044407
2079572840,3,8.18505,-1.04505,-0.13905,1781189044417
2079572850,3,8.290951,-1.1050501,-0.13395001,1781189044427
2079572860,3,8.343,-1.1719501,-0.15300001,1781189044437
2079572870,3,8.37705,-1.19295,-0.156,1781189044449
2079572880,3,8.431951,-1.212,-0.15300001,1781189044459
2079572891,3,8.48505,-1.24605,-0.132,1781189044469
2079572901,3,8.571,-1.2940501,-0.120000005,1781189044478
2079572911,3,8.70195,-1.35105,-0.079050004,1781189044488
2079572921,3,8.83395,-1.416,-0.06705,1781189044498
2079572931,3,8.911051,-1.5120001,-0.08400001,1781189044509
2079572941,3,8.905951,-1.5670501,-0.096,1781189044518
2079572951,3,8.841001,-1.58595,-0.08595,1781189044527
2079572961,3,8.832001,-1.5880501,-0.076950006,1781189044538
2079572971,3,8.93505,-1.6170001,-0.08205,1781189044548
2079572981,3,9.076051,-1.6500001,-0.13395001,1781189044559
2079572991,3,9.28905,-1.72695,-0.24195,1781189044569
2079573001,3,9.471001,-1.7839501,-0.33105,1781189044577
2079573011,3,9.62205,-1.8079501,-0.39495003,1781189044587
2079573022,3,9.777,-1.8319501,-0.42900002,1781189044598
2079573032,3,9.99495,-1.863,-0.44505003,1781189044609
2079573042,3,10.207951,-1.9090501,-0.41205,1781189044618
2079573052,3,10.48095,-1.9930501,-0.39795002,1781189044629
2079573062,3,10.95495,-2.12895,-0.45705003,1781189044640
2079573072,3,11.688001,-2.3449502,-0.57000005,1781189044648
2079573082,3,12.48795,-2.6220002,-0.86895007,1781189044659
2079573092,3,13.314001,-2.8279502,-1.2240001,1781189044671
2079573102,3,13.873951,-2.91,-1.48695,1781189044679
2079573112,3,13.741951,-2.7109501,-1.4610001,1781189044690
2079573122,3,12.928051,-2.29695,-1.164,1781189044702
2079573132,3,11.856001,-1.8420001,-0.70905006,1781189044709
2079573142,3,10.70895,-1.4490001,-0.24405001,1781189044720
2079573153,3,9.52095,-1.0999501,0.15195,1781189044730
2079573163,3,8.38395,-0.77895004,0.47100002,1781189044740
2079573173,3,7.4340005,-0.549,0.68100005,1781189044750
2079573183,3,6.8209505,-0.42195,0.81795,1781189044760
2079573193,3,6.53805,-0.40500003,0.837,1781189044770
2079573203,3,6.64305,-0.51105005,0.71505004,1781189044780
2079573213,3,6.9859505,-0.71895003,0.44400004,1781189044789
2079573223,3,7.3690505,-0.94395006,0.13305001,1781189044800
2079573233,3,7.6540504,-1.1190001,-0.112950005,1781189044810
2079573243,3,7.8090005,-1.2390001,-0.32805002,1781189044820
2079573253,3,7.8690004,-1.3969501,-0.49605003,1781189044830
2079573263,3,7.9630504,-1.53795,-0.69405,1781189044840
2079573273,3,8.11305,-1.6339501,-0.924,1781189044851
2079573283,3,8.2570505,-1.7010001,-1.17795,1781189044860
2079573294,3,8.403001,-1.7340001,-1.4100001,1781189044871
2079573304,3,8.53695,-1.7340001,-1.6380001,1781189044881
2079573314,3,8.71695,-1.6789501,-1.79805,1781189044891
2079573324,3,8.944051,-1.62405,-1.91805,1781189044901
2079573334,3,9.14295,-1.6000501,-2.01105,1781189044911
2079573344,3,9.30105,-1.524,-2.02095,1781189044921
2079573354,3,9.375,-1.4280001,-1.9609501,1781189044931
2079573364,3,9.330001,-1.3060501,-1.82895,1781189044941
2079573374,3,9.162001,-1.167,-1.6999501,1781189044951
2079573384,3,8.997001,-1.0519501,-1.57095,1781189044962
2079573394,3,8.82495,-0.99000007,-1.5319501,1781189044971
2079573404,3,8.65005,-0.92700005,-1.5280501,1781189044981
2079573414,3,8.51595,-0.90795004,-1.5829501,1781189044992
2079573425,3,8.406,-0.95400006,-1.6519501,1781189045002
2079573435,3,8.31705,-1.02795,-1.7070001,1781189045012
2079573445,3,8.262,-1.15005,-1.7550001,1781189045022
2079573455,3,8.278951,-1.2720001,-1.7410501,1781189045031
2079573465,3,8.298,-1.38495,-1.6810501,1781189045042
2079573475,3,8.286,-1.4760001,-1.554,1781189045052
2079573485,3,8.319,-1.53795,-1.401,1781189045062
2079573495,3,8.319,-1.557,-1.2019501,1781189045072
2079573505,3,8.346001,-1.5589501,-1.01505,1781189045082
2079573515,3,8.39595,-1.5469501,-0.85695004,1781189045092
2079573525,3,8.451,-1.50705,-0.735,1781189045102
2079573535,3,8.475,-1.4640001,-0.666,1781189045112
2079573545,3,8.50905,-1.4059501,-0.65400004,1781189045123
2079573556,3,8.51805,-1.3579501,-0.70395005,1781189045133
2079573566,3,8.563951,-1.3219501,-0.78795004,1781189045142
2079573576,3,8.616,-1.3099501,-0.85995007,1781189045153
2079573586,3,8.69505,-1.33395,-0.99105006,1781189045163
2079573596,3,8.797951,-1.3440001,-1.09905,1781189045173
2079573606,3,8.88195,-1.3630501,-1.1850001,1781189045183
2079573616,3,8.961,-1.368,-1.2550501,1781189045193
2079573626,3,9.078,-1.3800001,-1.26195,1781189045204
2079573636,3,9.229051,-1.437,-1.2790501,1781189045213
2079573646,3,9.44505,-1.5589501,-1.33395,1781189045224
2079573656,3,9.745951,-1.7010001,-1.437,1781189045235
2079573666,3,10.11495,-1.8589501,-1.57095,1781189045244
2079573676,3,10.527,-2.02395,-1.7190001,1781189045253
2079573687,3,10.717951,-2.1679502,-1.76205,1781189045264
2079573697,3,10.693951,-2.2110002,-1.7220001,1781189045274
2079573707,3,10.62495,-2.187,-1.5970501,1781189045284
2079573717,3,10.648951,-2.19105,-1.5010501,1781189045294
2079573727,3,10.824,-2.25105,-1.434,1781189045303
2079573737,3,11.008051,-2.3110502,-1.3600501,1781189045314
2079573747,3,11.182951,-2.3470502,-1.2910501,1781189045324
2079573757,3,11.305051,-2.3400002,-1.18305,1781189045334
2079573767,3,11.41695,-2.2800002,-1.0849501,1781189045344
2079573777,3,11.464951,-2.22705,-1.04205,1781189045354
2079573787,3,11.463,-2.184,-1.056,1781189045364
2079573797,3,11.499001,-2.17995,-1.10595,1781189045374
2079573807,3,11.66895,-2.2470002,-1.21605,1781189045384
2079573817,3,11.844001,-2.32305,-1.2709501,1781189045394
2079573828,3,11.797951,-2.3140502,-1.2570001,1781189045405
2079573838,3,11.42205,-2.19105,-1.1400001,1781189045415
2079573848,3,10.75905,-2.01405,-0.975,1781189045425
2079573858,3,9.98805,-1.8250501,-0.78795004,1781189045435
2079573868,3,9.35805,-1.71,-0.60795003,1781189045445
2079573878,3,8.841001,-1.6819501,-0.49095002,1781189045455
2079573888,3,8.367001,-1.674,-0.44295,1781189045465
2079573898,3,7.9939504,-1.6890001,-0.44805002,1781189045475
2079573908,3,7.7899504,-1.746,-0.46005002,1781189045486
2079573918,3,7.7179503,-1.8060001,-0.53595,1781189045495
2079573928,3,7.69395,-1.8559501,-0.61800003,1781189045506
2079573938,3,7.7470503,-1.9350001,-0.68700004,1781189045515
2079573948,3,7.79505,-1.99995,-0.71595,1781189045526
2079573959,3,7.9240503,-2.05305,-0.66105,1781189045536
2079573969,3,8.271001,-2.15295,-0.558,1781189045546
2079573979,3,8.6980505,-2.3110502,-0.54405004,1781189045556
2079573989,3,9.118951,-2.46705,-0.63900006,1781189045566
2079573999,3,9.5449505,-2.57205,-0.80700004,1781189045579
2079574009,3,9.876,-2.5170002,-1.04595,1781189045586
2079574019,3,9.933001,-2.3040001,-1.1920501,1781189045596
2079574029,3,9.77295,-2.0070002,-1.245,1781189045606
2079574039,3,9.47295,-1.7320501,-1.1850001,1781189045617
2079574049,3,9.1050005,-1.50405,-1.0699501,1781189045627
2079574059,3,8.785951,-1.3300501,-0.93405,1781189045636
2079574069,3,8.52795,-1.1880001,-0.81195,1781189045647
2079574079,3,8.358001,-1.07295,-0.69000006,1781189045657
2079574090,3,8.26395,-0.99705005,-0.56505,1781189045667
2079574100,3,8.281051,-0.96795005,-0.48900002,1781189045677
2079574110,3,8.3220005,-0.98505,-0.46905002,1781189045687
2079574120,3,8.331,-1.023,-0.52005005,1781189045699
2079574130,3,8.35005,-1.09305,-0.58695,1781189045708
2079574140,3,8.343,-1.164,-0.63705003,1781189045717
2079574150,3,8.37195,-1.2240001,-0.67305005,1781189045727
2079574160,3,8.437051,-1.29795,-0.68205005,1781189045737
2079574170,3,8.500951,-1.3729501,-0.67095006,1781189045747
2079574180,3,8.578051,-1.4440501,-0.64905006,1781189045757
2079574190,3,8.602051,-1.5120001,-0.59205,1781189045767
2079574200,3,8.596951,-1.5670501,-0.53595,1781189045777
2079574210,3,8.608951,-1.6099501,-0.49605003,1781189045787
2079574220,3,8.608951,-1.6480501,-0.43800002,1781189045798
2079574231,3,8.55195,-1.6650001,-0.41400003,1781189045807
2079574241,3,8.51805,-1.6669501,-0.39000002,1781189045817
2079574251,3,8.52495,-1.6699501,-0.34005,1781189045827
2079574261,3,8.6640005,-1.6720501,-0.28305,1781189045838
2079574271,3,8.911051,-1.713,-0.21795002,1781189045847
2079574281,3,9.27,-1.7839501,-0.18405001,1781189045858
2079574291,3,9.61905,-1.8730501,-0.22305001,1781189045868
2079574301,3,10.014001,-1.9470001,-0.26295,1781189045879
2079574311,3,10.398001,-1.9810501,-0.28500003,1781189045889
2079574321,3,10.72605,-1.9570501,-0.29205,1781189045899
2079574331,3,11.022,-1.9159501,-0.28005,1781189045908
2079574341,3,11.42205,-1.9069501,-0.33795002,1781189045917
2079574351,3,11.87205,-1.9210501,-0.44505003,1781189045930
2079574362,3,12.208051,-1.9230001,-0.62505,1781189045939
2079574372,3,12.409051,-1.8780001,-0.81705004,1781189045949
2079574382,3,12.519001,-1.7629501,-0.96300006,1781189045958
2079574392,3,12.411,-1.62405,-0.99600005,1781189045967
2079574402,3,12.045001,-1.485,-0.91995007,1781189045977
2079574412,3,11.596951,-1.35405,-0.75705004,1781189045988
2079574422,3,11.109,-1.24605,-0.60300004,1781189045998
2079574432,3,10.55805,-1.1719501,-0.43605003,1781189046008
2079574442,3,9.933001,-1.1020501,-0.28005,1781189046019
2079574452,3,9.28905,-1.00605,-0.08205,1781189046029
2079574462,3,8.70705,-0.94200003,0.094950005,1781189046038
2079574472,3,8.283,-0.88905007,0.26205,1781189046049
2079574482,3,7.9819503,-0.86295,0.34395,1781189046060
2079574493,3,7.76205,-0.90105003,0.31695002,1781189046069
2079574503,3,7.5820503,-0.93705004,0.23805001,1781189046080
2079574513,3,7.4620504,-1.014,0.09195001,1781189046090
2079574523,3,7.3980002,-1.128,-0.058050003,1781189046100
2079574533,3,7.359,-1.26705,-0.25605002,1781189046110
2079574543,3,7.4140506,-1.437,-0.46695003,1781189046119
2079574553,3,7.52895,-1.6140001,-0.68505,1781189046129
2079574563,3,7.6830006,-1.7700001,-0.91695005,1781189046140
2079574573,3,7.8910503,-1.93095,-1.1520001,1781189046152
2079574583,3,8.145,-2.06205,-1.365,1781189046160
2079574593,3,8.443951,-2.18205,-1.5439501,1781189046170
2079574603,3,8.74995,-2.28705,-1.71405,1781189046180
2079574613,3,8.95905,-2.35695,-1.779,1781189046190
2079574624,3,9.018001,-2.3380501,-1.695,1781189046201
2079574634,3,9.02295,-2.22495,-1.542,1781189046211
2079574644,3,9.05895,-2.1030002,-1.4130001,1781189046221
2079574654,3,8.96805,-1.899,-1.26405,1781189046231
2079574664,3,8.773951,-1.6699501,-1.05795,1781189046241
2079574674,3,8.523001,-1.452,-0.77805007,1781189046251
2079574684,3,8.214001,-1.263,-0.47400004,1781189046261
2079574694,3,7.977,-1.15695,-0.27795002,1781189046271
2079574704,3,7.9120502,-1.1020501,-0.252,1781189046281
2079574714,3,8.02995,-1.08105,-0.41895002,1781189046291
2079574724,3,8.3220005,-1.1209501,-0.73995006,1781189046301
2079574734,3,8.66205,-1.19595,-1.149,1781189046311
2079574744,3,8.941951,-1.2529501,-1.485,1781189046322
2079574754,3,8.98995,-1.19295,-1.63995,1781189046331
2079574765,3,8.88,-1.0330501,-1.5970501,1781189046342
2079574775,3,8.7310505,-0.89400005,-1.4389501,1781189046352
2079574785,3,8.602051,-0.82905006,-1.2570001,1781189046362
2079574795,3,8.44095,-0.77205,-1.06305,1781189046372
2079574805,3,8.34795,-0.76695,-0.9289501,1781189046382
2079574815,3,8.431951,-0.82005006,-0.94305,1781189046392
2079574825,3,8.559,-0.92700005,-1.0200001,1781189046402
2079574835,3,8.7289505,-1.03995,-1.1040001,1781189046412
2079574845,3,9.02595,-1.1740501,-1.2400501,1781189046422
2079574855,3,9.31095,-1.3080001,-1.30005,1781189046432
2079574865,3,9.564,-1.3800001,-1.2400501,1781189046442
2079574875,3,9.727051,-1.404,-0.96495,1781189046452
2079574885,3,9.79695,-1.3969501,-0.52005005,1781189046462
2079574896,3,9.89505,-1.3770001,-0.097950004,1781189046473
2079574906,3,10.033951,-1.26495,0.109050006,1781189046482
2079574916,3,10.189051,-1.2049501,0.13095,1781189046493
2079574926,3,10.386001,-1.2360001,0.010950001,1781189046502
2079574936,3,10.575001,-1.33905,-0.29700002,1781189046513
2079574946,3,10.764001,-1.5619501,-0.75900006,1781189046523
2079574956,3,10.981951,-1.9039501,-1.30005,1781189046533
2079574966,3,11.23095,-2.091,-1.79295,1781189046543
2079574976,3,11.496,-2.1390002,-2.184,1781189046553
2079574986,3,11.71395,-2.1700501,-2.4780002,1781189046563
2079574996,3,11.899051,-2.3089502,-2.6509502,1781189046573
2079575006,3,12.057,-2.46195,-2.6479502,1781189046583
2079575016,3,12.162001,-2.5429502,-2.46405,1781189046594
2079575027,3,12.19095,-2.5189502,-2.15505,1781189046603
2079575037,3,12.106951,-2.43105,-1.83405,1781189046614
2079575047,3,11.97795,-2.361,-1.5799501,1781189046624
2079575057,3,11.875051,-2.31795,-1.4610001,1781189046634
2079575067,3,11.841001,-2.29695,-1.4100001,1781189046644
2079575077,3,11.817,-2.2369502,-1.4440501,1781189046654
2079575087,3,11.63805,-2.1079502,-1.365,1781189046664
2079575097,3,11.215951,-1.8709501,-1.1899501,1781189046674
2079575107,3,10.534051,-1.593,-0.92700005,1781189046684
2079575117,3,9.801001,-1.33905,-0.59895,1781189046694
2079575127,3,9.14505,-1.2049501,-0.29505002,1781189046704
2079575137,3,8.57295,-1.14795,-0.055050004,1781189046715
2079575147,3,8.118,-1.1740501,0.078,1781189046725
2079575158,3,7.7689505,-1.2360001,0.109050006,1781189046734
2079575168,3,7.5150003,-1.32,0.05595,1781189046745
2079575178,3,7.386,-1.401,-0.036000002,1781189046755
2079575188,3,7.3879504,-1.53795,-0.19395001,1781189046765
2079575198,3,7.5799503,-1.7010001,-0.37800002,1781189046775
2079575208,3,7.9459505,-1.9900501,-0.60795003,1781189046785
2079575218,3,8.382,-2.29395,-0.90795004,1781189046795
2079575228,3,8.776951,-2.53605,-1.21905,1781189046805
2079575238,3,9.14505,-2.706,-1.485,1781189046815
2079575248,3,9.44205,-2.8159502,-1.6879501,1781189046825
2079575258,3,9.576,-2.80395,-1.7740501,1781189046835
2079575268,3,9.540001,-2.7130501,-1.71405,1781189046846
2079575278,3,9.36795,-2.5530002,-1.50405,1781189046856
2079575288,3,9.121051,-2.3760002,-1.2210001,1781189046866
2079575299,3,8.923051,-2.22495,-0.94605005,1781189046876
2079575309,3,8.76,-2.1030002,-0.73995006,1781189046886
2079575319,3,8.62605,-1.9620001,-0.57705003,1781189046896
2079575329,3,8.51805,-1.81605,-0.49305,1781189046906
2079575339,3,8.403001,-1.64295,-0.45705003,1781189046916
2079575349,3,8.2570505,-1.4760001,-0.45495003,1781189046926
2079575359,3,8.06805,-1.3249501,-0.43305,1781189046936
2079575369,3,7.8139505,-1.179,-0.39495003,1781189046947
2079575379,3,7.563,-1.059,-0.33105,1781189046957
2079575389,3,7.3980002,-0.97005004,-0.27495003,1781189046966
2079575399,3,7.314,-0.89100003,-0.24900001,1781189046976
2079575409,3,7.3020005,-0.85305005,-0.23700002,1781189046987
2079575419,3,7.386,-0.84405005,-0.26805001,1781189046997
2079575430,3,7.5049505,-0.83205,-0.32805002,1781189047006
2079575440,3,7.6750503,-0.86505,-0.381,1781189047016
2079575450,3,7.7590504,-0.90105003,-0.402,1781189047027
2079575460,3,7.7160006,-0.85995007,-0.35205,1781189047037
2079575470,3,7.6990504,-0.77205,-0.29505002,1781189047047
2079575480,3,7.70205,-0.702,-0.22995001,1781189047057
2079575490,3,7.7299504,-0.64005005,-0.16800001,1781189047067
2079575500,3,7.8019505,-0.65205,-0.165,1781189047077
2079575510,3,7.9600506,-0.68295,-0.24195,1781189047087
2079575520,3,8.17095,-0.726,-0.34305,1781189047097
2079575530,3,8.41005,-0.79095006,-0.462,1781189047107
2079575540,3,8.7310505,-0.86505,-0.56505,1781189047117
2079575550,3,9.085951,-0.93195003,-0.67800003,1781189047127
2079575561,3,9.4470005,-0.9580501,-0.76095,1781189047140
2079575571,3,9.7560005,-0.9799501,-0.79005,1781189047150
2079575581,3,9.922951,-1.00605,-0.80895007,1781189047159
2079575591,3,10.012051,-1.0350001,-0.76605004,1781189047167
2079575601,3,10.113001,-1.0999501,-0.73305005,1781189047178
2079575611,3,10.323001,-1.1910001,-0.69000006,1781189047187
2079575621,3,10.620001,-1.3420501,-0.63495004,1781189047198
2079575631,3,10.94295,-1.5280501,-0.55095005,1781189047208
2079575641,3,11.269051,-1.7320501,-0.47895002,1781189047217
2079575651,3,11.63805,-1.93095,-0.49305,1781189047229
2079575661,3,12.066001,-2.1100502,-0.64395005,1781189047238
2079575671,3,12.50205,-2.2440002,-0.90000004,1781189047248
2079575681,3,12.864,-2.3710501,-1.2070501,1781189047259
2079575691,3,13.074,-2.4550502,-1.45605,1781189047269
2079575702,3,13.000051,-2.4070501,-1.4970001,1781189047279
2079575712,3,12.591001,-2.24895,-1.353,1781189047289
2079575722,3,11.92695,-2.01195,-1.0870501,1781189047299
2079575732,3,11.128051,-1.7580001,-0.77805007,1781189047307
2079575742,3,10.339951,-1.4899501,-0.46695003,1781189047318
2079575752,3,9.624001,-1.31295,-0.16095,1781189047329
2079575762,3,8.956051,-1.1839501,0.11895001,1781189047338
2079575772,3,8.367001,-1.11405,0.35595003,1781189047348
2079575782,3,7.8499503,-1.0710001,0.58305,1781189047358
2079575792,3,7.4430003,-1.0639501,0.72195005,1781189047369
2079575802,3,7.1650505,-1.0999501,0.78195006,1781189047379
2079575812,3,7.06995,-1.22895,0.708,1781189047389
2079575822,3,7.0909505,-1.3729501,0.53295004,1781189047400
2079575833,3,7.2040505,-1.5310501,0.30795002,1781189047409
2079575843,3,7.4380503,-1.66005,-0.036000002,1781189047420
2079575853,3,7.7110505,-1.794,-0.462,1781189047430
2079575863,3,8.058001,-1.9399501,-0.96495,1781189047440
2079575873,3,8.40795,-2.04495,-1.4680501,1781189047450
2079575883,3,8.69505,-2.08395,-1.87995,1781189047460
2079575893,3,8.875051,-2.079,-2.157,1781189047470
2079575903,3,8.923051,-2.01705,-2.25495,1781189047482
2079575913,3,8.887051,-1.9210501,-2.2099502,1781189047491
2079575923,3,8.772,-1.8280501,-2.1070502,1781189047500
2079575933,3,8.616,-1.7149501,-1.9080001,1781189047510
2079575943,3,8.44095,-1.5949501,-1.6860001,1781189047520
2079575953,3,8.281051,-1.4950501,-1.4320501,1781189047531
2079575964,3,8.128051,-1.3969501,-1.212,1781189047541
2079575974,3,8.00595,-1.2859501,-1.0680001,1781189047551
2079575984,3,7.9530005,-1.2030001,-1.0129501,1781189047561
2079575994,3,7.8570004,-1.167,-0.99405,1781189047571
2079576004,3,7.7110505,-1.095,-0.92700005,1781189047581
2079576014,3,7.5990005,-1.07805,-0.88605005,1781189047591
2079576024,3,7.5750003,-1.14795,-0.87600005,1781189047601
2079576034,3,7.6489506,-1.27005,-0.90795004,1781189047611
2079576044,3,7.82595,-1.38495,-0.97905004,1781189047621
2079576054,3,7.9549503,-1.4899501,-1.0180501,1781189047631
2079576064,3,8.06295,-1.53495,-1.03005,1781189047642
2079576074,3,8.13,-1.53795,-1.02195,1781189047651
2079576084,3,8.154,-1.4950501,-0.97905004,1781189047662
2079576095,3,8.16405,-1.43505,-0.89295006,1781189047672
2079576105,3,8.269051,-1.4059501,-0.80895007,1781189047682
2079576115,3,8.431951,-1.401,-0.76395005,1781189047692
2079576125,3,8.68095,-1.44,-0.711,1781189047702
2079576135,3,8.96805,-1.4970001,-0.68700004,1781189047713
2079576145,3,9.232051,-1.5690001,-0.68700004,1781189047722
2079576155,3,9.423,-1.6290001,-0.70905006,1781189047732
2079576165,3,9.504001,-1.65495,-0.74505,1781189047742
2079576175,3,9.588,-1.6360501,-0.81705004,1781189047752
2079576185,3,9.753,-1.6000501,-0.94305,1781189047762
2079576195,3,10.021951,-1.6000501,-1.09905,1781189047772
2079576205,3,10.314,-1.6360501,-1.233,1781189047782
2079576215,3,10.60305,-1.674,-1.3219501,1781189047793
2079576225,3,10.89105,-1.7490001,-1.389,1781189047802
2079576236,3,11.125051,-1.84695,-1.437,1781189047813
2079576246,3,11.47305,-2.01195,-1.554,1781189047822
2079576256,3,11.99205,-2.25105,-1.75995,1781189047833
2079576266,3,12.538051,-2.5819502,-2.0350502,1781189047843
2079576276,3,12.993001,-2.8950002,-2.253,1781189047852
2079576286,3,13.242001,-3.006,-2.3110502,1781189047863
2079576296,3,13.174951,-2.97405,-2.18595,1781189047873
2079576306,3,12.84405,-2.7880502,-1.8919501,1781189047883
2079576316,3,12.339001,-2.5530002,-1.56105,1781189047893
2079576326,3,11.689951,-2.3140502,-1.2760501,1781189047903
2079576336,3,10.981951,-2.148,-1.0320001,1781189047914
2079576346,3,10.278001,-1.9950001,-0.82605004,1781189047924
2079576356,3,9.739051,-1.914,-0.60105,1781189047934
2079576367,3,9.366,-1.93095,-0.39495003,1781189047944
2079576377,3,9.186001,-2.01,-0.25605002,1781189047953
2079576387,3,9.19305,-2.1720002,-0.16800001,1781189047964
2079576397,3,9.306001,-2.43105,-0.14895001,1781189047974
2079576407,3,9.34605,-2.601,-0.24000001,1781189047984
2079576417,3,9.28905,-2.6820002,-0.31395,1781189047994
2079576427,3,9.097051,-2.6250002,-0.45000002,1781189048003
2079576437,3,8.80305,-2.5459502,-0.51705,1781189048014
2079576447,3,8.592,-2.4480002,-0.67800003,1781189048024
2079576457,3,8.53005,-2.364,-0.915,1781189048034
2079576467,3,8.587951,-2.2729502,-1.19505,1781189048044
2079576477,3,8.776951,-2.16,-1.4460001,1781189048054
2079576487,3,9.093,-2.1030002,-1.7310001,1781189048064
2079576498,3,9.44205,-2.091,-1.9270501,1781189048075
2079576508,3,9.67905,-2.05305,-1.9630501,1781189048085
2079576518,3,9.7560005,-1.9780501,-1.8580501,1781189048095
2079576528,3,9.682051,-1.84905,-1.6309501,1781189048105
2079576538,3,9.52095,-1.7149501,-1.40295,1781189048115
2079576548,3,9.27,-1.6000501,-1.1899501,1781189048125
2079576558,3,8.985001,-1.4800501,-0.93600005,1781189048135
2079576568,3,8.623051,-1.368,-0.72300005,1781189048145
2079576578,3,8.31,-1.2550501,-0.60300004,1781189048155
2079576588,3,8.137051,-1.212,-0.56505,1781189048166
2079576598,3,8.089951,-1.248,-0.58905005,1781189048175
2079576608,3,8.17095,-1.34895,-0.63000005,1781189048186
2079576618,3,8.262,-1.4470501,-0.69900006,1781189048196
2079576629,3,8.22795,-1.50405,-0.73005,1781189048206
2079576639,3,8.13,-1.4950501,-0.69405,1781189048215
2079576649,3,7.9890003,-1.4280001,-0.63705003,1781189048226
2079576659,3,7.79295,-1.35105,-0.53205,1781189048235
2079576669,3,7.5799503,-1.251,-0.41400003,1781189048246
2079576679,3,7.4140506,-1.164,-0.30705002,1781189048256
2079576689,3,7.3879504,-1.107,-0.22800002,1781189048267
2079576699,3,7.5100503,-1.09305,-0.201,1781189048276
2079576709,3,7.76205,-1.10895,-0.252,1781189048287
2079576719,3,8.04405,-1.1689501,-0.39495003,1781189048297
2079576729,3,8.274,-1.18605,-0.56805,1781189048307
2079576739,3,8.36205,-1.1380501,-0.71400005,1781189048317
2079576749,3,8.31705,-1.04505,-0.78300005,1781189048327
2079576759,3,8.262,-0.915,-0.74505,1781189048337
2079576770,3,8.271001,-0.79305005,-0.69405,1781189048347
2079576780,3,8.36205,-0.70005006,-0.62295,1781189048357
2079576790,3,8.56095,-0.69495004,-0.59205,1781189048367
2079576800,3,8.923051,-0.76005006,-0.58905005,1781189048377
2079576810,3,9.430051,-0.87000006,-0.67305005,1781189048387
2079576820,3,10.002001,-0.99195004,-0.79005,1781189048398
2079576830,3,10.431001,-1.07805,-0.89295006,1781189048407
2079576840,3,10.647,-1.10895,-0.91995007,1781189048418
2079576850,3,10.73295,-1.10895,-0.94095004,1781189048427
2079576860,3,10.812,-1.0999501,-0.93405,1781189048437
2079576870,3,11.034,-1.15995,-0.91995007,1781189048447
2079576880,3,11.4199505,-1.31505,-0.90795004,1781189048458
2079576890,3,11.833951,-1.5160501,-0.90795004,1781189048468
2079576901,3,12.2029505,-1.7170501,-0.88095003,1781189048479
2079576911,3,12.43305,-1.9110001,-0.83595,1781189048489
2079576921,3,12.471001,-2.04495,-0.81195,1781189048497
2079576931,3,12.403951,-2.05695,-0.75405,1781189048509
2079576941,3,12.29895,-2.0310001,-0.66105,1781189048519
2079576951,3,12.00405,-1.93305,-0.54795,1781189048527
2079576961,3,11.467951,-1.7680501,-0.40500003,1781189048538
2079576971,3,10.788,-1.5790501,-0.20400001,1781189048547
2079576981,3,10.042951,-1.3750501,-0.01695,1781189048558
2079576991,3,9.387,-1.2030001,0.17805001,1781189048569
2079577001,3,8.86305,-1.095,0.34395,1781189048577
2079577011,3,8.49195,-1.0540501,0.411,1781189048588
2079577021,3,8.19495,-1.03695,0.43905002,1781189048599
2079577032,3,7.9579506,-1.0519501,0.44205,1781189048608
2079577042,3,7.8090005,-1.116,0.35595003,1781189048619
2079577052,3,7.6990504,-1.215,0.231,1781189048629
2079577062,3,7.6320004,-1.3249501,0.06795,1781189048639
2079577072,3,7.6540504,-1.46595,-0.19605,1781189048648
2079577082,3,7.6800003,-1.6339501,-0.47205,1781189048658
2079577092,3,7.7260504,-1.76505,-0.78105,1781189048668
2079577102,3,7.8409505,-1.9110001,-1.0489501,1781189048678
2079577112,3,8.01105,-2.02395,-1.30305,1781189048689
2079577122,3,8.22795,-2.115,-1.5079501,1781189048700
2079577132,3,8.418,-2.11995,-1.64505,1781189048709
2079577142,3,8.535001,-2.08605,-1.6830001,1781189048720
2079577152,3,8.568001,-2.05305,-1.6279501,1781189048730
2079577162,3,8.578051,-2.019,-1.5679501,1781189048739
2079577173,3,8.568001,-2.0050502,-1.4290501,1781189048748
2079577183,3,8.500951,-1.9620001,-1.30305,1781189048760
2079577193,3,8.413051,-1.8730501,-1.25205,1781189048770
2079577203,3,8.3220005,-1.7580001,-1.19505,1781189048780
2079577213,3,8.254951,-1.6030501,-1.176,1781189048790
2079577223,3,8.21205,-1.4950501,-1.19505,1781189048800
2079577233,3,8.191951,-1.42305,-1.2210001,1781189048810
2079577243,3,8.20695,-1.4059501,-1.2570001,1781189048820
2079577253,3,8.19495,-1.3800001,-1.23105,1781189048830
2079577263,3,8.181001,-1.3729501,-1.14195,1781189048840
2079577273,3,8.21595,-1.3990501,-1.0849501,1781189048850
2079577283,3,8.24295,-1.4280001,-1.0030501,1781189048860
2079577293,3,8.260051,-1.452,-0.94605005,1781189048870
2079577304,3,8.35305,-1.485,-0.98700005,1781189048881
2079577314,3,8.41005,-1.4899501,-1.0180501,1781189048891
2079577324,3,8.431951,-1.4490001,-1.00605,1781189048901
2079577334,3,8.38395,-1.3939501,-0.95295006,1781189048911
2079577344,3,8.335951,-1.3369501,-0.85005003,1781189048921
2079577354,3,8.35995,-1.31295,-0.72105,1781189048931
2079577364,3,8.4529505,-1.389,-0.66300005,1781189048941
2079577374,3,8.608951,-1.4950501,-0.63900006,1781189048951
2079577384,3,8.905951,-1.6789501,-0.78495,1781189048961
2079577394,3,9.226951,-1.84395,-0.975,1781189048971
2079577404,3,9.50895,-1.9230001,-1.2090001,1781189048981
2079577414,3,9.813001,-1.8730501,-1.36995,1781189048991
2079577424,3,10.09305,-1.77495,-1.4680501,1781189049002
2079577435,3,10.359,-1.66005,-1.4629501,1781189049012
2079577445,3,10.648951,-1.5520501,-1.4059501,1781189049022
2079577455,3,10.984051,-1.524,-1.3740001,1781189049032
2079577465,3,11.26395,-1.5589501,-1.365,1781189049042
2079577475,3,11.491951,-1.6339501,-1.3620001,1781189049052
2079577485,3,11.724001,-1.7370001,-1.4290501,1781189049062
2079577495,3,12.00195,-1.84395,-1.55595,1781189049072
2079577505,3,12.3820505,-2.0020502,-1.7410501,1781189049082
2079577515,3,12.780001,-2.2060502,-1.8940501,1781189049092
2079577525,3,13.113001,-2.39295,-1.8870001,1781189049102
2079577535,3,13.237051,-2.493,-1.67595,1781189049112
2079577545,3,13.242001,-2.52705,-1.3939501,1781189049122
2079577555,3,13.074,-2.5189502,-1.12995,1781189049132
2079577566,3,12.688951,-2.4810002,-0.92700005,1781189049143
2079577576,3,12.234,-2.4550502,-0.85695004,1781189049153
2079577586,3,11.833951,-2.4430501,-0.93900007,1781189049163
2079577596,3,11.524951,-2.4430501,-1.056,1781189049173
2079577606,3,11.155951,-2.4070501,-1.113,1781189049184
2079577616,3,10.548,-2.28195,-1.0489501,1781189049193
2079577626,3,9.76305,-2.0670002,-0.85995007,1781189049203
2079577636,3,9.01605,-1.8870001,-0.65595,1781189049214
2079577646,3,8.394,-1.79595,-0.50505,1781189049223
2079577656,3,7.9750504,-1.79595,-0.48405004,1781189049234
2079577666,3,7.6780505,-1.79595,-0.54405004,1781189049243
2079577676,3,7.45695,-1.8199501,-0.65595,1781189049254
2079577686,3,7.3549504,-1.8589501,-0.84495,1781189049263
2079577696,3,7.347,-1.899,-1.0890001,1781189049275
2079577707,3,7.4410505,-1.9860001,-1.3429501,1781189049283
2079577717,3,7.55595,-2.091,-1.52505,1781189049294
2079577727,3,7.7140503,-2.2009501,-1.6860001,1781189049303
2079577737,3,7.9219503,-2.3110502,-1.7860501,1781189049314
2079577747,3,8.254951,-2.421,-1.8870001,1781189049324
2079577757,3,8.7310505,-2.59095,-1.9560001,1781189049334
2079577767,3,9.232051,-2.778,-1.968,1781189049344
2079577777,3,9.64605,-2.9170501,-1.899,1781189049354
2079577787,3,9.852,-2.9599502,-1.7910001,1781189049364
2079577797,3,9.8230505,-2.8279502,-1.6710001,1781189049374
2079577807,3,9.592951,-2.5510502,-1.542,1781189049384
2079577817,3,9.28905,-2.2440002,-1.3600501,1781189049394
2079577827,3,8.95905,-1.9470001,-1.1230501,1781189049404
2079577838,3,8.7310505,-1.6819501,-0.88395005,1781189049415
2079577848,3,8.51805,-1.4640001,-0.61995006,1781189049425
2079577858,3,8.335951,-1.28205,-0.36405003,1781189049435
2079577868,3,8.24295,-1.116,-0.12495001,1781189049445
2079577878,3,8.290951,-1.06095,0.022950001,1781189049455
2079577888,3,8.455951,-1.07595,0.079950005,1781189049465
2079577898,3,8.52,-1.0159501,0.06795,1781189049475
2079577908,3,8.370001,-0.86700004,0.10695001,1781189049486
2079577918,3,8.06295,-0.669,0.16905001,1781189049495
2079577928,3,7.7539506,-0.48405004,0.23295002,1781189049507
2079577938,3,7.4890504,-0.36705002,0.29295,1781189049515
2079577948,3,7.3279505,-0.30705002,0.33600003,1781189049526
2079577958,3,7.2850504,-0.28305,0.33600003,1781189049536
2079577969,3,7.4290504,-0.33600003,0.303,1781189049545
2079577979,3,7.6780505,-0.45105,0.21405001,1781189049555
2079577989,3,7.9290004,-0.58005005,0.087000005,1781189049566
2079577999,3,8.20395,-0.702,-0.02205,1781189049576
2079578009,3,8.50395,-0.78795004,-0.11505,1781189049586
2079578019,3,8.7619505,-0.87000006,-0.20400001,1781189049596
2079578029,3,8.82705,-0.91995007,-0.30195,1781189049606
2079578039,3,8.808001,-0.94395006,-0.40005,1781189049616
2079578049,3,8.865001,-0.97305006,-0.48105,1781189049626
2079578059,3,9.01395,-1.0350001,-0.57195,1781189049636
2079578069,3,9.220051,-1.107,-0.72795004,1781189049646
2079578079,3,9.58395,-1.19295,-0.91200006,1781189049656
2079578089,3,10.033951,-1.31295,-1.164,1781189049667
2079578099,3,10.515,-1.4640001,-1.3939501,1781189049676
2079578110,3,10.951051,-1.61205,-1.5799501,1781189049686
2079578120,3,11.42205,-1.7320501,-1.72395,1781189049697
2079578130,3,11.856001,-1.81095,-1.8409501,1781189049706
2079578140,3,12.20505,-1.8559501,-1.9060501,1781189049717
2079578150,3,12.442051,-1.83,-1.8750001,1781189049727
2079578160,3,12.550051,-1.7869501,-1.7910001,1781189049736
2079578170,3,12.403951,-1.6720501,-1.6159501,1781189049747
2079578180,3,11.973001,-1.46595,-1.33605,1781189049758
2079578190,3,11.443951,-1.2580501,-0.96000004,1781189049767
2079578200,3,10.91895,-1.12395,-0.61305004,1781189049777
2079578210,3,10.314,-1.03995,-0.321,1781189049787
2079578220,3,9.682051,-0.966,-0.117000006,1781189049797
2079578230,3,9.162001,-0.91305006,0.066,1781189049807
2079578241,3,8.81505,-0.91095006,0.19500001,1781189049818
2079578251,3,8.5990505,-0.95400006,0.24300002,1781189049828
2079578261,3,8.49705,-1.00395,0.24105,1781189049837
2079578271,3,8.47305,-1.0849501,0.21705002,1781189049849
2079578281,3,8.418,-1.14495,0.20505,1781189049857
2079578291,3,8.2879505,-1.15695,0.23805001,1781189049867
2079578301,3,8.146951,-1.15005,0.25995,1781189049878
2079578311,3,8.04405,-1.2,0.21000001,1781189049891
2079578321,3,7.932,-1.2790501,0.09900001,1781189049899
2079578331,3,7.8760505,-1.368,-0.07395,1781189049909
2079578341,3,7.8810005,-1.473,-0.30405003,1781189049917
2079578351,3,8.08695,-1.6030501,-0.62295,1781189049928
2079578361,3,8.455951,-1.7580001,-0.984,1781189049937
2079578372,3,8.82705,-1.8610501,-1.30005,1781189049948
2079578382,3,8.973001,-1.9519501,-1.4989501,1781189049959
2079578392,3,9.01605,-1.9620001,-1.542,1781189049969
2079578402,3,8.99505,-1.89495,-1.4059501,1781189049977
2079578412,3,8.856,-1.7629501,-1.21605,1781189049988
2079578422,3,8.65905,-1.7080501,-1.0339501,1781189049998
2079578432,3,8.51805,-1.7029501,-0.95295006,1781189050008
2079578442,3,8.33895,-1.7050501,-1.01505,1781189050019
2079578452,3,8.269051,-1.7490001,-1.19505,1781189050030
2079578462,3,8.3220005,-1.8060001,-1.4320501,1781189050038
2079578472,3,8.331,-1.8420001,-1.626,1781189050049
2079578482,3,8.271001,-1.84905,-1.743,1781189050060
2079578492,3,8.24505,-1.81095,-1.8049501,1781189050070
2079578503,3,8.281051,-1.7839501,-1.7910001,1781189050080
2079578513,3,8.382,-1.7389501,-1.75995,1781189050089
2079578523,3,8.401051,-1.677,-1.6189501,1781189050100
2079578533,3,8.32905,-1.5640501,-1.38195,1781189050110
2079578543,3,8.290951,-1.47105,-1.15695,1781189050120
2079578553,3,8.281051,-1.42095,-0.93900007,1781189050130
2079578563,3,8.274,-1.3939501,-0.76605004,1781189050140
2079578573,3,8.31,-1.368,-0.666,1781189050150
2079578583,3,8.335951,-1.35405,-0.61800003,1781189050162
2079578593,3,8.323951,-1.29795,-0.59400004,1781189050171
2079578603,3,8.38605,-1.2550501,-0.55995005,1781189050180
2079578613,3,8.547,-1.263,-0.63195,1781189050190
2079578623,3,8.75805,-1.30305,-0.69000006,1781189050200
2079578633,3,8.953951,-1.34595,-0.75705004,1781189050211
2079578644,3,9.15705,-1.3920001,-0.795,1781189050222
2079578654,3,9.375,-1.43505,-0.83100003,1781189050231
2079578664,3,9.6,-1.50705,-0.85695004,1781189050241
2079578674,3,9.8880005,-1.58595,-0.97905004,1781189050251
2079578684,3,10.31595,-1.7490001,-1.2070501,1781189050263
2079578694,3,10.78995,-1.9380001,-1.4650501,1781189050271
2079578704,3,11.311951,-2.163,-1.75995,1781189050281
2079578714,3,11.809951,-2.3380501,-2.0329502,1781189050292
2079578724,3,12.246,-2.4760501,-2.22405,1781189050301
2079578734,3,12.648001,-2.59905,-2.3749502,1781189050311
2079578744,3,12.997951,-2.7180002,-2.4540002,1781189050321
2079578754,3,13.210951,-2.76795,-2.4160502,1781189050331
2079578764,3,13.243951,-2.77605,-2.2150502,1781189050342
2079578775,3,13.11495,-2.7540002,-1.87995,1781189050352
2079578785,3,12.868051,-2.70405,-1.5180001,1781189050362
2079578795,3,12.53295,-2.6220002,-1.14705,1781189050372
2079578805,3,12.0730505,-2.50005,-0.89295006,1781189050382
2079578815,3,11.604,-2.4190502,-0.75000006,1781189050392
2079578825,3,11.317051,-2.4,-0.70395005,1781189050402
2079578835,3,11.185051,-2.4550502,-0.77595,1781189050412
2079578845,3,10.960051,-2.5240502,-0.83595,1781189050422
2079578855,3,10.46205,-2.5170002,-0.85200006,1781189050432
2079578865,3,9.76305,-2.4090002,-0.77295005,1781189050442
2079578875,3,9.064051,-2.292,-0.67800003,1781189050452
2079578885,3,8.547,-2.2369502,-0.64395005,1781189050462
2079578895,3,8.25195,-2.24895,-0.67800003,1781189050473
2079578906,3,8.0130005,-2.3040001,-0.75705004,1781189050483
2079578916,3,7.8690004,-2.3500502,-0.8880001,1781189050493
2079578926,3,7.83795,-2.3850002,-1.06305,1781189050502
2079578936,3,7.9290004,-2.4450002,-1.26405,1781189050513
2079578946,3,8.11095,-2.5240502,-1.4580001,1781189050523
2079578956,3,8.262,-2.529,-1.6020001,1781189050533
2079578966,3,8.370001,-2.53905,-1.69305,1781189050543
2079578976,3,8.535001,-2.5240502,-1.6860001,1781189050553
2079578986,3,8.7619505,-2.5150502,-1.5990001,1781189050563
2079578996,3,9.10005,-2.5410001,-1.52505,1781189050573
2079579006,3,9.58605,-2.63205,-1.4680501,1781189050583
2079579016,3,10.077001,-2.706,-1.45095,1781189050593
2079579026,3,10.407001,-2.661,-1.51995,1781189050603
2079579037,3,10.40205,-2.46705,-1.5679501,1781189050614
2079579047,3,10.09305,-2.19105,-1.5660001,1781189050624
2079579057,3,9.58605,-1.8319501,-1.49205,1781189050634
2079579067,3,9.05895,-1.524,-1.33395,1781189050644
2079579077,3,8.628,-1.263,-1.1329501,1781189050653
2079579087,3,8.323951,-1.0879501,-0.92700005,1781189050664
2079579097,3,8.190001,-1.011,-0.74205005,1781189050674
2079579107,3,8.248051,-1.0330501,-0.57495004,1781189050684
2079579117,3,8.50395,-1.11195,-0.47895002,1781189050694
2079579127,3,8.71395,-1.2240001,-0.40005,1781189050705
2079579137,3,8.82195,-1.29795,-0.37605003,1781189050715
2079579147,3,8.752951,-1.30305,-0.36600003,1781189050724
2079579157,3,8.49195,-1.2409501,-0.33795002,1781189050734
2079579167,3,8.15205,-1.1329501,-0.273,1781189050745
2079579178,3,7.8190503,-0.99705005,-0.18195,1781189050755
2079579188,3,7.5870004,-0.91305006,-0.052950002,1781189050765
2079579198,3,7.4500504,-0.85995007,0.07305,1781189050775
2079579208,3,7.4050503,-0.846,0.15195,1781189050785
2079579218,3,7.4359503,-0.85605,0.21195,1781189050796
2079579228,3,7.5510006,-0.89895004,0.22905001,1781189050805
2079579238,3,7.73295,-0.95100003,0.231,1781189050815
2079579248,3,7.9750504,-1.0159501,0.171,1781189050825
2079579258,3,8.190001,-1.0489501,0.07305,1781189050835
2079579268,3,8.39595,-1.07595,-0.00705,1781189050845
2079579278,3,8.632951,-1.09695,-0.060000002,1781189050855
2079579288,3,8.93505,-1.12605,-0.13905,1781189050866
2079579298,3,9.295951,-1.2240001,-0.24705002,1781189050876
2079579309,3,9.721951,-1.3249501,-0.39795002,1781189050886
2079579319,3,10.161,-1.4280001,-0.59205,1781189050897
2079579329,3,10.563001,-1.4830501,-0.80205005,1781189050906
2079579339,3,10.939051,-1.5259501,-1.00995,1781189050917
2079579349,3,11.21895,-1.5499501,-1.2019501,1781189050927
2079579359,3,11.350051,-1.5690001,-1.33395,1781189050936
2079579369,3,11.431951,-1.57395,-1.38195,1781189050947
2079579379,3,11.48505,-1.5880501,-1.4100001,1781189050956
2079579389,3,11.607,-1.626,-1.434,1781189050966
2079579399,3,11.7619505,-1.69305,-1.4610001,1781189050979
2079579409,3,11.779051,-1.74405,-1.4440501,1781189050987
2079579419,3,11.643001,-1.761,-1.41795,1781189050997
2079579429,3,11.413051,-1.6890001,-1.3069501,1781189051007
2079579440,3,11.161051,-1.5829501,-1.1209501,1781189051017
2079579450,3,10.860001,-1.473,-0.89595,1781189051027
2079579460,3,10.374001,-1.3630501,-0.64905006,1781189051037
2079579470,3,9.715051,-1.26495,-0.43305,1781189051047
2079579480,3,9.094951,-1.1190001,-0.21795002,1781189051057
2079579490,3,8.56095,-0.9990001,-0.058050003,1781189051067
2079579500,3,8.13,-0.89100003,0.052050002,1781189051077
2079579510,3,7.82595,-0.846,0.13305001,1781189051087
2079579520,3,7.6200004,-0.85305005,0.15405001,1781189051097
2079579530,3,7.4770503,-0.87195003,0.15705001,1781189051107
2079579540,3,7.3710003,-0.91305006,0.147,1781189051117
2079579550,3,7.3230004,-0.975,0.135,1781189051127
2079579560,3,7.3639503,-1.07595,0.102000006,1781189051138
2079579570,3,7.4670005,-1.19805,0.049050003,1781189051148
2079579581,3,7.635,-1.3609501,-0.031050002,1781189051158
2079579591,3,7.8090005,-1.5280501,-0.16995001,1781189051169
2079579601,3,8.025001,-1.7080501,-0.34995002,1781189051179
2079579611,3,8.34105,-1.8750001,-0.58005005,1781189051189
2079579621,3,8.7310505,-2.02905,-0.80205005,1781189051199
2079579631,3,9.078,-2.1649501,-1.044,1781189051207
2079579641,3,9.3490505,-2.28495,-1.2550501,1781189051219
2079579651,3,9.48495,-2.29005,-1.3789501,1781189051229
2079579661,3,9.436951,-2.1750002,-1.3960501,1781189051237
2079579671,3,9.21,-2.02605,-1.3270501,1781189051248
2079579681,3,8.956051,-1.8540001,-1.2360001,1781189051257
2079579691,3,8.746051,-1.7200501,-1.17795,1781189051270
2079579701,3,8.55405,-1.6140001,-1.17795,1781189051278
2079579712,3,8.382,-1.5520501,-1.2570001,1781189051288
2079579722,3,8.23995,-1.4760001,-1.36995,1781189051299
2079579732,3,8.157001,-1.4059501,-1.5130501,1781189051309
2079579742,3,8.20905,-1.3440001,-1.6810501,1781189051319
2079579752,3,8.36205,-1.3369501,-1.8169501,1781189051328
2079579762,3,8.52795,-1.3369501,-1.81305,1781189051338
2079579772,3,8.652,-1.3800001,-1.7190001,1781189051348
2079579782,3,8.712001,-1.43505,-1.5640501,1781189051359
2079579792,3,8.64,-1.46595,-1.34595,1781189051369
2079579802,3,8.511001,-1.45395,-1.092,1781189051378
2079579812,3,8.415,-1.45395,-0.81405,1781189051389
2079579822,3,8.367001,-1.4830501,-0.58395004,1781189051399
2079579832,3,8.36205,-1.53795,-0.39495003,1781189051410
2079579843,3,8.44905,-1.6140001,-0.261,1781189051420
2079579853,3,8.652,-1.6840501,-0.22500001,1781189051430
2079579863,3,9.018001,-1.8010501,-0.28995,1781189051440
2079579873,3,9.43995,-1.9189501,-0.46005002,1781189051450
2079579883,3,9.8539505,-1.9980001,-0.615,1781189051460
2079579893,3,10.137,-2.02905,-0.72795004,1781189051470
2079579903,3,10.29195,-1.9450501,-0.75195,1781189051482
2079579913,3,10.375951,-1.81095,-0.75405,1781189051491
2079579923,3,10.512,-1.725,-0.771,1781189051500
2079579933,3,10.68,-1.677,-0.84795004,1781189051510
2079579943,3,10.860001,-1.6789501,-1.01505,1781189051520
2079579953,3,11.085001,-1.7560501,-1.3099501,1781189051530
2079579963,3,11.278951,-1.8520501,-1.67805,1781189051540
2079579974,3,11.475,-1.9230001,-2.05395,1781189051551
2079579984,3,11.66895,-2.0329502,-2.3490002,1781189051561
2079579994,3,11.925,-2.19105,-2.64105,1781189051571
2079580004,3,12.142951,-2.35905,-2.7820501,1781189051581
2079580014,3,12.255,-2.49105,-2.7180002,1781189051591
2079580024,3,12.294001,-2.5770001,-2.49195,1781189051601
2079580034,3,12.259951,-2.637,-2.2050002,1781189051611
2079580044,3,12.114,-2.673,-1.9369501,1781189051621
2079580054,3,11.86005,-2.6509502,-1.7340001,1781189051631
2079580064,3,11.55405,-2.59905,-1.6110001,1781189051641
2079580074,3,11.305051,-2.57505,-1.52295,1781189051651
2079580084,3,11.137051,-2.565,-1.4610001,1781189051661
2079580094,3,11.014951,-2.56695,-1.434,1781189051671
2079580104,3,10.761001,-2.5549502,-1.281,1781189051682
2079580115,3,10.390051,-2.505,-1.07295,1781189051692
2079580125,3,9.889951,-2.46405,-0.80205005,1781189051702
2079580135,3,9.31305,-2.4019501,-0.53400004,1781189051712
2079580145,3,8.7619505,-2.31795,-0.34305,1781189051722
2079580155,3,8.32695,-2.39295,-0.27795002,1781189051732
2079580165,3,8.01105,-2.4499502,-0.34005,1781189051742
2079580175,3,7.7899504,-2.38995,-0.42195,1781189051752
2079580185,3,7.7449503,-2.29395,-0.63195,1781189051762
2079580195,3,7.8120003,-2.26095,-0.83595,1781189051772
2079580205,3,7.9290004,-2.32605,-1.08,1781189051782
2079580215,3,8.10105,-2.469,-1.3740001,1781189051792
2079580225,3,8.34795,-2.5819502,-1.5990001,1781189051802
2079580235,3,8.68095,-2.6460001,-1.76505,1781189051812
2079580246,3,9.057,-2.7280502,-1.8649501,1781189051822
2079580256,3,9.44505,-2.7949502,-1.79295,1781189051833
2079580266,3,9.70995,-2.86695,-1.5799501,1781189051842
2079580276,3,9.96195,-2.9290502,-1.2910501,1781189051852
2079580286,3,10.174951,-2.9290502,-0.99105006,1781189051863
2079580296,3,10.24695,-2.7949502,-0.81705004,1781189051873
2079580306,3,10.186951,-2.53905,-0.79695004,1781189051883
2079580316,3,10.002001,-2.23005,-0.864,1781189051893
2079580326,3,9.658051,-1.9210501,-0.97005004,1781189051903
2079580336,3,9.18795,-1.6819501,-1.02195,1781189051913
2079580346,3,8.743051,-1.5310501,-0.984,1781189051923
2079580356,3,8.437051,-1.46595,-0.864,1781189051933
2079580366,3,8.248051,-1.45605,-0.69900006,1781189051943
2079580377,3,8.17305,-1.4800501,-0.54105,1781189051953
2079580387,3,8.106,-1.47105,-0.34005,1781189051964
2079580397,3,8.05395,-1.404,-0.11505,1781189051974
2079580407,3,7.9510503,-1.34595,0.07305,1781189051984
2079580417,3,7.8169503,-1.27695,0.231,1781189051994
2079580427,3,7.66305,-1.18605,0.31500003,1781189052003
2079580437,3,7.5270004,-1.09695,0.34395,1781189052014
2079580447,3,7.4220004,-1.02795,0.33900002,1781189052024
2079580457,3,7.4119506,-0.96105003,0.27405003,1781189052034
2079580467,3,7.5150003,-0.93495005,0.20205002,1781189052044
2079580477,3,7.6900506,-0.98205006,0.09195001,1781189052054
2079580487,3,7.9099503,-1.0159501,-0.028950002,1781189052064
2079580497,3,8.11305,-1.03995,-0.16800001,1781189052074
2079580508,3,8.19705,-0.99195004,-0.252,1781189052084
2079580518,3,8.157001,-0.91305006,-0.28695002,1781189052095
2079580528,3,8.154,-0.846,-0.252,1781189052104
2079580538,3,8.262,-0.80805004,-0.25395,1781189052115
2079580548,3,8.464951,-0.81195,-0.24195,1781189052125
2079580558,3,8.776951,-0.91800004,-0.30705002,1781189052136
2079580568,3,9.217051,-1.1020501,-0.44805002,1781189052145
2079580578,3,9.68595,-1.3219501,-0.63705003,1781189052156
2079580588,3,10.161,-1.5450001,-0.88395005,1781189052165
2079580598,3,10.512,-1.6890001,-1.128,1781189052175
2079580608,3,10.647,-1.7389501,-1.2859501,1781189052186
2079580618,3,10.642051,-1.7170501,-1.34595,1781189052196
2079580628,3,10.75395,-1.7320501,-1.3240501,1781189052206
2079580638,3,11.061001,-1.8400501,-1.3120501,1781189052216
2079580649,3,11.335951,-2.01,-1.3219501,1781189052226
2079580659,3,11.508,-2.127,-1.3050001,1781189052235
2079580669,3,11.55195,-2.15595,-1.2930001,1781189052246
2079580679,3,11.496,-2.1100502,-1.2400501,1781189052257
2079580689,3,11.382001,-2.0070002,-1.1689501,1781189052266
2079580699,3,11.20905,-1.9090501,-1.03005,1781189052276
2079580709,3,10.96695,-1.8010501,-0.84000003,1781189052286
2079580719,3,10.69005,-1.6789501,-0.62700003,1781189052296
2079580729,3,10.266001,-1.5499501,-0.41700003,1781189052306
2079580739,3,9.67695,-1.3770001,-0.21105,1781189052316
2079580749,3,9.13305,-1.19595,-0.034050003,1781189052328
2079580759,3,8.784,-1.0900501,0.09195001,1781189052337
2079580769,3,8.578051,-1.0879501,0.16605,1781189052347
2079580780,3,8.427,-1.1400001,0.20505,1781189052357
2079580790,3,8.26395,-1.179,0.23595001,1781189052367
2079580800,3,8.106,-1.22895,0.20205002,1781189052377
2079580810,3,7.96995,-1.2910501,0.17400001,1781189052387
2079580820,3,7.9290004,-1.38495,0.15405001,1781189052397
2079580830,3,8.01795,-1.524,0.079950005,1781189052407
2079580840,3,8.089951,-1.6720501,-0.003,1781189052417
2079580850,3,8.137051,-1.8180001,-0.08205,1781189052427
2079580860,3,8.20005,-1.9590001,-0.18,1781189052437
2079580870,3,8.31,-2.079,-0.34500003,1781189052447
2079580880,3,8.547,-2.23005,-0.59595,1781189052457
2079580890,3,8.917951,-2.3779502,-0.87405,1781189052467
2079580900,3,9.234,-2.4790502,-1.1730001,1781189052479
2079580911,3,9.483001,-2.5099502,-1.4059501,1781189052489
2079580921,3,9.61005,-2.39505,-1.5109501,1781189052497
2079580931,3,9.49695,-2.1679502,-1.48695,1781189052508
2079580941,3,9.267,-1.9519501,-1.38195,1781189052518
2079580951,3,9.0400505,-1.74405,-1.28805,1781189052529
2079580961,3,8.805,-1.6189501,-1.2240001,1781189052538
2079580971,3,8.635051,-1.54305,-1.2240001,1781189052549
2079580981,3,8.40795,-1.473,-1.26195,1781189052558
2079580991,3,8.20905,-1.4059501,-1.3290001,1781189052567
2079581001,3,8.06805,-1.34895,-1.3960501,1781189052579
2079581011,3,7.9669504,-1.2889501,-1.4610001,1781189052587
2079581021,3,7.90005,-1.27005,-1.48695,1781189052599
2079581031,3,7.8690004,-1.26705,-1.4749501,1781189052608
2079581041,3,7.9170003,-1.263,-1.4610001,1781189052619
2079581052,3,7.965,-1.2790501,-1.386,1781189052629
2079581062,3,8.04195,-1.2940501,-1.2589501,1781189052640
2079581072,3,8.190001,-1.3369501,-1.13505,1781189052649
2079581082,3,8.403001,-1.41795,-1.01505,1781189052659
2079581092,3,8.628,-1.4800501,-0.86895007,1781189052668
2079581102,3,8.80095,-1.5310501,-0.702,1781189052678
2079581112,3,8.937,-1.5090001,-0.53400004,1781189052689
2079581122,3,9.153001,-1.53495,-0.40005,1781189052700
2079581132,3,9.460951,-1.6480501,-0.333,1781189052709
2079581142,3,9.79395,-1.78005,-0.30405003,1781189052719
2079581152,3,10.12005,-1.88505,-0.31395,1781189052729
2079581162,3,10.41195,-1.9350001,-0.31395,1781189052739
2079581172,3,10.71405,-1.9540501,-0.261,1781189052750
2079581183,3,10.989,-2.02605,-0.34500003,1781189052760
2079581193,3,11.19705,-2.16,-0.615,1781189052769
2079581203,3,11.44095,-2.29395,-1.00995,1781189052780
2079581213,3,11.647051,-2.4049501,-1.45095,1781189052790
2079581223,3,11.773951,-2.4880502,-1.8049501,1781189052800
2079581233,3,11.793,-2.5480502,-2.09505,1781189052810
2079581243,3,11.71905,-2.6100001,-2.3389502,1781189052820
2079581253,3,11.700001,-2.7180002,-2.53095,1781189052830
2079581263,3,11.776951,-2.8909502,-2.70105,1781189052840
2079581273,3,11.86305,-3.0649502,-2.80395,1781189052850
2079581283,3,11.899051,-3.2280002,-2.7460501,1781189052860
2079581293,3,11.875051,-3.3259501,-2.5480502,1781189052870
2079581303,3,11.788951,-3.3649502,-2.28705,1781189052880
2079581314,3,11.644951,-3.3739502,-1.9990501,1781189052891
2079581324,3,11.4199505,-3.3619502,-1.7500501,1781189052901
2079581334,3,11.152051,-3.3430502,-1.6140001,1781189052911
2079581344,3,10.848001,-3.2640002,-1.4989501,1781189052921
2079581354,3,10.46895,-3.1369503,-1.3620001,1781189052931
2079581364,3,10.021951,-3.0199502,-1.1850001,1781189052941
2079581374,3,9.50895,-3.01005,-0.975,1781189052951
2079581384,3,8.99205,-2.8549502,-0.73305005,1781189052961
2079581394,3,8.475,-2.6200502,-0.53595,1781189052971
2079581404,3,8.092051,-2.60805,-0.37095,1781189052981
2079581414,3,7.9459505,-2.6460001,-0.354,1781189052991
2079581424,3,7.9750504,-2.7949502,-0.56505,1781189053002
2079581434,3,8.0779505,-2.8950002,-0.86895007,1781189053012
2079581445,3,8.25195,-2.8980002,-1.2430501,1781189053022
2079581455,3,8.39595,-2.90295,-1.54005,1781189053032
2079581465,3,8.587951,-2.9599502,-1.8700501,1781189053042
2079581475,3,8.81505,-3.039,-2.2150502,1781189053052
2079581485,3,9.097051,-3.0529501,-2.4109502,1781189053062
2079581495,3,9.44205,-3.0730503,-2.3490002,1781189053072
2079581505,3,9.703051,-3.15405,-1.968,1781189053082
2079581515,3,9.84195,-3.1900501,-1.4650501,1781189053092
2079581525,3,9.865951,-3.13995,-0.97905004,1781189053102
2079581535,3,9.84405,-3.0199502,-0.66300005,1781189053112
2079581545,3,9.8560505,-2.907,-0.55095005,1781189053123
2079581555,3,9.892051,-2.77095,-0.60300004,1781189053132
2079581565,3,9.865951,-2.6460001,-0.68700004,1781189053143
2079581575,3,9.66495,-2.4760501,-0.71595,1781189053152
2079581586,3,9.31095,-2.26305,-0.63705003,1781189053163
2079581596,3,8.887051,-2.05005,-0.51705,1781189053173
2079581606,3,8.547,-1.8540001,-0.38595003,1781189053182
2079581616,3,8.295,-1.72695,-0.25605002,1781189053193
2079581626,3,8.16405,-1.60695,-0.079050004,1781189053202
2079581636,3,8.166,-1.5160501,0.102000006,1781189053213
2079581646,3,8.262,-1.437,0.21900001,1781189053223
2079581656,3,8.27595,-1.3270501,0.33900002,1781189053233
2079581666,3,8.125051,-1.1910001,0.40095,1781189053243
2079581676,3,7.8480005,-0.99705005,0.43005002,1781189053253
2079581686,3,7.6180506,-0.81705004,0.43695003,1781189053264
2079581732,3,7.89795,-0.58005005,0.087000005,1781189053308
2079581742,3,8.161051,-0.65895003,-0.109950006,1781189053318
2079581752,3,8.311951,-0.75000006,-0.28995,1781189053328
2079581762,3,8.446051,-0.76905006,-0.40995002,1781189053339
2079581772,3,8.50905,-0.78405005,-0.53205,1781189053348
2079581782,3,8.595,-0.786,-0.59895,1781189053358
2079581792,3,8.73795,-0.85995007,-0.69705003,1781189053370
2079581802,3,8.944051,-0.95400006,-0.79995006,1781189053380
2079581812,3,9.250951,-1.10895,-0.95100003,1781189053390
2079581822,3,9.61905,-1.30095,-1.1040001,1781189053399
2079581832,3,9.99495,-1.4950501,-1.30005,1781189053408
2079581842,3,10.22805,-1.6360501,-1.473,1781189053418
2079581853,3,10.299001,-1.7029501,-1.6140001,1781189053429
2079581863,3,10.443001,-1.7410501,-1.7310001,1781189053438
2079581873,3,10.833,-1.83,-1.7839501,1781189053449
2079581883,3,11.21205,-1.9540501,-1.7890501,1781189053460
2079581893,3,11.39805,-2.0650501,-1.71405,1781189053470
2079581903,3,11.40795,-2.079,-1.5520501,1781189053479
2079581913,3,11.34105,-1.99995,-1.422,1781189053490
2079581923,3,11.094001,-1.8970501,-1.1899501,1781189053500
2079581933,3,10.85505,-1.7560501,-0.9580501,1781189053510
2079581943,3,10.728001,-1.6290001,-0.80205005,1781189053520
2079581953,3,10.648951,-1.5790501,-0.66795003,1781189053529
2079581963,3,10.42905,-1.4800501,-0.57000005,1781189053539
2079581973,3,10.000051,-1.32,-0.46500003,1781189053551
2079581984,3,9.418051,-1.131,-0.29700002,1781189053559
2079581994,3,8.887051,-0.93705004,-0.13695,1781189053571
2079582004,3,8.50905,-0.75705004,0.08295,1781189053580
2079582014,3,8.307,-0.74805003,0.23595001,1781189053591
2079582024,3,8.122951,-0.753,0.35295,1781189053601
2079582034,3,7.8880506,-0.82005006,0.42495003,1781189053611
2079582044,3,7.8019505,-0.91305006,0.36495003,1781189053620
2079582054,3,7.8169503,-1.0570501,0.372,1781189053630
2079582064,3,7.8880506,-1.2070501,0.23295002,1781189053640
2079582074,3,8.049001,-1.38195,0.058950003,1781189053650
2079582084,3,8.298,-1.5810001,-0.12195001,1781189053662
2079582094,3,8.55195,-1.7580001,-0.32595003,1781189053670
2079582104,3,8.772,-1.914,-0.55095005,1781189053682
2079582115,3,8.97105,-2.05005,-0.71400005,1781189053692
2079582125,3,9.066,-2.1079502,-0.84300005,1781189053702
2079582135,3,9.196051,-2.1340501,-0.95100003,1781189053711
2079582145,3,9.27,-2.1649501,-1.02495,1781189053721
2079582155,3,9.303,-2.1720002,-1.1209501,1781189053732
2079582165,3,9.271951,-2.1409502,-1.21905,1781189053742
2079582175,3,9.18795,-2.0380502,-1.2550501,1781189053752
2079582185,3,9.02295,-1.8970501,-1.2760501,1781189053761
2079582195,3,8.808001,-1.7730001,-1.30305,1781189053772
2079582205,3,8.580001,-1.64295,-1.365,1781189053782
2079582215,3,8.38605,-1.50705,-1.4059501,1781189053792
2079582225,3,8.19495,-1.41795,-1.434,1781189053803
2079582235,3,8.118,-1.3750501,-1.4940001,1781189053813
2079582246,3,8.02995,-1.3939501,-1.5370501,1781189053821
2079582256,3,7.96995,-1.4110501,-1.4989501,1781189053832
2079582266,3,7.9549503,-1.4470501,-1.4820001,1781189053843
2079582276,3,8.06595,-1.54305,-1.45305,1781189053853
2079582286,3,8.254951,-1.7010001,-1.4490001,1781189053863
2079582296,3,8.511001,-1.8520501,-1.45605,1781189053873
2079582306,3,8.712001,-1.93305,-1.386,1781189053883
2079582316,3,8.96805,-1.96395,-1.2930001,1781189053893
2079582326,3,9.165,-1.93095,-1.09695,1781189053903
2079582336,3,9.282001,-1.866,-0.82395005,1781189053914
2079582346,3,9.303,-1.7530501,-0.53595,1781189053923
2079582356,3,9.351001,-1.7029501,-0.261,1781189053934
2079582366,3,9.45195,-1.7010001,-0.08895,1781189053942
2079582376,3,9.63405,-1.77495,-0.048,1781189053952
2079582387,3,9.94305,-1.9810501,-0.15300001,1781189053962
2079582397,3,10.339951,-2.2369502,-0.441,1781189053974
2079582407,3,10.74495,-2.42895,-0.76905006,1781189053984
2079582417,3,11.08695,-2.5840502,-1.10595,1781189053994
2079582427,3,11.350051,-2.6509502,-1.3549501,1781189054003
2079582437,3,11.604,-2.7610502,-1.60905,1781189054013
2079582447,3,11.769001,-2.8980002,-1.8220501,1781189054024
2079582457,3,11.868001,-3.0199502,-1.9750501,1781189054034
2079582467,3,11.824051,-3.0889502,-2.052,1781189054044
2079582477,3,11.793,-3.1369503,-2.1379502,1781189054053
2079582487,3,11.905951,-3.288,-2.253,1781189054065
2079582497,3,12.09,-3.4150503,-2.4520502,1781189054075
2079582507,3,12.30105,-3.5629501,-2.5740001,1781189054083
2079582518,3,12.439951,-3.6450002,-2.60295,1781189054094
2079582528,3,12.439951,-3.6469502,-2.5480502,1781189054105
2079582538,3,12.279,-3.5299501,-2.3700001,1781189054115
2079582548,3,11.937,-3.381,-2.1019502,1781189054125
2079582558,3,11.544001,-3.2020502,-1.81305,1781189054134
2079582568,3,11.19495,-3.08505,-1.5679501,1781189054146
2079582578,3,10.939051,-3.0010502,-1.40295,1781189054154
2079582588,3,10.647,-2.91,-1.1920501,1781189054164
2079582598,3,10.17195,-2.7850502,-0.96000004,1781189054175
2079582608,3,9.531,-2.601,-0.67800003,1781189054186
2079582618,3,8.84595,-2.3830502,-0.38595003,1781189054195
2079582628,3,8.25,-2.4,-0.13695,1781189054206
2079582638,3,7.9789505,-2.3400002,-0.01905,1781189054215
2079582649,3,7.9290004,-2.3730001,-0.117000006,1781189054225
2079582659,3,7.93905,-2.5549502,-0.31605002,1781189054235
2079582669,3,8.11095,-2.73705,-0.65895003,1781189054247
2079582679,3,8.394,-2.9149501,-1.02705,1781189054256
2079582689,3,8.6980505,-3.0940502,-1.40295,1781189054267
2079582699,3,8.89395,-3.21405,-1.69305,1781189054275
2079582709,3,8.961,-3.3070502,-1.8100501,1781189054287
2079582719,3,8.953951,-3.2929502,-1.8390001,1781189054295
2079582729,3,9.0400505,-3.3070502,-1.7410501,1781189054305
2079582739,3,9.234,-3.3100502,-1.623,1781189054317
2079582749,3,9.540001,-3.38895,-1.485,1781189054325
2079582759,3,10.014001,-3.5370002,-1.3770001,1781189054335
2079582769,3,10.43295,-3.6040502,-1.30305,1781189054345
2079582779,3,10.635,-3.5149503,-1.2430501,1781189054355
2079582790,3,10.498051,-3.216,-1.19505,1781189054366
2079582800,3,10.077001,-2.778,-1.116,1781189054377
2079582810,3,9.559951,-2.3059502,-1.0200001,1781189054386
2079582820,3,9.081,-1.9039501,-0.89100003,1781189054396
2079582830,3,8.773951,-1.61205,-0.73005,1781189054408
2079582840,3,8.50905,-1.4470501,-0.56805,1781189054416
2079582850,3,8.32695,-1.29795,-0.46695003,1781189054426
2079582860,3,8.278951,-1.215,-0.441,1781189054436
2079582870,3,8.18505,-1.143,-0.37095,1781189054446
2079582880,3,8.07495,-1.047,-0.33105,1781189054458
2079582890,3,8.070001,-1.011,-0.28695002,1781189054467
2079582900,3,8.17605,-1.011,-0.22800002,1781189054478
2079582910,3,8.2570505,-1.00395,-0.18705001,1781189054488
2079582921,3,8.18295,-0.95100003,-0.15795001,1781189054497
2079582931,3,8.05095,-0.92295,-0.120000005,1781189054507
2079582941,3,7.8640504,-0.87900007,-0.156,1781189054517
2079582951,3,7.6800003,-0.83895004,-0.17295001,1781189054527
2079582961,3,7.5480003,-0.79995006,-0.15300001,1781189054537
2079582971,3,7.6150503,-0.73800004,-0.112950005,1781189054548
2079582981,3,7.8480005,-0.77400005,-0.072000004,1781189054557
2079582991,3,8.03205,-0.82395005,-0.060000002,1781189054567
2079583001,3,8.18295,-0.88395005,-0.12195001,1781189054577
2079583011,3,8.191951,-0.94200003,-0.12900001,1781189054589
2079583021,3,8.17095,-0.92505,-0.18900001,1781189054598
2079583031,3,8.092051,-0.89895004,-0.22305001,1781189054609
2079583041,3,8.190001,-0.93705004,-0.27795002,1781189054618
2079583052,3,8.488951,-1.03995,-0.37395,1781189054628
2079583062,3,8.92695,-1.1740501,-0.48900002,1781189054638
2079583072,3,9.399,-1.35105,-0.63000005,1781189054649
2079583082,3,9.837001,-1.5120001,-0.79695004,1781189054659
2079583092,3,10.10295,-1.6099501,-0.924,1781189054669
2079583102,3,10.222951,-1.57095,-1.0180501,1781189054678
2079583112,3,10.339951,-1.5160501,-1.04595,1781189054689
2079583122,3,10.587001,-1.50705,-1.0699501,1781189054698
2079583132,3,10.93395,-1.5450001,-1.092,1781189054710
2079583142,3,11.346001,-1.5979501,-1.13505,1781189054718
2079583152,3,11.72595,-1.6890001,-1.1539501,1781189054729
2079583162,3,11.94705,-1.7680501,-1.1920501,1781189054740
2079583172,3,11.911051,-1.7629501,-1.1850001,1781189054750
2079583183,3,11.614051,-1.6650001,-1.0699501,1781189054759
2079583193,3,11.05605,-1.4760001,-0.85695004,1781189054770
2079583203,3,10.41705,-1.263,-0.60105,1781189054779
2079583213,3,9.904051,-1.09305,-0.37605003,1781189054789
2079583223,3,9.411,-0.98700005,-0.22995001,1781189054800
2079583233,3,8.89605,-0.93000007,-0.10095,1781189054809
2079583243,3,8.49405,-0.89895004,0.01305,1781189054820
2079583253,3,8.283,-0.93195003,0.025050001,1781189054830
2079583263,3,8.286,-1.0519501,0.042000003,1781189054840
2079583273,3,8.370001,-1.212,-0.052950002,1781189054850
2079583283,3,8.44095,-1.3420501,-0.117000006,1781189054859
2079583293,3,8.563951,-1.4779501,-0.165,1781189054870
2079583303,3,8.748,-1.6189501,-0.177,1781189054880
2079583313,3,8.899051,-1.81305,-0.27105,1781189054891
2079583324,3,8.985001,-1.9450501,-0.34305,1781189054899
2079583334,3,8.98305,-2.02605,-0.43095002,1781189054911
2079583344,3,8.92695,-2.05995,-0.54405004,1781189054920
2079583354,3,8.932051,-2.115,-0.67800003,1781189054931
2079583364,3,9.118951,-2.17995,-0.84795004,1781189054941
2079583374,3,9.387,-2.2420502,-1.0030501,1781189054950
2079583384,3,9.636001,-2.28195,-1.18305,1781189054961
2079583394,3,9.74895,-2.32995,-1.2790501,1781189054970
2079583404,3,9.8209505,-2.29695,-1.2910501,1781189054981
2079583414,3,9.780001,-2.17995,-1.2790501,1781189054991
2079583424,3,9.576,-1.9810501,-1.2360001,1781189055001
2079583434,3,9.283951,-1.78005,-1.149,1781189055012
2079583444,3,8.99205,-1.6099501,-1.113,1781189055022
2079583455,3,8.773951,-1.485,-1.0890001,1781189055031
2079583465,3,8.563951,-1.4610001,-1.1370001,1781189055042
2079583475,3,8.451,-1.45605,-1.248,1781189055052
2079583485,3,8.403001,-1.4950501,-1.36995,1781189055061
2079583495,3,8.37705,-1.5979501,-1.4749501,1781189055071
2079583505,3,8.3550005,-1.6669501,-1.5490501,1781189055081
2079583515,3,8.401051,-1.7370001,-1.6309501,1781189055091
2079583525,3,8.535001,-1.7680501,-1.5679501,1781189055101
2079583535,3,8.67105,-1.8520501,-1.53495,1781189055111
2079583545,3,8.817,-1.9069501,-1.4290501,1781189055122
2079583555,3,8.829,-1.8919501,-1.2589501,1781189055133
2079583565,3,8.817,-1.8010501,-1.05795,1781189055142
2079583575,3,8.81505,-1.761,-0.83805007,1781189055153
2079583586,3,8.776951,-1.7530501,-0.67095006,1781189055161
2079583596,3,8.740951,-1.7389501,-0.50100005,1781189055173
2079583606,3,8.712001,-1.7560501,-0.44805002,1781189055183
2079583616,3,8.85105,-1.8060001,-0.56805,1781189055193
2079583626,3,9.064051,-1.9039501,-0.74205005,1781189055203
2079583636,3,9.342,-2.01705,-0.93900007,1781189055214
2079583646,3,9.682051,-2.184,-1.15695,1781189055223
2079583656,3,9.981001,-2.32095,-1.29795,1781189055232
2079583666,3,10.206,-2.4120002,-1.37205,1781189055243
2079583676,3,10.40505,-2.3850002,-1.45605,1781189055252
2079583686,3,10.56795,-2.43105,-1.52505,1781189055262
2079583696,3,10.75695,-2.4400501,-1.57605,1781189055272
2079583706,3,10.9150505,-2.57205,-1.69305,1781189055282
2079583716,3,11.05395,-2.7180002,-1.8250501,1781189055294
2079583727,3,11.170951,-2.81205,-2.01405,1781189055303
2079583737,3,11.13,-2.83095,-2.14995,1781189055313
2079583747,3,10.972051,-2.8159502,-2.18805,1781189055324
2079583757,3,10.94295,-2.91195,-2.22,1781189055335
2079583767,3,11.08905,-3.1969502,-2.25795,1781189055344
2079583777,3,11.343,-3.4939501,-2.181,1781189055354
2079583787,3,11.64,-3.7789502,-2.0400002,1781189055364
2079583797,3,11.767051,-3.8530502,-1.83405,1781189055374
2079583807,3,11.644951,-3.69705,-1.5799501,1781189055385
2079583817,3,11.2570505,-3.4819503,-1.3789501,1781189055395
2079583827,3,10.860001,-3.22305,-1.3549501,1781189055404
2079583837,3,10.584001,-3.015,-1.3069501,1781189055415
2079583847,3,10.455001,-2.9650502,-1.37205,1781189055425
2079583858,3,10.455001,-3.0270002,-1.40295,1781189055435
2079583868,3,10.552951,-3.1230001,-1.45605,1781189055444
2079583878,3,10.483951,-3.1200001,-1.485,1781189055455
2079583888,3,10.144051,-2.9890501,-1.3789501,1781189055465
2079583898,3,9.627001,-2.8330503,-1.1850001,1781189055474
2079583908,3,9.114,-2.77305,-0.93900007,1781189055485
2079583918,3,8.58495,-2.9620502,-0.94095004,1781189055495
2079583928,3,8.443951,-2.6130002,-0.57495004,1781189055506
2079583938,3,8.2879505,-2.5410001,-0.50295,1781189055514
2079583948,3,8.21895,-2.55795,-0.60300004,1781189055526
2079583958,3,8.298,-2.5410001,-0.79695004,1781189055535
2079583968,3,8.48205,-2.56305,-1.05795,1781189055546
2079583978,3,8.71695,-2.6509502,-1.2930001,1781189055556
2079583989,3,8.95905,-2.7850502,-1.5469501,1781189055566
2079583999,3,9.229051,-2.9580002,-1.7910001,1781189055576
2079584009,3,9.580951,-2.9839501,-1.8199501,1781189055587
2079584019,3,9.912001,-3.07695,-1.8679501,1781189055596
2079584029,3,10.161,-3.1279502,-1.76505,1781189055606
2079584039,3,10.387951,-3.15405,-1.6210501,1781189055615
2079584049,3,10.596001,-3.0610502,-1.4440501,1781189055627
2079584059,3,10.75395,-2.9580002,-1.3050001,1781189055637
2079584069,3,10.783051,-2.7250502,-1.1850001,1781189055647
2079584079,3,10.410001,-2.39505,-1.04205,1781189055656
2079584089,3,9.832951,-2.01405,-0.91005003,1781189055665
2079584099,3,9.226951,-1.65495,-0.80700004,1781189055675
2079584109,3,8.677951,-1.34595,-0.675,1781189055685
2079584120,3,8.266951,-1.12395,-0.57495004,1781189055695
2079584130,3,7.9510503,-0.975,-0.462,1781189055707
2079584140,3,7.8360004,-0.88905007,-0.37395,1781189055716
2079584150,3,7.8810005,-0.86295,-0.25605002,1781189055728
2079584160,3,8.00805,-0.94905007,-0.18405001,1781189055738
2079584170,3,8.05095,-1.0350001,-0.132,1781189055747
2079584180,3,8.037001,-1.0570501,-0.10305001,1781189055757
2079584190,3,7.9669504,-1.04205,-0.109950006,1781189055768
2079584200,3,7.9290004,-1.04205,-0.11505,1781189055776
2079584210,3,7.9939504,-1.03695,-0.13905,1781189055786
2079584220,3,8.08695,-1.0690501,-0.18,1781189055798
2079584230,3,8.21895,-1.09695,-0.22500001,1781189055807
2079584240,3,8.367001,-1.1380501,-0.23700002,1781189055818
2079584250,3,8.475,-1.2,-0.30705002,1781189055827
2079584261,3,8.48505,-1.2070501,-0.31905,1781189055836
2079584271,3,8.334001,-1.12605,-0.29205,1781189055847
2079584281,3,8.20695,-1.07295,-0.25395,1781189055857
2079584291,3,8.169001,-1.04205,-0.22995001,1781189055867
2079584301,3,8.22105,-1.0350001,-0.24405001,1781189055877
2079584311,3,8.451,-1.095,-0.29505002,1781189055887
2079584321,3,8.76,-1.2270001,-0.402,1781189055897
2079584331,3,9.121051,-1.34895,-0.52695,1781189055907
2079584341,3,9.46395,-1.4760001,-0.666,1781189055917
2079584351,3,9.792001,-1.5640501,-0.82905006,1781189055927
2079584361,3,10.014001,-1.57395,-0.98205006,1781189055937
2079584371,3,10.201051,-1.5790501,-1.08,1781189055947
2079584381,3,10.486051,-1.5619501,-1.08,1781189055959
2079584392,3,10.860001,-1.57095,-1.0890001,1781189055969
2079584402,3,11.278951,-1.6980001,-1.125,1781189055979
2079584412,3,11.659051,-1.8229501,-1.116,1781189055988
2079584422,3,11.87205,-1.899,-1.116,1781189055999
2079584432,3,11.913,-1.88505,-1.0849501,1781189056009
2079584442,3,11.740951,-1.7389501,-0.9580501,1781189056018
2079584452,3,11.370001,-1.5640501,-0.66795003,1781189056029
2079584462,3,10.993951,-1.389,-0.39495003,1781189056038
2079584472,3,10.644,-1.31295,-0.16800001,1781189056049
2079584482,3,10.156051,-1.251,0.07305,1781189056059
2079584492,3,9.550051,-1.176,0.27705002,1781189056068
2079584502,3,8.98005,-1.09695,0.46800002,1781189056080
2079584512,3,8.58495,-1.06605,0.57600003,1781189056088
2079584523,3,8.35995,-1.09695,0.61905,1781189056099
2079584533,3,8.19495,-1.1880001,0.58995,1781189056111
2079584543,3,8.161051,-1.32,0.45405003,1781189056120
2079584553,3,8.20905,-1.49205,0.24495001,1781189056129
2079584563,3,8.27595,-1.6339501,0.043950003,1781189056141
2079584573,3,8.370001,-1.8079501,-0.18,1781189056148
2079584583,3,8.48205,-1.9540501,-0.43605003,1781189056161
2079584593,3,8.53695,-2.0650501,-0.63195,1781189056170
2079584603,3,8.49705,-2.1340501,-0.76095,1781189056180
2079584613,3,8.455951,-2.1769502,-0.86700004,1781189056190
2079584623,3,8.53695,-2.2390501,-0.9990001,1781189056200
2079584633,3,8.734051,-2.33505,-1.18305,1781189056210
2079584643,3,9.00405,-2.433,-1.389,1781189056220
2079584654,3,9.214951,-2.5099502,-1.5469501,1781189056231
2079584664,3,9.339001,-2.49795,-1.5679501,1781189056242
2079584674,3,9.29895,-2.421,-1.48695,1781189056251
2079584684,3,9.19995,-2.31795,-1.353,1781189056260
2079584694,3,9.02805,-2.2060502,-1.21395,1781189056269
2079584704,3,8.87205,-2.08395,-1.1329501,1781189056280
2079584714,3,8.71905,-1.9660501,-1.17795,1781189056290
2079584724,3,8.532001,-1.8750001,-1.2090001,1781189056301
2079584734,3,8.39595,-1.83,-1.33095,1781189056312
2079584744,3,8.23995,-1.7890501,-1.4100001,1781189056320
2079584754,3,8.158951,-1.7580001,-1.4820001,1781189056330
2079584764,3,8.191951,-1.7629501,-1.5949501,1781189056342
2079584774,3,8.226001,-1.7770501,-1.64295,1781189056350
2079584784,3,8.238,-1.77495,-1.659,1781189056362
2079584795,3,8.248051,-1.7530501,-1.6330501,1781189056372
2079584805,3,8.266951,-1.7560501,-1.5799501,1781189056382
2079584815,3,8.27595,-1.69095,-1.54005,1781189056391
2079584825,3,8.22795,-1.6000501,-1.4800501,1781189056402
2079584835,3,8.17095,-1.524,-1.3579501,1781189056412
2079584845,3,8.17095,-1.4419501,-1.197,1781189056422
2079584855,3,8.319,-1.43505,-1.10595,1781189056431
2079584865,3,8.556001,-1.4779501,-1.02705,1781189056442
2079584875,3,8.875051,-1.5640501,-1.04205,1781189056451
2079584885,3,9.29895,-1.7010001,-1.1730001,1781189056462
2079584895,3,9.744,-1.8540001,-1.338,1781189056472
2079584905,3,10.07205,-1.9279501,-1.4610001,1781189056483
2079584915,3,10.26795,-1.89495,-1.473,1781189056491
2079584926,3,10.306951,-1.81305,-1.3789501,1781189056502
2079584936,3,10.41705,-1.7389501,-1.2790501,1781189056513
2079584946,3,10.58895,-1.72695,-1.1520001,1781189056523
2079584956,3,10.783051,-1.84695,-1.04595,1781189056533
2079584966,3,11.037001,-2.0740502,-1.0180501,1781189056543
2079584976,3,11.307,-2.3089502,-1.0890001,1781189056553
2079584986,3,11.607,-2.62995,-1.26405,1781189056562
2079584996,3,12.03495,-2.9940002,-1.5870001,1781189056572
2079585006,3,12.483001,-3.384,-1.9900501,1781189056582
2079585016,3,12.84,-3.7380002,-2.36805,1781189056593
2079585026,3,12.946951,-3.9580503,-2.5759501,1781189056603
2079585036,3,12.745951,-3.97305,-2.5159502,1781189056612
2079585046,3,12.375001,-3.8820002,-2.3110502,1781189056624
2079585057,3,11.920051,-3.7690501,-2.04495,1781189056634
2079585067,3,11.41695,-3.6090002,-1.8390001,1781189056644
2079585077,3,11.01795,-3.4770002,-1.7050501,1781189056654
2079585087,3,10.85505,-3.5149503,-1.7479501,1781189056664
2079585097,3,10.93095,-3.66405,-1.9060501,1781189056674
2079585107,3,11.026951,-3.834,-2.0350502,1781189056683
2079585117,3,10.824,-3.867,-2.0659502,1781189056694
2079585127,3,10.299001,-3.7050002,-1.9249501,1781189056703
2079585137,3,9.588,-3.4009502,-1.674,1781189056715
2079585147,3,8.916,-3.1350002,-1.338,1781189056724
2079585157,3,8.236051,-2.8620002,-1.0200001,1781189056733
2079585167,3,7.73295,-2.6509502,-0.81900007,1781189056744
2079585177,3,7.3999505,-2.496,-0.65895003,1781189056754
2079585187,3,7.1730003,-2.3710501,-0.62295,1781189056764
2079585198,3,7.0720506,-2.32095,-0.69405,1781189056774
2079585208,3,7.1680503,-2.3059502,-0.85200006,1781189056785
2079585218,3,7.3830004,-2.361,-0.95505005,1781189056794
2079585228,3,7.6870503,-2.4550502,-1.113,1781189056805
2079585238,3,8.145,-2.6419501,-1.248,1781189056814
2079585248,3,8.71695,-2.8830001,-1.3939501,1781189056825
2079585258,3,9.40905,-3.1660502,-1.4820001,1781189056835
2079585268,3,10.144051,-3.4360502,-1.54005,1781189056845
2079585278,3,10.75905,-3.55905,-1.5319501,1781189056854
2079585288,3,10.91895,-3.3930001,-1.434,1781189056864
2079585298,3,10.917001,-3.1279502,-1.4130001,1781189056875
2079585308,3,10.681951,-2.7589502,-1.4100001,1781189056886
2079585318,3,10.23495,-2.328,-1.3050001,1781189056896
2079585329,3,9.859051,-2.0050502,-1.14705,1781189056906
2079585339,3,9.58395,-1.7820001,-0.93600005,1781189056916
2079585349,3,9.32295,-1.5949501,-0.69000006,1781189056924
2079585359,3,9.054001,-1.44,-0.42900002,1781189056935
2079585369,3,8.776951,-1.3219501,-0.21300001,1781189056946
2079585379,3,8.49705,-1.2390001,-0.02205,1781189056956
2079585389,3,8.23305,-1.16205,0.11595,1781189056967
2079585399,3,8.06595,-1.116,0.22905001,1781189056976
2079585409,3,8.01105,-1.1400001,0.31995,1781189056987
2079585419,3,8.049001,-1.19805,0.363,1781189056995
2079585429,3,8.137051,-1.251,0.384,1781189057006
2079585439,3,8.286,-1.3080001,0.36,1781189057017
2079585449,3,8.42895,-1.36995,0.31005,1781189057027
2079585460,3,8.559,-1.43295,0.23595001,1781189057037
2079585470,3,8.65005,-1.45905,0.20205002,1781189057047
2079585480,3,8.79105,-1.488,0.14295001,1781189057056
2079585490,3,8.88,-1.5000001,0.094950005,1781189057067
2079585500,3,8.84595,-1.4950501,0.109050006,1781189057077
2079585510,3,8.784,-1.4640001,0.12105001,1781189057087
2079585520,3,8.724,-1.4440501,0.123,1781189057097
2079585530,3,8.724,-1.4440501,0.08295,1781189057106
2079585540,3,8.808001,-1.4950501,0.0,1781189057118
2079585550,3,9.01095,-1.5670501,-0.10305001,1781189057127
2079585560,3,9.282001,-1.69305,-0.26295,1781189057137
2079585570,3,9.592951,-1.81305,-0.41400003,1781189057147
2079585580,3,9.864,-1.9189501,-0.55995005,1781189057156
2079585591,3,10.06995,-1.9230001,-0.63495004,1781189057168
2079585601,3,10.27095,-1.9879501,-0.70605004,1781189057176
2079585611,3,10.584001,-2.02605,-0.87900007,1781189057186
2079585621,3,11.082001,-2.0689502,-1.08,1781189057197
2079585631,3,11.656951,-2.2110002,-1.38405,1781189057208
2079585641,3,12.186001,-2.364,-1.6519501,1781189057217
2079585651,3,12.62205,-2.4400501,-1.8940501,1781189057227
2079585661,3,12.660001,-2.3160002,-1.8889501,1781189057239
2079585671,3,12.175951,-2.02605,-1.5990001,1781189057248
2079585681,3,11.568001,-1.69095,-1.13505,1781189057259
2079585691,3,10.996051,-1.4440501,-0.70605004,1781189057267
2079585701,3,10.266001,-1.2430501,-0.27495003,1781189057278
2079585711,3,9.4470005,-1.03995,0.11895001,1781189057289
2079585721,3,8.49405,-0.84795004,0.47100002,1781189057297
2079585732,3,7.623,-0.65895003,0.75795,1781189057308
2079585742,3,6.9910502,-0.54195005,0.92295,1781189057319
2079585752,3,6.70095,-0.55095005,0.97305006,1781189057328
2079585762,3,6.6870003,-0.633,0.89400005,1781189057339
2079585772,3,6.8370004,-0.82695,0.717,1781189057349
2079585782,3,7.0650005,-1.02795,0.528,1781189057359
2079585792,3,7.3620005,-1.263,0.303,1781189057369
2079585802,3,7.73295,-1.4779501,0.04695,1781189057379
2079585812,3,8.17305,-1.74405,-0.24000001,1781189057388
2079585822,3,8.511001,-1.96395,-0.47205,1781189057399
2079585832,3,8.676001,-2.115,-0.582,1781189057410
2079585842,3,8.752951,-2.23005,-0.642,1781189057420
2079585852,3,8.820001,-2.25105,-0.735,1781189057430
2079585863,3,8.916,-2.256,-0.79995006,1781189057440
2079585873,3,9.106951,-2.25105,-0.91200006,1781189057450
2079585883,3,9.279,-2.2060502,-1.0180501,1781189057460
2079585893,3,9.327001,-2.15805,-1.092,1781189057469
2079585903,3,9.295951,-2.0020502,-1.1040001,1781189057479
2079585913,3,9.198001,-1.8079501,-1.1209501,1781189057489
2079585923,3,9.121051,-1.6480501,-1.0180501,1781189057500
2079585933,3,9.064051,-1.50405,-0.93900007,1781189057510
2079585943,3,9.009001,-1.4130001,-0.89295006,1781189057520
2079585953,3,8.96595,-1.3270501,-0.83805007,1781189057530
2079585963,3,8.937,-1.27695,-0.91005003,1781189057540
2079585973,3,8.829,-1.2790501,-1.02195,1781189057551
2079585983,3,8.712001,-1.2790501,-1.13505,1781189057561
2079585994,3,8.620951,-1.28205,-1.3050001,1781189057571
2079586004,3,8.54895,-1.3219501,-1.45605,1781189057581
2079586014,3,8.50395,-1.389,-1.5109501,1781189057591
2079586024,3,8.511001,-1.4130001,-1.5109501,1781189057601
2079586034,3,8.58495,-1.452,-1.52295,1781189057611
2079586044,3,8.602051,-1.47105,-1.4130001,1781189057621
2079586054,3,8.635051,-1.488,-1.2859501,1781189057630
2079586064,3,8.6980505,-1.5190501,-1.161,1781189057642
2079586074,3,8.69505,-1.4950501,-1.0180501,1781189057650
2079586084,3,8.712001,-1.47105,-0.88605005,1781189057662
2079586094,3,8.68305,-1.38705,-0.79005,1781189057672
2079586104,3,8.710051,-1.34895,-0.79695004,1781189057682
2079586114,3,8.808001,-1.38495,-0.90300006,1781189057692
2079586125,3,9.00405,-1.4779501,-1.0680001,1781189057700
2079586135,3,9.241051,-1.5640501,-1.26195,1781189057711
2079586145,3,9.53295,-1.6480501,-1.35,1781189057722
2079586155,3,9.777,-1.674,-1.38195,1781189057731
2079586165,3,9.946951,-1.7050501,-1.41795,1781189057741
2079586175,3,10.05795,-1.72905,-1.4389501,1781189057751
2079586185,3,10.21605,-1.7989501,-1.4650501,1781189057762
2079586195,3,10.374001,-1.87995,-1.5660001,1781189057772
2079586205,3,10.495951,-2.01705,-1.6999501,1781189057782
2079586215,3,10.6060505,-2.1750002,-1.8679501,1781189057792
2079586225,3,10.74195,-2.3850002,-2.04195,1781189057801
2079586235,3,10.78995,-2.59395,-2.1409502,1781189057811
2079586245,3,10.75695,-2.7180002,-2.2390501,1781189057823
2079586255,3,10.60095,-2.73705,-2.29605,1781189057831
2079586266,3,10.519951,-2.74005,-2.3110502,1781189057843
2079586276,3,10.57905,-2.7850502,-2.3419502,1781189057852
2079586286,3,10.728001,-2.86905,-2.38995,1781189057863
2079586296,3,10.90995,-2.979,-2.36805,1781189057872
2079586306,3,11.05395,-3.0199502,-2.2750502,1781189057883
2079586316,3,11.142,-3.0010502,-2.12895,1781189057893
2079586326,3,11.167951,-2.9149501,-2.0350502,1781189057903
2079586336,3,11.18805,-2.8549502,-2.0059502,1781189057913
2079586346,3,11.203951,-2.80005,-2.08305,1781189057923
2079586356,3,11.25195,-2.77305,-2.2120502,1781189057932
2079586366,3,11.27595,-2.7610502,-2.22705,1781189057943
2079586376,3,11.142,-2.661,-2.11695,1781189057954
2079586386,3,10.78995,-2.4520502,-1.8870001,1781189057964
2079586397,3,10.31595,-2.2150502,-1.54005,1781189057972
2079586407,3,9.852,-2.0770502,-1.1689501,1781189057984
2079586417,3,9.4810505,-2.0689502,-0.85200006,1781189057994
2079586427,3,9.150001,-2.1319501,-0.582,1781189058004
2079586437,3,8.83905,-2.184,-0.402,1781189058014
2079586447,3,8.53005,-2.19105,-0.31905,1781189058024
2079586457,3,8.346001,-2.19405,-0.34305,1781189058034
2079586467,3,8.26395,-2.2369502,-0.43800002,1781189058043
2079586477,3,8.44095,-2.28705,-0.675,1781189058054
2079586487,3,8.724,-2.364,-0.89100003,1781189058064
2079586497,3,8.99505,-2.493,-1.09905,1781189058075
2079586507,3,9.22395,-2.55795,-1.28805,1781189058084
2079586517,3,9.394051,-2.62995,-1.30005,1781189058095
2079586528,3,9.48795,-2.66295,-1.2019501,1781189058105
2079586538,3,9.540001,-2.6200502,-1.0200001,1781189058115
2079586548,3,9.603001,-2.565,-0.82905006,1781189058125
2079586558,3,9.67695,-2.5150502,-0.68700004,1781189058134
2079586568,3,9.75105,-2.436,-0.58695,1781189058146
2079586578,3,9.73005,-2.3160002,-0.51495004,1781189058154
2079586588,3,9.6,-2.17995,-0.49800003,1781189058166
2079586598,3,9.33705,-2.0020502,-0.44505003,1781189058176
2079586608,3,9.054001,-1.8250501,-0.36405003,1781189058186
2079586618,3,8.82195,-1.6720501,-0.25905,1781189058194
2079586628,3,8.688001,-1.5829501,-0.14895001,1781189058204
2079586638,3,8.64,-1.57095,-0.07395,1781189058214
2079586648,3,8.66895,-1.58595,-0.010050001,1781189058224
2079586658,3,8.784,-1.5949501,0.025050001,1781189058235
2079586669,3,8.920051,-1.6030501,-0.010050001,1781189058246
2079586679,3,8.97795,-1.5589501,-0.072000004,1781189058257
2079586689,3,8.877001,-1.4640001,-0.09105001,1781189058265
2079586699,3,8.632951,-1.389,-0.10305001,1781189058275
2079586709,3,8.48205,-1.28205,-0.13905,1781189058285
2079586719,3,8.42895,-1.2240001,-0.16305001,1781189058296
2079586729,3,8.455951,-1.22895,-0.18195,1781189058307
2079586739,3,8.451,-1.27695,-0.24000001,1781189058317
2079586749,3,8.439,-1.31805,-0.28005,1781189058325
2079586759,3,8.38605,-1.34595,-0.35895002,1781189058335
2079586769,3,8.382,-1.3420501,-0.37095,1781189058345
2079586779,3,8.46105,-1.3440001,-0.39000002,1781189058355
2079586789,3,8.55195,-1.4130001,-0.42405003,1781189058367
2079586800,3,8.63805,-1.485,-0.42405003,1781189058377
2079586810,3,8.7289505,-1.5120001,-0.453,1781189058387
2079586820,3,8.844001,-1.57395,-0.51000005,1781189058397
2079586830,3,8.97795,-1.626,-0.58905005,1781189058407
2079586840,3,9.14805,-1.6669501,-0.61305004,1781189058418
2079586850,3,9.315001,-1.6720501,-0.63705003,1781189058426
2079586860,3,9.48795,-1.69305,-0.55605,1781189058437
2079586870,3,9.636001,-1.713,-0.43800002,1781189058446
2079586880,3,9.913951,-1.7389501,-0.29505002,1781189058458
2079586890,3,10.339951,-1.8679501,-0.20805001,1781189058468
2079586900,3,10.965,-2.0719502,-0.21105,1781189058479
2079586910,3,11.7960005,-2.33295,-0.32805002,1781189058487
2079586920,3,12.6,-2.59395,-0.47895002,1781189058500
2079586931,3,13.00695,-2.66295,-0.62700003,1781189058508
2079586941,3,12.733951,-2.4190502,-0.57495004,1781189058517
2079586951,3,11.98995,-2.02905,-0.31605002,1781189058527
2079586961,3,11.23305,-1.7050501,0.022950001,1781189058537
2079586971,3,10.6699505,-1.4680501,0.291,1781189058547
2079586981,3,10.323001,-1.3560001,0.41505003,1781189058557
2079586991,3,10.045951,-1.3060501,0.45600003,1781189058567
2079587001,3,9.691051,-1.2910501,0.432,1781189058577
2079587011,3,9.253051,-1.27005,0.432,1781189058587
2079587021,3,8.6640005,-1.2100501,0.49005002,1781189058597
2079587031,3,8.06595,-1.1520001,0.56205004,1781189058607
2079587041,3,7.6270504,-1.143,0.58995,1781189058619
2079587051,3,7.3740005,-1.14495,0.55200005,1781189058627
2079587062,3,7.2780004,-1.2220501,0.432,1781189058638
2079587072,3,7.2970505,-1.365,0.24105,1781189058648
2079587082,3,7.3980002,-1.5589501,-0.052950002,1781189058658
2079587092,3,7.5390005,-1.74405,-0.40695003,1781189058668
2079587102,3,7.66305,-1.8730501,-0.74700004,1781189058678
2079587112,3,7.7470503,-1.9090501,-1.07295,1781189058688
2079587122,3,7.8619504,-1.9540501,-1.33095,1781189058699
2079587132,3,7.9510503,-1.96395,-1.52295,1781189058710
2079587142,3,8.085,-2.0050502,-1.6570501,1781189058718
2079587152,3,8.31,-2.02605,-1.7839501,1781189058730
2079587162,3,8.523001,-1.9740001,-1.9060501,1781189058739
2079587172,3,8.74995,-1.9260001,-2.05905,1781189058749
2079587182,3,8.973001,-1.8520501,-2.124,1781189058758
2079587192,3,9.14505,-1.81605,-2.1049502,1781189058770
2079587203,3,9.220051,-1.7010001,-1.9920001,1781189058779
2079587213,3,9.226951,-1.5310501,-1.9150501,1781189058790
2079587223,3,9.238951,-1.4280001,-1.8679501,1781189058800
2079587233,3,9.234,-1.3920001,-1.863,1781189058810
2079587243,3,9.20505,-1.3440001,-1.8169501,1781189058820
2079587253,3,9.11205,-1.29795,-1.7839501,1781189058831
2079587263,3,8.96805,-1.3060501,-1.84395,1781189058840
2079587273,3,8.75805,-1.33395,-1.8769501,1781189058849
2079587283,3,8.611051,-1.3630501,-1.8870001,1781189058859
2079587293,3,8.476951,-1.3920001,-1.8720001,1781189058870
2079587303,3,8.38605,-1.437,-1.7689501,1781189058880
2079587313,3,8.425051,-1.5160501,-1.6309501,1781189058891
2079587323,3,8.52795,-1.60695,-1.422,1781189058901
2079587334,3,8.62605,-1.6720501,-1.15695,1781189058910
2079587344,3,8.614051,-1.69095,-0.87600005,1781189058920
2079587354,3,8.64,-1.6620001,-0.65895003,1781189058931
2079587364,3,8.710051,-1.6360501,-0.49305,1781189058941
2079587374,3,8.776951,-1.6030501,-0.35205,1781189058951
2079587384,3,8.829,-1.53795,-0.30195,1781189058961
2079587394,3,8.78895,-1.389,-0.22305001,1781189058970
2079587404,3,8.72595,-1.263,-0.094050005,1781189058981
2079587414,3,8.6980505,-1.1400001,-0.034050003,1781189058991
2079587424,3,8.710051,-1.11195,-0.060000002,1781189059000
2079587434,3,8.85105,-1.15005,-0.16800001,1781189059012
2079587444,3,9.0070505,-1.21905,-0.43605003,1781189059022
2079587454,3,9.208051,-1.33905,-0.74205005,1781189059032
2079587465,3,9.403951,-1.43505,-1.06095,1781189059042
2079587475,3,9.61005,-1.557,-1.4580001,1781189059052
2079587485,3,9.71805,-1.62405,-1.7070001,1781189059061
2079587495,3,9.78705,-1.6459501,-1.8700501,1781189059071
2079587505,3,9.96195,-1.69605,-2.0640001,1781189059082
2079587515,3,10.17195,-1.7629501,-2.196,1781189059092
2079587525,3,10.455001,-1.88505,-2.3110502,1781189059102
2079587535,3,10.752001,-2.05305,-2.4019501,1781189059112
2079587545,3,11.170951,-2.2470002,-2.4420002,1781189059122
2079587555,3,11.5990505,-2.4739501,-2.502,1781189059133
2079587565,3,11.913,-2.66295,-2.4490502,1781189059143
2079587575,3,11.974951,-2.70105,-2.2750502,1781189059151
2079587585,3,11.89605,-2.6800501,-2.052,1781189059162
2079587595,3,11.793,-2.66295,-1.8390001,1781189059173
2079587606,3,11.755051,-2.6920502,-1.6660501,1781189059183
2079587616,3,11.85105,-2.8240502,-1.5319501,1781189059192
2079587626,3,12.054001,-3.0030003,-1.41795,1781189059203
2079587636,3,12.229051,-3.1710002,-1.21605,1781189059212
2079587646,3,12.238951,-3.2400002,-0.9990001,1781189059223
2079587656,3,11.997001,-3.17595,-0.74505,1781189059233
2079587666,3,11.358001,-2.97,-0.63495004,1781189059243
2079587676,3,10.6060505,-2.6440501,-0.60105,1781189059254
2079587686,3,9.96405,-2.35695,-0.61305004,1781189059263
2079587696,3,9.28905,-2.0650501,-0.606,1781189059273
2079587706,3,8.611051,-1.7770501,-0.56505,1781189059282
2079587716,3,8.061001,-1.57095,-0.46695003,1781189059293
2079587726,3,7.635,-1.3920001,-0.34005,1781189059304
2079587737,3,7.3159504,-1.3080001,-0.25395,1781189059312
2079587747,3,7.15605,-1.3080001,-0.25605002,1781189059324
2079587757,3,7.1580005,-1.3579501,-0.33495003,1781189059334
2079587767,3,7.2730503,-1.4470501,-0.48900002,1781189059344
2079587777,3,7.4550004,-1.54305,-0.71805006,1781189059354
2079587787,3,7.6590004,-1.6290001,-0.95100003,1781189059364
2079587797,3,7.9030504,-1.6789501,-1.1209501,1781189059373
2079587807,3,8.089951,-1.7820001,-1.3740001,1781189059384
2079587817,3,8.254951,-1.83,-1.52505,1781189059393
2079587827,3,8.42205,-1.9470001,-1.5660001,1781189059403
2079587837,3,8.68095,-2.0719502,-1.51995,1781189059415
2079587847,3,8.98995,-2.196,-1.40295,1781189059423
2079587857,3,9.303,-2.33295,-1.2910501,1781189059435
2079587868,3,9.562051,-2.4169502,-1.2910501,1781189059445
2079587878,3,9.68595,-2.4120002,-1.3410001,1781189059455
2079587888,3,9.66495,-2.31795,-1.40295,1781189059465
2079587898,3,9.43995,-2.1319501,-1.4320501,1781189059475
2079587908,3,9.1050005,-1.9810501,-1.33605,1781189059485
2079587918,3,8.817,-1.8829501,-1.21905,1781189059496
2079587928,3,8.55195,-1.8400501,-1.056,1781189059506
2079587938,3,8.346001,-1.77495,-0.85995007,1781189059514
2079587948,3,8.260051,-1.7320501,-0.67305005,1781189059525
2079587958,3,8.254951,-1.7389501,-0.48900002,1781189059535
2079587968,3,8.305051,-1.7170501,-0.321,1781189059546
2079587978,3,8.36505,-1.7700001,-0.18705001,1781189059555
2079587988,3,8.44905,-1.8060001,-0.12195001,1781189059566
2079587999,3,8.49705,-1.794,-0.076950006,1781189059574
2079588009,3,8.544001,-1.7730001,-0.064950004,1781189059584
2079588019,3,8.65695,-1.7560501,-0.060000002,1781189059594
2079588029,3,8.820001,-1.725,-0.08400001,1781189059605
2079588039,3,8.944051,-1.7200501,-0.109950006,1781189059616
2079588049,3,9.01605,-1.6819501,-0.12900001,1781189059625
2079588059,3,8.97105,-1.62195,-0.165,1781189059638
2079588069,3,8.829,-1.5280501,-0.15795001,1781189059645
2079588079,3,8.65005,-1.4299501,-0.14895001,1781189059655
2079588089,3,8.476951,-1.3300501,-0.117000006,1781189059667
2079588099,3,8.305051,-1.2360001,-0.08205,1781189059675
2079588109,3,8.254951,-1.2360001,-0.012,1781189059688
2079588119,3,8.37405,-1.30305,-0.00705,1781189059695
2079588129,3,8.64,-1.43295,-0.08895,1781189059706
2079588140,3,8.937,-1.57095,-0.216,1781189059717
2079588150,3,9.253051,-1.7050501,-0.36405003,1781189059729
2079588160,3,9.555,-1.7890501,-0.546,1781189059736
2079588170,3,9.801001,-1.8319501,-0.64695,1781189059747
2079588180,3,10.053,-1.84695,-0.73305005,1781189059758
2079588190,3,10.225051,-1.8420001,-0.75900006,1781189059766
2079588200,3,10.383,-1.83,-0.78300005,1781189059778
2079588210,3,10.58895,-1.8750001,-0.76905006,1781189059786
2079588220,3,10.90305,-1.9860001,-0.81195,1781189059796
2079588230,3,11.3890505,-2.1340501,-0.88605005,1781189059806
2079588240,3,11.805,-2.2420502,-1.0030501,1781189059816
2079588250,3,12.082951,-2.32995,-1.1010001,1781189059826
2079588260,3,12.114,-2.3400002,-1.12995,1781189059838
2079588271,3,11.784,-2.1990001,-1.08,1781189059848
2079588281,3,11.22105,-2.0410502,-0.915,1781189059856
2079588291,3,10.75695,-1.8370501,-0.73005,1781189059867
2079588301,3,10.419001,-1.7320501,-0.59595,1781189059877
2079588311,3,10.062,-1.6890001,-0.50505,1781189059889
2079588321,3,9.636001,-1.6339501,-0.38805002,1781189059897
2079588331,3,9.14805,-1.5499501,-0.24900001,1781189059908
2079588341,3,8.652,-1.4760001,-0.108,1781189059918
2079588351,3,8.24505,-1.42305,0.022950001,1781189059928
2079588361,3,7.9360504,-1.4110501,0.13800001,1781189059937
2079588371,3,7.8,-1.45395,0.147,1781189059948
2079588381,3,7.80705,-1.53495,0.08295,1781189059958
2079588391,3,7.83795,-1.6380001,-0.03795,1781189059969
2079588402,3,7.872,-1.6840501,-0.17505,1781189059977
2079588412,3,7.8790503,-1.761,-0.30405003,1781189059988
2079588422,3,7.9150505,-1.81305,-0.41400003,1781189059999
2079588432,3,7.9290004,-1.863,-0.53400004,1781189060008
2079588442,3,7.977,-1.8709501,-0.64695,1781189060019
2079588452,3,8.23095,-1.8900001,-0.76605004,1781189060028
2079588462,3,8.511001,-1.914,-0.90795004,1781189060038
2079588472,3,8.769,-1.9660501,-1.0009501,1781189060050
2079588482,3,8.98005,-1.99995,-1.1370001,1781189060059
2079588492,3,9.082951,-1.9540501,-1.176,1781189060070
2079588502,3,9.069,-1.8520501,-1.19505,1781189060078
2079588512,3,9.03495,-1.7200501,-1.2210001,1781189060090
2079588522,3,8.911051,-1.6140001,-1.1880001,1781189060100
2079588533,3,8.920051,-1.5310501,-1.176,1781189060110
2079588543,3,9.069,-1.5090001,-1.17795,1781189060119
2079588553,3,9.19305,-1.5280501,-1.2210001,1781189060128
2079588563,3,9.24405,-1.5619501,-1.2240001,1781189060139
2079588573,3,9.220051,-1.593,-1.1920501,1781189060150
2079588583,3,9.1050005,-1.6099501,-1.18305,1781189060160
2079588593,3,8.916,-1.5640501,-1.1520001,1781189060170
2079588603,3,8.755051,-1.5450001,-1.11105,1781189060180
2079588613,3,8.611051,-1.5160501,-1.0870501,1781189060190
2079588623,3,8.54895,-1.4800501,-1.05795,1781189060200
2079588633,3,8.56095,-1.50405,-1.0489501,1781189060211
2079588643,3,8.571,-1.4970001,-1.02495,1781189060220
2079588653,3,8.56095,-1.5310501,-0.99105006,1781189060230
2079588663,3,8.49705,-1.5160501,-0.95505005,1781189060241
2079588674,3,8.38605,-1.4640001,-0.924,1781189060251
2079588684,3,8.178,-1.365,-0.83805007,1781189060260
2079588694,3,7.9549503,-1.2070501,-0.675,1781189060269
2079588704,3,7.8090005,-1.0849501,-0.54405004,1781189060280
2079588714,3,7.7260504,-0.99705005,-0.41895002,1781189060290
2079588724,3,7.7089505,-0.966,-0.37605003,1781189060301
2079588734,3,7.8019505,-0.9799501,-0.41400003,1781189060310
2079588744,3,8.01105,-1.03995,-0.55995005,1781189060320
2079588754,3,8.27595,-1.1520001,-0.74505,1781189060330
2079588764,3,8.499001,-1.22895,-0.89805007,1781189060339
2079588774,3,8.71395,-1.31805,-1.04205,1781189060350
2079588784,3,8.917951,-1.35105,-1.1710501,1781189060360
2079588794,3,9.15705,-1.38495,-1.3050001,1781189060370
2079588805,3,9.39,-1.4130001,-1.4680501,1781189060380
2079588815,3,9.588,-1.437,-1.5829501,1781189060390
2079588825,3,9.78705,-1.488,-1.6140001,1781189060400
2079588835,3,9.91905,-1.5450001,-1.60695,1781189060410
2079588845,3,9.997951,-1.6030501,-1.56105,1781189060420
2079588855,3,10.030951,-1.65495,-1.5010501,1781189060430
2079588865,3,10.029,-1.7170501,-1.4460001,1781189060440
2079588875,3,10.10805,-1.7890501,-1.4440501,1781189060451
2079588885,3,10.3279505,-1.9450501,-1.485,1781189060461
2079588895,3,10.630051,-2.14395,-1.5949501,1781189060471
2079588905,3,10.977,-2.3470502,-1.659,1781189060483
2079588915,3,11.19705,-2.5549502,-1.6660501,1781189060493
2079588925,3,11.298,-2.6460001,-1.5660001,1781189060502
2079588936,3,11.271001,-2.6749501,-1.36695,1781189060513
2079588946,3,11.21895,-2.6179502,-1.21905,1781189060523
2079588956,3,11.154,-2.5510502,-1.1400001,1781189060533
2079588966,3,11.11095,-2.4720001,-1.15695,1781189060543
2079588976,3,11.133,-2.493,-1.1899501,1781189060553
2079588986,3,11.269051,-2.56005,-1.2550501,1781189060562
2079588996,3,11.55195,-2.6419501,-1.30005,1781189060573
2079589006,3,11.748,-2.697,-1.31505,1781189060582
2079589016,3,11.81505,-2.6509502,-1.2280501,1781189060593
2079589026,3,11.677951,-2.469,-1.113,1781189060603
2079589036,3,11.166,-2.151,-0.85005003,1781189060614
2079589046,3,10.443001,-1.81095,-0.56805,1781189060623
2079589056,3,9.682051,-1.5670501,-0.28500003,1781189060634
2079589066,3,9.018001,-1.42095,-0.08400001,1781189060643
2079589077,3,8.49705,-1.3990501,0.0,1781189060654
2079589087,3,8.16405,-1.41795,-0.01695,1781189060664
2079589097,3,7.9530005,-1.45395,-0.12900001,1781189060674
2079589107,3,7.8840003,-1.5259501,-0.30405003,1781189060683
2079589117,3,8.025001,-1.6620001,-0.52395004,1781189060694
2079589127,3,8.271001,-1.8540001,-0.83295006,1781189060705
2079589137,3,8.544001,-2.0410502,-1.13505,1781189060712
2079589147,3,8.7289505,-2.1750002,-1.4250001,1781189060725
2079589157,3,8.899051,-2.232,-1.6470001,1781189060733
2079589167,3,8.997001,-2.2470002,-1.7500501,1781189060744
2079589177,3,9.088051,-2.2060502,-1.779,1781189060754
2079589187,3,9.15705,-2.184,-1.67805,1781189060763
2079589197,3,9.184051,-2.18205,-1.5589501,1781189060775
2079589208,3,9.153001,-2.1750002,-1.3909501,1781189060785
2079589218,3,9.150001,-2.11995,-1.2930001,1781189060795
2079589228,3,9.066,-2.02605,-1.2360001,1781189060805
2079589238,3,9.00195,-1.9020001,-1.22595,1781189060815
2079589248,3,8.889001,-1.8349501,-1.2550501,1781189060825
2079589258,3,8.70495,-1.77495,-1.1730001,1781189060834
2079589268,3,8.476951,-1.6890001,-1.07295,1781189060845
2079589278,3,8.2879505,-1.6360501,-0.9480001,1781189060855
2079589288,3,8.11095,-1.58595,-0.79005,1781189060865
2079589298,3,7.9870505,-1.53495,-0.642,1781189060875
2079589308,3,7.9750504,-1.5450001,-0.50100005,1781189060884
2079589318,3,8.05605,-1.5589501,-0.36600003,1781189060894
2079589328,3,8.20695,-1.61205,-0.27795002,1781189060905
2079589339,3,8.334001,-1.674,-0.23205002,1781189060916
2079589349,3,8.52,-1.74405,-0.21795002,1781189060926
2079589359,3,8.71395,-1.7700001,-0.22500001,1781189060935
2079589369,3,8.865001,-1.794,-0.273,1781189060947
2079589379,3,8.973001,-1.8079501,-0.30900002,1781189060955
2079589389,3,8.99895,-1.78005,-0.28305,1781189060965
2079589399,3,8.97795,-1.7629501,-0.22800002,1781189060976
2079589409,3,8.865001,-1.7149501,-0.14595,1781189060987
2079589419,3,8.71695,-1.6309501,-0.04605,1781189060995
2079589429,3,8.635051,-1.57605,0.049050003,1781189061006
2079589439,3,8.611051,-1.5670501,0.066,1781189061015
2079589449,3,8.67105,-1.5640501,0.075,1781189061025
2079589459,3,8.81505,-1.6309501,0.058950003,1781189061036
2079589470,3,9.00405,-1.677,0.00795,1781189061047
2079589480,3,9.196051,-1.7200501,-0.08205,1781189061057
2079589490,3,9.35595,-1.78005,-0.21300001,1781189061067
2079589500,3,9.49695,-1.84395,-0.32295,1781189061077
2079589510,3,9.564,-1.863,-0.44295,1781189061086
2079589520,3,9.547951,-1.8180001,-0.50805,1781189061098
2079589530,3,9.562051,-1.78005,-0.56505,1781189061108
2079589540,3,9.64095,-1.7530501,-0.58695,1781189061117
2079589550,3,9.79905,-1.78005,-0.63705003,1781189061126
2079589560,3,10.06995,-1.8589501,-0.70395005,1781189061137
2079589570,3,10.374001,-1.9930501,-0.76395005,1781189061147
2079589580,3,10.76895,-2.1390002,-0.864,1781189061156
2079589590,3,11.145,-2.2699502,-0.9289501,1781189061167
2079589600,3,11.458051,-2.28495,-0.96495,1781189061179
2079589611,3,11.583,-2.23005,-0.97905004,1781189061188
2079589621,3,11.52,-2.115,-0.9580501,1781189061197
2079589631,3,11.23305,-1.9740001,-0.89805007,1781189061207
2079589641,3,10.872001,-1.863,-0.78300005,1781189061218
2079589651,3,10.44795,-1.7010001,-0.60300004,1781189061228
2079589661,3,9.97095,-1.5499501,-0.40995002,1781189061237
2079589671,3,9.48495,-1.4419501,-0.19395001,1781189061248
2079589681,3,9.01095,-1.3300501,-0.015000001,1781189061259
2079589691,3,8.523001,-1.251,0.16905001,1781189061270
2079589701,3,8.0460005,-1.1910001,0.30795002,1781189061278
2079589711,3,7.635,-1.11405,0.45600003,1781189061287
2079589721,3,7.314,-1.07595,0.50205004,1781189061299
2079589731,3,7.20795,-1.15695,0.40305,1781189061308
2079589742,3,7.2660003,-1.2859501,0.20700002,1781189061319
2079589752,3,7.5319505,-1.4950501,-0.105000004,1781189061329
2079589762,3,7.8619504,-1.7080501,-0.45495003,1781189061338
2079589772,3,8.142,-1.93305,-0.78795004,1781189061348
2079589782,3,8.33895,-2.1049502,-1.02495,1781189061359
2079589792,3,8.51805,-2.2369502,-1.25205,1781189061369
2079589802,3,8.68995,-2.33505,-1.4269501,1781189061379
2079589812,3,8.829,-2.364,-1.52295,1781189061389
2079589822,3,8.953951,-2.3850002,-1.6110001,1781189061400
2079589832,3,9.05895,-2.3160002,-1.6140001,1781189061410
2079589842,3,9.17205,-2.2369502,-1.57305,1781189061419
2079589852,3,9.21195,-2.15805,-1.4800501,1781189061430
2079589862,3,9.23595,-2.08095,-1.37205,1781189061439
2079589873,3,9.229051,-1.96395,-1.2589501,1781189061448
2079589883,3,9.21195,-1.8349501,-1.1400001,1781189061458
2079589893,3,9.11205,-1.69095,-1.01505,1781189061469
2079589903,3,8.997001,-1.6000501,-0.87405,1781189061480
2079589913,3,8.79105,-1.4830501,-0.77295005,1781189061489
2079589923,3,8.655001,-1.3969501,-0.71805006,1781189061500
2079589933,3,8.620951,-1.3729501,-0.69000006,1781189061509
2079589943,3,8.590051,-1.3560001,-0.72105,1781189061520
2079589953,3,8.532001,-1.3630501,-0.74700004,1781189061530
2079589963,3,8.425051,-1.33395,-0.76095,1781189061540
2079589973,3,8.271001,-1.31805,-0.68205005,1781189061550
2079589983,3,8.085,-1.2529501,-0.61995006,1781189061561
2079589993,3,7.9360504,-1.1689501,-0.57195,1781189061571
2079590003,3,7.7899504,-1.11405,-0.53595,1781189061581
2079590014,3,7.6590004,-1.04505,-0.50100005,1781189061590
2079590024,3,7.5840006,-0.97800004,-0.48600003,1781189061601
2079590034,3,7.5750003,-0.97005004,-0.522,1781189061610
2079590044,3,7.6510506,-0.96795005,-0.57195,1781189061621
2079590054,3,7.7730002,-0.966,-0.70605004,1781189061631
2079590064,3,7.9080005,-1.047,-0.85005003,1781189061641
2079590074,3,8.106,-1.04205,-1.00995,1781189061650
2079590084,3,8.25,-1.04505,-1.128,1781189061661
2079590094,3,8.418,-1.0350001,-1.21395,1781189061670
2079590104,3,8.608951,-1.026,-1.3069501,1781189061680
2079590114,3,8.764951,-1.059,-1.3620001,1781189061692
2079590124,3,8.88405,-1.0879501,-1.3219501,1781189061700
2079590134,3,9.00405,-1.1329501,-1.317,1781189061712
2079590145,3,9.106951,-1.2070501,-1.31505,1781189061721
2079590155,3,9.17895,-1.2430501,-1.33095,1781189061731
2079590165,3,9.507001,-1.3770001,-1.48695,1781189061742
2079590175,3,9.934951,-1.5790501,-1.746,1781189061750
2079590185,3,10.395,-1.8040501,-1.98705,1781189061761
2079590195,3,10.77105,-1.9860001,-2.1430502,1781189061771
2079590205,3,11.04195,-2.0959501,-2.16195,1781189061782
2079590215,3,11.185051,-2.127,-2.1049502,1781189061792
2079590225,3,11.23995,-2.1319501,-2.0020502,1781189061802
2079590235,3,11.2570505,-2.1460502,-1.8559501,1781189061813
2079590245,3,11.2879505,-2.196,-1.7359501,1781189061821
2079590255,3,11.298,-2.2110002,-1.6189501,1781189061831
2079590265,3,11.335951,-2.2470002,-1.4940001,1781189061842
2079590276,3,11.37705,-2.30205,-1.37205,1781189061851
2079590286,3,11.42205,-2.3730001,-1.21395,1781189061863
2079590296,3,11.461051,-2.49795,-1.02705,1781189061872
2079590306,3,11.319,-2.53395,-0.83805007,1781189061881
2079590316,3,11.002951,-2.4840002,-0.606,1781189061893
2079590326,3,10.564951,-2.3830502,-0.37395,1781189061903
2079590336,3,10.09305,-2.26605,-0.16095,1781189061912
2079590346,3,9.61695,-2.1079502,0.042000003,1781189061923
2079590356,3,9.18795,-2.055,0.19995001,1781189061933
2079590366,3,8.7960005,-1.9450501,0.28605002,1781189061943
2079590376,3,8.500951,-1.8900001,0.30105,1781189061953
2079590386,3,8.38605,-1.95,0.19305001,1781189061963
2079590396,3,8.44905,-2.05005,0.01995,1781189061972
2079590407,3,8.655001,-2.19405,-0.28500003,1781189061984
2079590417,3,8.85795,-2.328,-0.67995006,1781189061994
2079590427,3,8.99205,-2.46195,-1.0680001,1781189062003
2079590437,3,9.13095,-2.5240502,-1.45305,1781189062013
2079590447,3,9.241051,-2.5840502,-1.7310001,1781189062024
2079590457,3,9.3490505,-2.6220002,-2.04495,1781189062033
2079590467,3,9.415951,-2.66295,-2.2099502,1781189062044
2079590477,3,9.45195,-2.673,-2.2699502,1781189062054
2079590487,3,9.406051,-2.66295,-2.196,1781189062064
2079590497,3,9.33195,-2.6820002,-2.088,1781189062074
2079590507,3,9.258,-2.706,-1.8700501,1781189062083
2079590517,3,9.198001,-2.7130501,-1.5660001,1781189062093
2079590527,3,9.18105,-2.7210002,-1.3050001,1781189062104
2079590537,3,9.17895,-2.706,-1.06605,1781189062115
2079590548,3,9.232051,-2.6779501,-0.915,1781189062123
2079590558,3,9.33495,-2.67,-0.83100003,1781189062135
2079590568,3,9.32505,-2.634,-0.81405,1781189062146
2079590578,3,9.247951,-2.5530002,-0.795,1781189062155
2079590588,3,9.14505,-2.436,-0.75405,1781189062165
2079590598,3,9.088051,-2.352,-0.675,1781189062174
2079590608,3,9.0070505,-2.256,-0.615,1781189062185
2079590618,3,9.00405,-2.2110002,-0.49605003,1781189062194
2079590628,3,9.0400505,-2.1460502,-0.354,1781189062205
2079590638,3,9.19995,-2.09295,-0.28305,1781189062216
2079590648,3,9.35805,-2.0410502,-0.18705001,1781189062225
2079590658,3,9.45705,-2.01705,-0.132,1781189062234
2079590668,3,9.507001,-1.9470001,-0.07395,1781189062244
2079590679,3,9.540001,-1.9090501,-0.04605,1781189062255
2079590689,3,9.604951,-1.8780001,-0.043050002,1781189062264
2079590699,3,9.648001,-1.83,-0.012,1781189062275
2079590709,3,9.63105,-1.761,0.03195,1781189062284
2079590719,3,9.564,-1.7490001,0.087000005,1781189062296
2079590729,3,9.471001,-1.6669501,0.10395,1781189062307
2079590739,3,9.43305,-1.674,0.043950003,1781189062315
2079590749,3,9.45705,-1.69305,0.0,1781189062327
2079590759,3,9.460951,-1.713,-0.12705001,1781189062335
2079590769,3,9.435,-1.7029501,-0.24000001,1781189062346
2079590779,3,9.31995,-1.6380001,-0.29205,1781189062357
2079590789,3,9.21,-1.5949501,-0.33795002,1781189062367
2079590799,3,9.11205,-1.54005,-0.34305,1781189062376
2079590810,3,9.018001,-1.49205,-0.35895002,1781189062387
2079590820,3,8.937,-1.45605,-0.40995002,1781189062397
2079590830,3,8.853001,-1.4299501,-0.41400003,1781189062407
2079590840,3,8.772,-1.368,-0.441,1781189062417
2079590850,3,8.623051,-1.251,-0.48105,1781189062428
2079590860,3,8.33895,-1.14495,-0.49305,1781189062438
2079590870,3,8.121,-1.02795,-0.49095002,1781189062446
2079590880,3,7.9480505,-0.94395006,-0.50100005,1781189062458
2079590890,3,7.8910503,-0.88395005,-0.52005005,1781189062466
2079590900,3,7.9510503,-0.82395005,-0.55605,1781189062477
2079590910,3,7.9939504,-0.777,-0.60795003,1781189062488
2079590920,3,8.02995,-0.76905006,-0.58005005,1781189062498
2079590930,3,8.06295,-0.71205,-0.59895,1781189062506
2079590940,3,8.122951,-0.71205,-0.61095005,1781189062518
2079590951,3,8.190001,-0.726,-0.66105,1781189062527
2079590961,3,8.238,-0.69795,-0.74700004,1781189062536
2079590971,3,8.31495,-0.69495004,-0.83100003,1781189062547
2079590981,3,8.39595,-0.69795,-0.9580501,1781189062557
2079590991,3,8.52495,-0.717,-1.1179501,1781189062567
2079591001,3,8.71695,-0.79095006,-1.2790501,1781189062578
2079591011,3,8.905951,-0.89400005,-1.4269501,1781189062587
2079591021,3,9.162001,-1.0489501,-1.506,1781189062598
2079591031,3,9.342,-1.2240001,-1.4940001,1781189062608
2079591041,3,9.460951,-1.38705,-1.4269501,1781189062619
2079591051,3,9.526051,-1.521,-1.3219501,1781189062628
2079591061,3,9.46395,-1.64295,-1.1850001,1781189062638
2079591071,3,9.448951,-1.7029501,-1.11105,1781189062648
2079591082,3,9.42105,-1.761,-0.97695005,1781189062658
2079591092,3,9.3820505,-1.7320501,-0.855,1781189062667
2079591102,3,9.406051,-1.7029501,-0.74700004,1781189062679
2079591112,3,9.427951,-1.69605,-0.69195,1781189062688
2079591122,3,9.48495,-1.6789501,-0.65895003,1781189062698
2079591132,3,9.576,-1.69095,-0.61995006,1781189062708
2079591142,3,9.64305,-1.6030501,-0.59205,1781189062718
2079591152,3,9.700951,-1.53795,-0.55305004,1781189062728
2079591162,3,9.708,-1.45605,-0.53205,1781189062738
2079591172,3,9.69795,-1.38495,-0.558,1781189062749
2079591182,3,9.624001,-1.3579501,-0.57195,1781189062759
2079591192,3,9.543,-1.3219501,-0.615,1781189062769
2079591202,3,9.45195,-1.3099501,-0.64905006,1781189062781
2079591213,3,9.366,-1.33395,-0.74700004,1781189062790
2079591223,3,9.28905,-1.33905,-0.87405,1781189062799
2079591233,3,9.186001,-1.3770001,-0.97905004,1781189062810
2079591243,3,9.109051,-1.4059501,-1.1040001,1781189062820
2079591253,3,9.01605,-1.416,-1.22595,1781189062830
2079591263,3,8.949,-1.452,-1.30005,1781189062839
2079591273,3,8.932051,-1.5160501,-1.41495,1781189062850
2079591283,3,8.89605,-1.5589501,-1.473,1781189062860
2079591293,3,8.925,-1.5979501,-1.434,1781189062870
2079591303,3,9.117001,-1.6789501,-1.4610001,1781189062879
2079591313,3,9.267,-1.8199501,-1.48905,1781189062890
2079591323,3,9.45195,-1.9740001,-1.4940001,1781189062900
2079591333,3,9.5449505,-2.0719502,-1.44105,1781189062911
2079591344,3,9.53295,-2.0650501,-1.3429501,1781189062919
2079591354,3,9.403951,-2.022,-1.2040501,1781189062931
2079591364,3,9.24405,-1.9230001,-1.06095,1781189062941
2079591374,3,9.1050005,-1.866,-0.9480001,1781189062950
2079591384,3,9.01095,-1.7839501,-0.82095003,1781189062961
2079591394,3,8.923051,-1.7680501,-0.65595,1781189062971
2079591404,3,8.913,-1.794,-0.51195,1781189062980
2079591414,3,8.923051,-1.8610501,-0.41205,1781189062990
2079591424,3,9.00405,-1.9470001,-0.32595003,1781189063000
2079591434,3,9.064051,-2.02395,-0.30705002,1781189063011
2079591444,3,9.109051,-2.091,-0.32595003,1781189063020
2079591454,3,9.076051,-2.1409502,-0.40695003,1781189063031
2079591464,3,9.061951,-2.15805,-0.46905002,1781189063042
2079591474,3,8.97795,-2.127,-0.57195,1781189063052
2079591485,3,8.932051,-2.12205,-0.63195,1781189063062
2079591495,3,8.899051,-2.1679502,-0.77295005,1781189063072
2079591505,3,8.889001,-2.11995,-0.88395005,1781189063082
2079591515,3,8.901,-2.0359502,-0.99600005,1781189063092
2079591525,3,9.0070505,-2.04495,-1.116,1781189063102
2079591535,3,9.05895,-2.05695,-1.164,1781189063111
2079591545,3,9.045,-2.02605,-1.197,1781189063121
2079591555,3,9.03495,-1.9740001,-1.1710501,1781189063133
2079591565,3,9.030001,-1.93305,-1.14195,1781189063142
2079591575,3,8.92695,-1.8229501,-1.1010001,1781189063152
2079591585,3,8.887051,-1.7410501,-0.97695005,1781189063162
2079591595,3,8.817,-1.6620001,-0.90000004,1781189063173
2079591605,3,8.776951,-1.5979501,-0.83595,1781189063183
2079591616,3,8.853001,-1.5640501,-0.77295005,1781189063193
2079591626,3,8.925,-1.5640501,-0.735,1781189063203
2079591636,3,9.0400505,-1.5589501,-0.69705003,1781189063212
2079591646,3,9.18795,-1.5880501,-0.69900006,1781189063223
2079591656,3,9.27495,-1.5979501,-0.72105,1781189063232
2079591666,3,9.31095,-1.60695,-0.72795004,1781189063243
2079591676,3,9.241051,-1.59105,-0.70605004,1781189063253
2079591686,3,9.16005,-1.5330001,-0.65895003,1781189063262
2079591696,3,9.052051,-1.50195,-0.60105,1781189063272
2079591706,3,9.021001,-1.4779501,-0.60795003,1781189063282
2079591716,3,9.03495,-1.4610001,-0.58695,1781189063293
2079591726,3,9.13095,-1.4760001,-0.60795003,1781189063303
2079591736,3,9.14805,-1.4779501,-0.63900006,1781189063312
2079591747,3,9.186001,-1.485,-0.67305005,1781189063324
2079591757,3,9.208051,-1.4779501,-0.702,1781189063334
2079591767,3,9.217051,-1.452,-0.72300005,1781189063343
2079591777,3,9.214951,-1.3969501,-0.76095,1781189063354
2079591787,3,9.18795,-1.34895,-0.76395005,1781189063364
2079591797,3,9.121051,-1.3080001,-0.80700004,1781189063374
2079591807,3,8.997001,-1.2600001,-0.81405,1781189063383
2079591817,3,8.916,-1.21905,-0.84795004,1781189063394
2079591827,3,8.85795,-1.2220501,-0.86205006,1781189063404
2079591837,3,8.83905,-1.2360001,-0.87900007,1781189063414
2079591847,3,8.868,-1.2790501,-0.90300006,1781189063424
2079591857,3,8.92695,-1.30095,-0.91995007,1781189063434
2079591867,3,8.985001,-1.32,-0.94305,1781189063444
2079591878,3,9.009001,-1.3560001,-0.95505005,1781189063455
2079591888,3,9.0709505,-1.3729501,-0.97695005,1781189063465
2079591898,3,9.085951,-1.4110501,-0.96300006,1781189063474
2079591908,3,9.04695,-1.4490001,-0.95100003,1781189063484
2079591918,3,8.98305,-1.473,-0.90000004,1781189063494
2079591928,3,8.95905,-1.4950501,-0.85200006,1781189063504
2079591938,3,8.913,-1.4970001,-0.80205005,1781189063515
2079591948,3,8.904,-1.50195,-0.77595,1781189063525
2079591958,3,8.905951,-1.521,-0.74205005,1781189063534
2079591968,3,8.94705,-1.55505,-0.70395005,1781189063545
2079591978,3,8.98995,-1.57605,-0.72105,1781189063556
2079591988,3,9.052051,-1.62405,-0.702,1781189063566
2079591998,3,9.045,-1.6189501,-0.66105,1781189063576
2079592008,3,9.0400505,-1.57605,-0.63705003,1781189063584
2079592019,3,9.045,-1.53495,-0.56805,1781189063596
2079592029,3,9.021001,-1.5000001,-0.50805,1781189063605
2079592039,3,9.02295,-1.5450001,-0.53400004,1781189063615
2079592049,3,9.069,-1.5450001,-0.56295,1781189063627
2079592059,3,9.126,-1.57395,-0.59895,1781189063635
2079592069,3,9.14505,-1.5619501,-0.66105,1781189063647
2079592079,3,9.162001,-1.5120001,-0.702,1781189063656
2079592089,3,9.097051,-1.43295,-0.73005,1781189063667
2079592099,3,9.05895,-1.3750501,-0.72300005,1781189063676
2079592109,3,9.093,-1.34895,-0.77595,1781189063687
2079592119,3,9.121051,-1.3440001,-0.79995006,1781189063696
2079592129,3,9.121051,-1.31295,-0.79995006,1781189063706
2079592139,3,9.085951,-1.284,-0.81900007,1781189063718
2079592150,3,9.0400505,-1.2600001,-0.82095003,1781189063726
2079592160,3,8.99505,-1.2859501,-0.81900007,1781189063738
2079592170,3,8.956051,-1.296,-0.80700004,1781189063748
2079592180,3,8.923051,-1.31505,-0.79695004,1781189063757
2079592190,3,8.925,-1.3579501,-0.79305005,1781189063768
2079592200,3,8.905951,-1.3800001,-0.79305005,1781189063776
2079592210,3,8.917951,-1.416,-0.78495,1781189063788
2079592220,3,8.944051,-1.45395,-0.81705004,1781189063796
2079592230,3,8.99895,-1.4899501,-0.85005003,1781189063806
2079592240,3,9.094951,-1.54005,-0.864,1781189063818
2079592250,3,9.15705,-1.5949501,-0.88095003,1781189063828
2079592260,3,9.198001,-1.6170001,-0.88095003,1781189063839
2079592270,3,9.229051,-1.61205,-0.84795004,1781189063847
2079592281,3,9.229051,-1.57095,-0.80505,1781189063858
2079592291,3,9.2029505,-1.5670501,-0.72300005,1781189063866
2079592301,3,9.14805,-1.5520501,-0.642,1781189063876
2079592311,3,9.081,-1.5190501,-0.62295,1781189063887
2079592321,3,9.03495,-1.4800501,-0.63195,1781189063897
2079592331,3,9.01605,-1.4640001,-0.67305005,1781189063906
2079592341,3,9.0400505,-1.45905,-0.69405,1781189063917
2079592351,3,9.102,-1.44,-0.75705004,1781189063927
2079592361,3,9.126,-1.4800501,-0.795,1781189063938
2079592371,3,9.14505,-1.4830501,-0.81900007,1781189063947
2079592381,3,9.174001,-1.5000001,-0.87900007,1781189063959
2079592391,3,9.162001,-1.4680501,-0.91200006,1781189063967
2079592401,3,9.16005,-1.44,-0.95295006,1781189063978
2079592411,3,9.150001,-1.42095,-0.97905004,1781189063988
2079592422,3,9.15705,-1.4089501,-0.97200006,1781189063999
2079592432,3,9.15705,-1.42305,-0.984,1781189064008
2079592442,3,9.184051,-1.42095,-0.97695005,1781189064019
2079592452,3,9.18795,-1.4419501,-0.9670501,1781189064029
2079592462,3,9.18105,-1.45905,-0.94305,1781189064039
2079592472,3,9.220051,-1.4610001,-0.96000004,1781189064048
2079592482,3,9.222,-1.4830501,-0.91995007,1781189064058
2079592492,3,9.234,-1.50405,-0.93105006,1781189064069
2079592502,3,9.294001,-1.54305,-0.88605005,1781189064079
2079592512,3,9.279,-1.53495,-0.89100003,1781189064088
2079592522,3,9.31305,-1.54005,-0.87195003,1781189064099
2079592532,3,9.31305,-1.55505,-0.85995007,1781189064109
2079592542,3,9.22395,-1.5330001,-0.79695004,1781189064118
2079592553,3,9.14505,-1.5160501,-0.67995006,1781189064130
2079592563,3,9.094951,-1.485,-0.59895,1781189064139
2079592573,3,9.061951,-1.485,-0.55095005,1781189064150
2079592583,3,9.076051,-1.50405,-0.52905005,1781189064159
2079592593,3,9.184051,-1.5330001,-0.56505,1781189064170
2079592603,3,9.318001,-1.59105,-0.651,1781189064180
2079592613,3,9.48495,-1.6480501,-0.76095,1781189064190
2079592623,3,9.58605,-1.6890001,-0.85995007,1781189064200
2079592633,3,9.571951,-1.6860001,-0.89805007,1781189064210
2079592643,3,9.49695,-1.6189501,-0.924,1781189064220
2079592653,3,9.37005,-1.57605,-0.89295006,1781189064230
2079592663,3,9.27,-1.5190501,-0.82095003,1781189064239
2079592673,3,9.186001,-1.521,-0.735,1781189064251
2079592684,3,9.114,-1.5190501,-0.68700004,1781189064260
2079592694,3,9.069,-1.5120001,-0.63900006,1781189064270
2079592704,3,9.085951,-1.5259501,-0.63705003,1781189064280
2079592714,3,9.11205,-1.557,-0.67995006,1781189064289
2079592724,3,9.18105,-1.6000501,-0.75195,1781189064300
2079592734,3,9.265051,-1.61205,-0.82095003,1781189064310
2079592744,3,9.330001,-1.6309501,-0.85995007,1781189064320
2079592754,3,9.351001,-1.6290001,-0.86895007,1781189064331
2079592764,3,9.351001,-1.6140001,-0.85200006,1781189064341
2079592774,3,9.30105,-1.57605,-0.79695004,1781189064350
2079592784,3,9.18795,-1.5499501,-0.73005,1781189064362
2079592794,3,9.093,-1.5160501,-0.66105,1781189064372
2079592804,3,9.018001,-1.4640001,-0.61800003,1781189064380
2079592815,3,8.956051,-1.4610001,-0.58905005,1781189064391
2079592825,3,8.944051,-1.4490001,-0.58395004,1781189064402
2079592835,3,8.973001,-1.485,-0.62295,1781189064411
2079592845,3,9.102,-1.5330001,-0.67095006,1781189064421
2079592855,3,9.21195,-1.5949501,-0.73305005,1781189064432
2079592865,3,9.265051,-1.62405,-0.76095,1781189064442
2079592875,3,9.262951,-1.60695,-0.75195,1781189064451
2079592885,3,9.27495,-1.61205,-0.76605004,1781189064462
2079592895,3,9.35805,-1.626,-0.79305005,1781189064472
2079592905,3,9.318001,-1.605,-0.80505,1781189064481
2079592915,3,9.217051,-1.5450001,-0.75000006,1781189064493
2079592925,3,9.13305,-1.5259501,-0.68505,1781189064503
2079592935,3,9.061951,-1.4680501,-0.64695,1781189064511
2079592945,3,9.064051,-1.46595,-0.63000005,1781189064523
2079592956,3,9.121051,-1.5139501,-0.66795003,1781189064533
2079592966,3,9.16905,-1.5520501,-0.73800004,1781189064543
2079592976,3,9.186001,-1.5829501,-0.76395005,1781189064553
2079592986,3,9.2029505,-1.5949501,-0.795,1781189064563
2079592996,3,9.258,-1.6099501,-0.83595,1781189064573
2079593006,3,9.3490505,-1.6459501,-0.855,1781189064582
2079593016,3,9.40905,-1.6360501,-0.83295006,1781189064594
2079593026,3,9.397051,-1.65495,-0.84795004,1781189064602
2079593036,3,9.34605,-1.6189501,-0.78495,1781189064612
2079593046,3,9.226951,-1.5880501,-0.75195,1781189064623
2079593056,3,9.14805,-1.55505,-0.74700004,1781189064634
2079593066,3,9.076051,-1.5139501,-0.73305005,1781189064644
2079593076,3,9.021001,-1.50195,-0.74700004,1781189064654
2079593087,3,9.018001,-1.524,-0.795,1781189064663
2079593097,3,9.033,-1.5280501,-0.82095003,1781189064674
2079593107,3,9.081,-1.557,-0.83295006,1781189064684
2079593117,3,9.13605,-1.57395,-0.86700004,1781189064693
2079593127,3,9.246,-1.62405,-0.91995007,1781189064703
2079593137,3,9.366,-1.6459501,-0.95505005,1781189064713
2079593147,3,9.415951,-1.6789501,-0.984,1781189064725
2079593157,3,9.436951,-1.6650001,-1.00995,1781189064734
2079593167,3,9.391951,-1.6500001,-0.96000004,1781189064744
2079593177,3,9.327001,-1.605,-0.92205006,1781189064755
2079593187,3,9.246,-1.57395,-0.83595,1781189064765
2079593197,3,9.17205,-1.53495,-0.77805007,1781189064775
2079593207,3,9.16005,-1.50405,-0.73005,1781189064785
2079593218,3,9.14805,-1.50405,-0.71400005,1781189064794
2079593228,3,9.117001,-1.488,-0.73800004,1781189064804
2079593238,3,9.12405,-1.45395,-0.76395005,1781189064813
2079593248,3,9.18795,-1.45905,-0.81195,1781189064824
2079593258,3,9.32505,-1.49205,-0.87600005,1781189064835
2079593268,3,9.5119505,-1.5469501,-0.93105006,1781189064845
2079593278,3,9.61005,-1.5979501,-0.97200006,1781189064855
2079593288,3,9.67695,-1.593,-0.96000004,1781189064865
2079593298,3,9.62895,-1.5259501,-0.90000004,1781189064874
2079593308,3,9.43995,-1.45395,-0.82905006,1781189064884
2079593318,3,9.241051,-1.368,-0.73005,1781189064895
2079593328,3,9.057,-1.31505,-0.66300005,1781189064905
2079593338,3,8.93505,-1.3060501,-0.62505,1781189064915
2079593348,3,8.920051,-1.3300501,-0.63495004,1781189064926
2079593359,3,8.98305,-1.3800001,-0.65400004,1781189064934
2079593369,3,9.1050005,-1.4440501,-0.71400005,1781189064945
2079593379,3,9.2029505,-1.47105,-0.76095,1781189064955
2079593389,3,9.271951,-1.5090001,-0.83100003,1781189064966
2079593399,3,9.31095,-1.50705,-0.88395005,1781189064976
2079593409,3,9.27,-1.49205,-0.90000004,1781189064987
2079593419,3,9.196051,-1.45395,-0.86700004,1781189064995
2079593429,3,9.129001,-1.42305,-0.84300005,1781189065005
2079593439,3,9.054001,-1.38705,-0.83100003,1781189065015
2079593449,3,8.997001,-1.3609501,-0.77805007,1781189065027
2079593459,3,8.973001,-1.3729501,-0.75405,1781189065035
2079593469,3,9.0070505,-1.389,-0.76605004,1781189065045
2079593479,3,9.078,-1.437,-0.78300005,1781189065055
2079593490,3,9.162001,-1.473,-0.81405,1781189065066
2079593500,3,9.238951,-1.5090001,-0.82605004,1781189065076
2079593510,3,9.294001,-1.53795,-0.855,1781189065087
2079593520,3,9.31095,-1.521,-0.864,1781189065097
2079593530,3,9.250951,-1.5160501,-0.82395005,1781189065108
2079593540,3,9.153001,-1.4830501,-0.78105,1781189065118
2079593550,3,9.126,-1.4419501,-0.71805006,1781189065126
2079593560,3,9.1380005,-1.43295,-0.69705003,1781189065136
2079593570,3,9.16905,-1.4419501,-0.666,1781189065146
2079593580,3,9.253051,-1.4490001,-0.66795003,1781189065156
2079593590,3,9.34605,-1.4760001,-0.65895003,1781189065167
2079593600,3,9.47295,-1.5310501,-0.66795003,1781189065178
2079593610,3,9.523951,-1.5190501,-0.69000006,1781189065188
2079593621,3,9.471001,-1.50405,-0.67800003,1781189065196
2079593631,3,9.34605,-1.46595,-0.66300005,1781189065207
2079593641,3,9.21195,-1.4280001,-0.61095005,1781189065217
2079593651,3,9.061951,-1.3939501,-0.57495004,1781189065227
2079593661,3,8.96595,-1.3750501,-0.57000005,1781189065239
2079593671,3,8.953951,-1.38705,-0.57195,1781189065247
2079593681,3,8.96595,-1.42095,-0.582,1781189065257
2079593691,3,9.0070505,-1.45605,-0.59400004,1781189065268
2079593701,3,9.05895,-1.4899501,-0.63705003,1781189065276
2079593711,3,9.081,-1.50195,-0.66300005,1781189065287
2079593721,3,9.1050005,-1.524,-0.73005,1781189065298
2079593731,3,9.15705,-1.5160501,-0.79005,1781189065307
2079593741,3,9.18795,-1.4970001,-0.82395005,1781189065319
2079593752,3,9.17205,-1.4950501,-0.84495,1781189065328
2079593762,3,9.17895,-1.50705,-0.84000003,1781189065338
2079593772,3,9.21,-1.4800501,-0.83805007,1781189065348
2079593782,3,9.267,-1.47105,-0.81900007,1781189065359
2079593792,3,9.31095,-1.4899501,-0.79995006,1781189065368
2079593802,3,9.378,-1.473,-0.79695004,1781189065379
2079593812,3,9.403951,-1.4640001,-0.77295005,1781189065389
2079593822,3,9.397051,-1.4640001,-0.75405,1781189065398
2079593832,3,9.37005,-1.4490001,-0.711,1781189065408
2079593842,3,9.33495,-1.45905,-0.65895003,1781189065418
2079593852,3,9.28905,-1.452,-0.63195,1781189065430
2079593862,3,9.262951,-1.4899501,-0.60105,1781189065440
2079593872,3,9.2029505,-1.4970001,-0.57495004,1781189065450
2079593882,3,9.17205,-1.5190501,-0.558,1781189065458
2079593893,3,9.174001,-1.5280501,-0.62700003,1781189065470
2079593903,3,9.229051,-1.5469501,-0.67305005,1781189065479
2079593913,3,9.279,-1.57605,-0.70605004,1781189065491
2079593923,3,9.330001,-1.62195,-0.76095,1781189065499
2079593933,3,9.411,-1.6339501,-0.82905006,1781189065510
2079593943,3,9.436951,-1.65795,-0.88395005,1781189065519
2079593953,3,9.47295,-1.6720501,-0.93105006,1781189065529
2079593963,3,9.48795,-1.6360501,-0.97005004,1781189065539
2079593973,3,9.423,-1.5880501,-0.9670501,1781189065550
2079593983,3,9.31995,-1.5619501,-0.93600005,1781189065560
2079593993,3,9.22395,-1.50705,-0.88095003,1781189065571
2079594003,3,9.13605,-1.46595,-0.83805007,1781189065579
2079594013,3,9.081,-1.45605,-0.80505,1781189065591
2079594024,3,9.078,-1.46595,-0.81705004,1781189065601
2079594034,3,9.088051,-1.488,-0.81705004,1781189065611
2079594044,3,9.126,-1.4899501,-0.85995007,1781189065620
2079594054,3,9.16005,-1.4970001,-0.88095003,1781189065631
2079594064,3,9.226951,-1.5259501,-0.92700005,1781189065641
2079594074,3,9.27495,-1.5139501,-0.94605005,1781189065650
2079594084,3,9.31305,-1.4970001,-0.94305,1781189065661
2079594094,3,9.31995,-1.49205,-0.90795004,1781189065671
2079594104,3,9.303,-1.4760001,-0.87195003,1781189065681
2079594114,3,9.28905,-1.488,-0.87405,1781189065691
2079594124,3,9.282001,-1.4760001,-0.87600005,1781189065701
2079594134,3,9.21195,-1.488,-0.855,1781189065711
2079594144,3,9.15495,-1.4800501,-0.83295006,1781189065721
2079594155,3,9.13095,-1.50705,-0.85200006,1781189065731
2079594165,3,9.13095,-1.5120001,-0.85995007,1781189065741
2079594175,3,9.094951,-1.5190501,-0.89595,1781189065752
2079594185,3,9.118951,-1.5310501,-0.9289501,1781189065761
2079594195,3,9.162001,-1.5520501,-0.94605005,1781189065771
2079594205,3,9.162001,-1.5499501,-0.97905004,1781189065782
2079594215,3,9.196051,-1.5450001,-0.9670501,1781189065791
2079594225,3,9.196051,-1.5259501,-0.97200006,1781189065803
2079594235,3,9.2029505,-1.488,-0.96000004,1781189065811
2079594245,3,9.21195,-1.485,-0.94305,1781189065822
2079594255,3,9.186001,-1.4680501,-0.89595,1781189065832
2079594265,3,9.129001,-1.4800501,-0.85695004,1781189065841
2079594275,3,9.19995,-1.45605,-0.84300005,1781189065853
2079594285,3,9.19095,-1.47105,-0.82095003,1781189065863
2079594296,3,9.22395,-1.5000001,-0.81405,1781189065871
2079594306,3,9.294001,-1.5090001,-0.82095003,1781189065883
2079594316,3,9.279,-1.5160501,-0.82905006,1781189065893
2079594326,3,9.31305,-1.521,-0.83295006,1781189065902
2079594336,3,9.32295,-1.5330001,-0.82605004,1781189065912
2079594346,3,9.31095,-1.5160501,-0.80700004,1781189065923
2079594356,3,9.295951,-1.53795,-0.76605004,1781189065933
2079594366,3,9.259951,-1.5190501,-0.75405,1781189065942
2079594376,3,9.21,-1.521,-0.73995006,1781189065953
2079594386,3,9.15705,-1.5000001,-0.74505,1781189065963
2079594396,3,9.1050005,-1.4899501,-0.76095,1781189065973
2079594406,3,9.088051,-1.5090001,-0.75000006,1781189065982
2079594416,3,9.11205,-1.4779501,-0.80895007,1781189065994
2079594427,3,9.1050005,-1.45605,-0.76095,1781189066003
2079594437,3,9.05895,-1.4779501,-0.75705004,1781189066012
2079594447,3,9.057,-1.4899501,-0.75900006,1781189066023
2079594457,3,9.064051,-1.488,-0.79305005,1781189066034
2079594467,3,9.11205,-1.49205,-0.79995006,1781189066044
2079594477,3,9.19095,-1.50405,-0.80700004,1781189066054
2079594487,3,9.241051,-1.557,-0.82605004,1781189066063
2079594497,3,9.31095,-1.5880501,-0.78300005,1781189066074
2079594507,3,9.339001,-1.5619501,-0.76395005,1781189066084
2079594517,3,9.339001,-1.5880501,-0.73995006,1781189066095
2079594527,3,9.306001,-1.57395,-0.71595,1781189066105
2079594537,3,9.265051,-1.55505,-0.66105,1781189066115
2079594547,3,9.234,-1.57605,-0.64395005,1781189066124
2079594558,3,9.21195,-1.57095,-0.62505,1781189066133
2079594568,3,9.258,-1.6000501,-0.63705003,1781189066146
2079594578,3,9.283951,-1.6360501,-0.64905006,1781189066154
2079594588,3,9.31305,-1.65495,-0.69405,1781189066165
2079594598,3,9.351001,-1.674,-0.73305005,1781189066175
2079594608,3,9.318001,-1.69305,-0.75195,1781189066183
2079594618,3,9.259951,-1.674,-0.71805006,1781189066194
2079594628,3,9.18795,-1.6290001,-0.68505,1781189066204
2079594638,3,9.1050005,-1.5979501,-0.68505,1781189066215
2079594648,3,9.03495,-1.521,-0.58695,1781189066226
2079594658,3,8.962951,-1.53495,-0.558,1781189066235
2079594668,3,8.929951,-1.5330001,-0.55095005,1781189066244
2079594678,3,8.95905,-1.54305,-0.60795003,1781189066254
2079594689,3,9.0400505,-1.557,-0.66105,1781189066264
2079594699,3,9.117001,-1.5790501,-0.72795004,1781189066275
2079594709,3,9.174001,-1.6189501,-0.78105,1781189066284
2079594719,3,9.21,-1.62195,-0.82395005,1781189066295
2079594729,3,9.241051,-1.60695,-0.86895007,1781189066305
2079594739,3,9.241051,-1.5670501,-0.81705004,1781189066317
2079594749,3,9.234,-1.5829501,-0.79995006,1781189066326
2079594759,3,9.250951,-1.5790501,-0.74205005,1781189066336
2079594769,3,9.247951,-1.5810001,-0.71805006,1781189066347
2079594779,3,9.282001,-1.57395,-0.68700004,1781189066355
2079594789,3,9.294001,-1.5810001,-0.65400004,1781189066365
2079594799,3,9.29895,-1.57605,-0.65400004,1781189066375
2079594809,3,9.28695,-1.605,-0.65895003,1781189066385
2079594819,3,9.294001,-1.6000501,-0.64905006,1781189066395
2079594830,3,9.306001,-1.6189501,-0.65400004,1781189066405
2079594840,3,9.265051,-1.5949501,-0.651,1781189066417
2079594850,3,9.232051,-1.59105,-0.66105,1781189066428
2079594860,3,9.186001,-1.5640501,-0.64395005,1781189066436
2079594870,3,9.129001,-1.53495,-0.60795003,1781189066448
2079594880,3,9.15705,-1.5259501,-0.61305004,1781189066458
2079594890,3,9.18105,-1.53795,-0.60105,1781189066466
2079594900,3,9.19305,-1.5469501,-0.61800003,1781189066478
2079594910,3,9.2029505,-1.5139501,-0.63195,1781189066486
2079594920,3,9.23595,-1.47105,-0.70905006,1781189066497
2079594930,3,9.234,-1.4280001,-0.74505,1781189066508
2079594940,3,9.220051,-1.38195,-0.77595,1781189066517
2079594950,3,9.186001,-1.3300501,-0.79695004,1781189066528
2079594961,3,9.13605,-1.284,-0.80700004,1781189066537
2079594971,3,9.118951,-1.2430501,-0.77595,1781189066548
2079594981,3,9.126,-1.2220501,-0.75705004,1781189066557
2079594991,3,9.129001,-1.21905,-0.70905006,1781189066567
2079595001,3,9.126,-1.2220501,-0.69000006,1781189066577
2079595011,3,9.121051,-1.2100501,-0.65400004,1781189066588
2079595021,3,9.097051,-1.2270001,-0.62295,1781189066597
2079595031,3,9.10005,-1.21905,-0.61305004,1781189066607
2079595041,3,9.11205,-1.21695,-0.60105,1781189066618
2079595051,3,9.118951,-1.2240001,-0.62295,1781189066629
2079595061,3,9.17205,-1.2390001,-0.63900006,1781189066637
2079595071,3,9.16905,-1.2600001,-0.65595,1781189066647
2079595081,3,9.18795,-1.263,-0.67800003,1781189066658
2079595092,3,9.229051,-1.263,-0.711,1781189066667
2079595102,3,9.250951,-1.27005,-0.73800004,1781189066679
2079595112,3,9.294001,-1.2790501,-0.76605004,1781189066687
2079595122,3,9.30795,-1.2910501,-0.80505,1781189066698
2079595132,3,9.31095,-1.29795,-0.855,1781189066708
2079595142,3,9.31995,-1.32,-0.88095003,1781189066719
2079595152,3,9.35595,-1.34595,-0.92205006,1781189066728
2079595162,3,9.34395,-1.36995,-0.94605005,1781189066740
2079595172,3,9.295951,-1.368,-0.93900007,1781189066749
2079595182,3,9.21,-1.3750501,-0.92700005,1781189066758
2079595192,3,9.15495,-1.3609501,-0.92205006,1781189066768
2079595202,3,9.094951,-1.4110501,-0.9289501,1781189066778
2079595212,3,9.081,-1.4250001,-0.9289501,1781189066788
2079595222,3,9.05895,-1.437,-0.9289501,1781189066798
2079595233,3,9.0709505,-1.4680501,-0.9580501,1781189066810
2079595243,3,9.15495,-1.5280501,-1.0129501,1781189066818
2079595253,3,9.196051,-1.5499501,-1.03005,1781189066830
2079595263,3,9.23595,-1.5619501,-1.0699501,1781189066840
2079595273,3,9.217051,-1.5619501,-1.056,1781189066849
2079595283,3,9.222,-1.5790501,-1.0540501,1781189066860
2079595293,3,9.246,-1.5829501,-1.044,1781189066870
2079595303,3,9.295951,-1.60695,-1.0129501,1781189066880
2079595313,3,9.29895,-1.6339501,-0.9990001,1781189066889
2079595323,3,9.28695,-1.64295,-0.9289501,1781189066900
2079595333,3,9.28905,-1.6620001,-0.90795004,1781189066910
2079595343,3,9.318001,-1.7029501,-0.89100003,1781189066921
2079595353,3,9.35595,-1.72905,-0.88095003,1781189066931
2079595364,3,9.387,-1.7839501,-0.90300006,1781189066941
2079595374,3,9.35595,-1.7869501,-0.90300006,1781189066951
2079595384,3,9.28695,-1.7920501,-0.87405,1781189066961
2079595394,3,9.229051,-1.7820001,-0.8880001,1781189066971
2079595404,3,9.20505,-1.81305,-0.88095003,1781189066981
2079595414,3,9.184051,-1.81095,-0.90795004,1781189066990
2079595424,3,9.165,-1.8199501,-0.92700005,1781189067000
2079595434,3,9.19095,-1.8280501,-0.91695005,1781189067011
2079595444,3,9.18105,-1.81605,-0.90300006,1781189067020
2079595454,3,9.17595,-1.8250501,-0.8880001,1781189067031
2079595464,3,9.16695,-1.8079501,-0.85995007,1781189067040
2079595474,3,9.165,-1.7920501,-0.85005003,1781189067051
2079595484,3,9.19995,-1.8199501,-0.85995007,1781189067060
2079595495,3,9.22395,-1.8319501,-0.87405,1781189067072
2079595505,3,9.232051,-1.866,-0.89295006,1781189067080
2079595515,3,9.217051,-1.8610501,-0.87195003,1781189067091
2079595525,3,9.16005,-1.8420001,-0.81705004,1781189067102
2079595535,3,9.121051,-1.81095,-0.76905006,1781189067112
2079595545,3,9.078,-1.7989501,-0.711,1781189067122
2079595555,3,9.094951,-1.7920501,-0.666,1781189067131
2079595565,3,9.150001,-1.8250501,-0.65595,1781189067141
2079595575,3,9.258,-1.8970501,-0.64395005,1781189067153
2079595585,3,9.36795,-1.9399501,-0.66105,1781189067162
2079595595,3,9.44205,-1.9860001,-0.69195,1781189067174
2079595605,3,9.47295,-1.96905,-0.69900006,1781189067183
2079595615,3,9.40905,-1.9279501,-0.70395005,1781189067193
2079595626,3,9.306001,-1.8679501,-0.64695,1781189067203
2079595636,3,9.186001,-1.79595,-0.58695,1781189067211
2079595646,3,9.11205,-1.72695,-0.52695,1781189067224
2079595656,3,9.054001,-1.713,-0.49800003,1781189067232
2079595666,3,9.009001,-1.69095,-0.46905002,1781189067242
2079595676,3,9.01395,-1.6819501,-0.45000002,1781189067252
2079595686,3,9.054001,-1.6860001,-0.462,1781189067263
2079595696,3,9.088051,-1.6699501,-0.49800003,1781189067274
2079595706,3,9.13605,-1.674,-0.52005005,1781189067283
2079595716,3,9.153001,-1.65495,-0.53205,1781189067292
2079595726,3,9.150001,-1.66005,-0.55605,1781189067303
2079595736,3,9.13095,-1.626,-0.54405004,1781189067313
2079595746,3,9.097051,-1.6170001,-0.558,1781189067323
2079595756,3,9.078,-1.5790501,-0.57195,1781189067334
2079595767,3,9.04695,-1.557,-0.56505,1781189067343
2079595777,3,9.052051,-1.5259501,-0.57705003,1781189067353
2079595787,3,9.049951,-1.5330001,-0.58395004,1781189067363
2079595797,3,9.049951,-1.53495,-0.56805,1781189067374
2079595807,3,9.061951,-1.524,-0.53595,1781189067383
2079595817,3,9.12405,-1.524,-0.55995005,1781189067393
2079595827,3,9.16905,-1.524,-0.52905005,1781189067404
2079595837,3,9.217051,-1.4899501,-0.51195,1781189067414
2079595847,3,9.27705,-1.4680501,-0.52695,1781189067424
2079595857,3,9.3490505,-1.4419501,-0.558,1781189067434
2079595867,3,9.35805,-1.4110501,-0.582,1781189067443
2079595877,3,9.354,-1.38195,-0.56505,1781189067454
2079595887,3,9.291,-1.34595,-0.55605,1781189067463
2079595898,3,9.220051,-1.30095,-0.52005005,1781189067473
2079595908,3,9.12405,-1.27695,-0.51705,1781189067484
2079595918,3,9.042001,-1.2220501,-0.49605003,1781189067495
2079595928,3,8.973001,-1.2030001,-0.50295,1781189067504
2079595938,3,8.953951,-1.18605,-0.52005005,1781189067515
2079595948,3,8.941951,-1.2030001,-0.56295,1781189067525
2079595958,3,8.96595,-1.23405,-0.58695,1781189067534
2079595968,3,8.99895,-1.251,-0.63705003,1781189067545
2079595978,3,9.021001,-1.26705,-0.66795003,1781189067555
2079595988,3,9.042001,-1.2580501,-0.69705003,1781189067564
2079595998,3,9.049951,-1.2750001,-0.73005,1781189067576
2079596008,3,9.082951,-1.2889501,-0.78105,1781189067586
2079596018,3,9.141001,-1.26705,-0.79995006,1781189067596
2079596029,3,9.20505,-1.251,-0.81900007,1781189067604
2079596039,3,9.291,-1.26495,-0.83295006,1781189067616
2079596049,3,9.33195,-1.27005,-0.82395005,1781189067627
2079596059,3,9.361051,-1.2720001,-0.80205005,1781189067635
2079596069,3,9.391951,-1.296,-0.79305005,1781189067647
2079596079,3,9.427951,-1.34895,-0.79695004,1781189067659
2079596089,3,9.45705,-1.3420501,-0.83295006,1781189067666
2079596099,3,9.471001,-1.35405,-0.83595,1781189067676
2079596109,3,9.45405,-1.3369501,-0.85995007,1781189067685
2079596119,3,9.44205,-1.3579501,-0.85005003,1781189067696
2079596129,3,9.424951,-1.38705,-0.864,1781189067707
2079596139,3,9.39,-1.4059501,-0.8880001,1781189067716
2079596149,3,9.379951,-1.42305,-0.89805007,1781189067725
2079596160,3,9.361051,-1.4299501,-0.915,1781189067737
2079596170,3,9.29895,-1.4130001,-0.9289501,1781189067747
2079596180,3,9.238951,-1.404,-0.97695005,1781189067757
2079596190,3,9.186001,-1.365,-1.02195,1781189067765
2079596200,3,9.13095,-1.3729501,-1.0510501,1781189067776
2079596210,3,9.118951,-1.368,-1.05795,1781189067787
2079596220,3,9.11205,-1.365,-1.06305,1781189067796
2079596230,3,9.076051,-1.3800001,-1.0489501,1781189067807
2079596240,3,9.114,-1.3990501,-1.044,1781189067816
2079596250,3,9.14505,-1.4130001,-1.04205,1781189067826
2079596260,3,9.17895,-1.47105,-1.0180501,1781189067836
2079596270,3,9.265051,-1.4680501,-1.04595,1781189067848
2079596280,3,9.303,-1.5190501,-1.06095,1781189067856
2079596290,3,9.399,-1.5499501,-1.0680001,1781189067867
2079596301,3,9.4810505,-1.6030501,-1.0680001,1781189067876
2079596311,3,9.49005,-1.64295,-1.06095,1781189067887
2079596321,3,9.47295,-1.64295,-0.99600005,1781189067897
2079596331,3,9.44205,-1.6380001,-0.9480001,1781189067907
2079596341,3,9.373051,-1.6360501,-0.89100003,1781189067916
2079596351,3,9.31095,-1.62405,-0.85695004,1781189067926
2079596361,3,9.27495,-1.6170001,-0.81405,1781189067937
2079596371,3,9.25605,-1.64295,-0.77805007,1781189067948
2079596381,3,9.27,-1.677,-0.795,1781189067958
2079596391,3,9.30105,-1.7320501,-0.81405,1781189067968
2079596401,3,9.31095,-1.7820001,-0.87195003,1781189067978
2079596411,3,9.32505,-1.8199501,-0.89805007,1781189067988
2079596421,3,9.306001,-1.8250501,-0.95100003,1781189067998
2079596432,3,9.271951,-1.84395,-0.9670501,1781189068008
2079596442,3,9.234,-1.8199501,-0.9889501,1781189068018
2079596452,3,9.208051,-1.81305,-0.975,1781189068029
2079596462,3,9.17895,-1.81305,-0.95295006,1781189068038
2079596472,3,9.165,-1.81605,-0.97005004,1781189068049
2079596482,3,9.16905,-1.8060001,-0.95295006,1781189068059
2079596492,3,9.17895,-1.8060001,-0.95505005,1781189068069
2079596502,3,9.246,-1.8180001,-0.99600005,1781189068079
2079596512,3,9.283951,-1.8229501,-1.02495,1781189068089
2079596522,3,9.28905,-1.81305,-1.02705,1781189068099
2079596532,3,9.27495,-1.8010501,-1.00995,1781189068110
2079596542,3,9.31305,-1.7989501,-1.0030501,1781189068119
2079596552,3,9.29895,-1.78005,-0.95505005,1781189068128
2079596563,3,9.27495,-1.7629501,-0.915,1781189068138
2079596573,3,9.258,-1.7560501,-0.85200006,1781189068149
2079596583,3,9.234,-1.746,-0.78300005,1781189068170
2079596593,3,9.238951,-1.7629501,-0.74700004,1781189068170
2079596603,3,9.21195,-1.77495,-0.70605004,1781189068180
2079596613,3,9.19995,-1.7770501,-0.67995006,1781189068190
2079596623,3,9.208051,-1.8010501,-0.64695,1781189068200
2079596633,3,9.21,-1.7839501,-0.62505,1781189068210
2079596643,3,9.22395,-1.8010501,-0.63900006,1781189068221
2079596653,3,9.234,-1.7839501,-0.63705003,1781189068230
2079596663,3,9.246,-1.8060001,-0.67305005,1781189068240
2079596673,3,9.291,-1.81605,-0.67095006,1781189068251
2079596683,3,9.315001,-1.8280501,-0.726,1781189068259
2079596693,3,9.30795,-1.83,-0.74205005,1781189068269
2079596704,3,9.306001,-1.8349501,-0.73005,1781189068280
2079596714,3,9.27,-1.8010501,-0.72795004,1781189068291
2079596724,3,9.18795,-1.7869501,-0.70905006,1781189068301
2079596734,3,9.14505,-1.7410501,-0.69705003,1781189068310
2079596744,3,9.106951,-1.72695,-0.67800003,1781189068321
2079596754,3,9.04695,-1.7029501,-0.675,1781189068331
2079596764,3,9.030001,-1.69305,-0.67305005,1781189068341
2079596774,3,9.030001,-1.6819501,-0.675,1781189068351
2079596784,3,9.02805,-1.69095,-0.70605004,1781189068362
2079596794,3,9.0379505,-1.6890001,-0.735,1781189068371
2079596804,3,9.02805,-1.7080501,-0.75705004,1781189068382
2079596814,3,9.057,-1.7029501,-0.78495,1781189068392
2079596824,3,9.085951,-1.7170501,-0.80205005,1781189068402
2079596835,3,9.11205,-1.7320501,-0.80895007,1781189068410
2079596845,3,9.121051,-1.7080501,-0.81705004,1781189068422
2079596855,3,9.17895,-1.69605,-0.81900007,1781189068431
2079596865,3,9.19095,-1.7200501,-0.80505,1781189068441
2079596875,3,9.165,-1.7080501,-0.78795004,1781189068451
2079596885,3,9.18105,-1.69095,-0.74205005,1781189068462
2079596895,3,9.186001,-1.6699501,-0.71400005,1781189068472
2079596905,3,9.18105,-1.6480501,-0.69705003,1781189068482
2079596915,3,9.186001,-1.62195,-0.666,1781189068493
2079596925,3,9.165,-1.6030501,-0.65595,1781189068504
2079596935,3,9.14805,-1.5790501,-0.62295,1781189068513
2079596945,3,9.13305,-1.5520501,-0.58905005,1781189068521
2079596955,3,9.076051,-1.5259501,-0.55305004,1781189068533
2079596966,3,9.069,-1.5160501,-0.55605,1781189068543
2079596976,3,9.0709505,-1.5139501,-0.54795,1781189068553
2079596986,3,9.057,-1.4970001,-0.54105,1781189068563
2079596996,3,9.066,-1.4640001,-0.55605,1781189068573
2079597006,3,9.057,-1.4610001,-0.57195,1781189068583
2079597016,3,9.064051,-1.45905,-0.59205,1781189068593
2079597026,3,9.057,-1.4440501,-0.60300004,1781189068603
2079597036,3,9.064051,-1.43505,-0.62295,1781189068613
2079597046,3,9.066,-1.4299501,-0.64905006,1781189068622
2079597056,3,9.082951,-1.43295,-0.68505,1781189068632
2079597066,3,9.093,-1.41795,-0.69405,1781189068643
2079597076,3,9.049951,-1.3969501,-0.70905006,1781189068654
2079597086,3,9.02805,-1.3579501,-0.68205005,1781189068664
2079597097,3,9.01395,-1.35105,-0.69195,1781189068674
2079597107,3,9.01605,-1.332,-0.66300005,1781189068683
2079597117,3,9.021001,-1.3219501,-0.62295,1781189068694
2079597127,3,9.057,-1.3249501,-0.615,1781189068703
2079597137,3,9.076051,-1.33395,-0.59205,1781189068714
2079597147,3,9.109051,-1.365,-0.56505,1781189068724
2079597157,3,9.14505,-1.3729501,-0.55995005,1781189068734
2079597167,3,9.16695,-1.3800001,-0.55995005,1781189068743
2079597177,3,9.17595,-1.38495,-0.57195,1781189068753
2079597187,3,9.184051,-1.3729501,-0.58905005,1781189068764
2079597197,3,9.162001,-1.34895,-0.62295,1781189068773
2079597207,3,9.15705,-1.3369501,-0.60105,1781189068785
2079597217,3,9.121051,-1.3080001,-0.582,1781189068795
2079597227,3,9.1380005,-1.33395,-0.57705003,1781189068804
2079597238,3,9.12405,-1.3270501,-0.58395004,1781189068814
2079597248,3,9.16695,-1.34595,-0.58695,1781189068825
2079597258,3,9.21,-1.35105,-0.63705003,1781189068835
2079597268,3,9.283951,-1.38705,-0.69000006,1781189068845
2079597278,3,9.34605,-1.4110501,-0.76095,1781189068855
2079597288,3,9.406051,-1.43505,-0.82605004,1781189068865
2079597298,3,9.46395,-1.452,-0.87405,1781189068875
2079597308,3,9.46905,-1.45395,-0.90300006,1781189068885
2079597318,3,9.471001,-1.4419501,-0.924,1781189068894
2079597328,3,9.43995,-1.43295,-0.89295006,1781189068904
2079597338,3,9.40905,-1.3920001,-0.90000004,1781189068915
2079597348,3,9.3820505,-1.3800001,-0.88605005,1781189068926
2079597358,3,9.32505,-1.35105,-0.82905006,1781189068936
2079597369,3,9.28905,-1.3630501,-0.80505,1781189068946
2079597379,3,9.295951,-1.3560001,-0.77595,1781189068957
2079597389,3,9.32505,-1.38195,-0.78495,1781189068966
2079597399,3,9.397051,-1.4059501,-0.77595,1781189068976
2079597409,3,9.46395,-1.4490001,-0.79005,1781189068985
2079597419,3,9.504001,-1.485,-0.79695004,1781189068997
2079597429,3,9.507001,-1.5120001,-0.81405,1781189069005
2079597439,3,9.49695,-1.53495,-0.80895007,1781189069016
2079597449,3,9.45405,-1.5589501,-0.84495,1781189069025
2079597459,3,9.427951,-1.5690001,-0.86205006,1781189069036
2079597469,3,9.361051,-1.5589501,-0.87900007,1781189069047
2079597479,3,9.283951,-1.5499501,-0.85200006,1781189069056
2079597489,3,9.208051,-1.54005,-0.85200006,1781189069067
2079597500,3,9.13605,-1.5450001,-0.864,1781189069077
2079597510,3,9.11205,-1.5520501,-0.86895007,1781189069086
2079597520,3,9.13605,-1.57605,-0.91995007,1781189069096
2079597530,3,9.186001,-1.6290001,-0.9480001,1781189069108
2079597540,3,9.222,-1.6380001,-0.975,1781189069116
2079597550,3,9.27,-1.674,-0.99105006,1781189069126
2079597560,3,9.30795,-1.69095,-1.00995,1781189069137
2079597570,3,9.342,-1.7149501,-1.0180501,1781189069148
2079597580,3,9.3820505,-1.7320501,-1.0489501,1781189069157
2079597590,3,9.387,-1.7629501,-1.05795,1781189069168
2079597600,3,9.406051,-1.7920501,-1.08,1781189069177
2079597610,3,9.397051,-1.7920501,-1.04595,1781189069188
2079597620,3,9.403951,-1.7839501,-1.0339501,1781189069197
2079597630,3,9.366,-1.7560501,-1.00995,1781189069207
2079597641,3,9.282001,-1.7490001,-0.97005004,1781189069217
2079597651,3,9.246,-1.7340001,-0.90795004,1781189069228
2079597661,3,9.226951,-1.7389501,-0.85995007,1781189069238
2079597671,3,9.222,-1.7370001,-0.82095003,1781189069246
2079597681,3,9.22395,-1.74405,-0.82395005,1781189069257
2079597691,3,9.232051,-1.7560501,-0.82905006,1781189069268
2079597701,3,9.21195,-1.7340001,-0.84795004,1781189069277
2079597711,3,9.196051,-1.7170501,-0.86205006,1781189069288
2079597721,3,9.17595,-1.7010001,-0.864,1781189069298
2079597731,3,9.13605,-1.7029501,-0.87600005,1781189069309
2079597741,3,9.078,-1.6699501,-0.87900007,1781189069319
2079597751,3,9.030001,-1.6380001,-0.87600005,1781189069328
2079597761,3,9.00405,-1.6360501,-0.89100003,1781189069339
2079597772,3,8.99895,-1.6290001,-0.90795004,1781189069349
2079597782,3,8.99895,-1.6290001,-0.92700005,1781189069357
2079597792,3,9.10005,-1.6699501,-0.94605005,1781189069369
2079597802,3,9.17895,-1.7530501,-0.99105006,1781189069379
2079597812,3,9.250951,-1.81305,-1.00605,1781189069389
2079597822,3,9.294001,-1.8709501,-1.04595,1781189069399
2079597832,3,9.271951,-1.89495,-1.0540501,1781189069408
2079597842,3,9.22395,-1.87995,-1.0390501,1781189069419
2079597852,3,9.2029505,-1.8400501,-0.9889501,1781189069430
2079597862,3,9.21,-1.8400501,-0.9480001,1781189069440
2079597872,3,9.19095,-1.8540001,-0.89805007,1781189069450
2079597882,3,9.16905,-1.8420001,-0.83805007,1781189069460
2079597892,3,9.2029505,-1.8349501,-0.81195,1781189069470
2079597903,3,9.18105,-1.84695,-0.82395005,1781189069479
2079597913,3,9.16905,-1.8420001,-0.80205005,1781189069489
2079597923,3,9.126,-1.8319501,-0.78795004,1781189069499
2079597933,3,9.11205,-1.81305,-0.78300005,1781189069509
2079597943,3,9.082951,-1.81305,-0.771,1781189069520
2079597953,3,9.04695,-1.7869501,-0.78300005,1781189069530
2079597963,3,9.0070505,-1.76505,-0.74700004,1781189069540
2079597973,3,9.021001,-1.7410501,-0.76095,1781189069550
2079597983,3,9.02595,-1.746,-0.75405,1781189069560
2079597993,3,9.030001,-1.74405,-0.73995006,1781189069569
2079598003,3,9.073951,-1.746,-0.76605004,1781189069579
2079598013,3,9.126,-1.7770501,-0.80505,1781189069589
2079598023,3,9.18105,-1.794,-0.82605004,1781189069599
2079598034,3,9.2029505,-1.7869501,-0.84795004,1781189069609
2079598044,3,9.247951,-1.7989501,-0.85200006,1781189069620
2079598054,3,9.265051,-1.794,-0.84495,1781189069630
2079598064,3,9.265051,-1.79595,-0.84000003,1781189069639
2079598074,3,9.27705,-1.7869501,-0.80700004,1781189069649
2079598084,3,9.27495,-1.7869501,-0.76605004,1781189069659
2079598094,3,9.267,-1.746,-0.75705004,1781189069670
2079598104,3,9.253051,-1.7340001,-0.70605004,1781189069681
2079598114,3,9.220051,-1.7010001,-0.69405,1781189069691
2079598124,3,9.21195,-1.6620001,-0.66105,1781189069702
2079598134,3,9.2029505,-1.6380001,-0.63900006,1781189069710
2079598144,3,9.222,-1.6309501,-0.63900006,1781189069721
2079598154,3,9.214951,-1.62195,-0.63495004,1781189069731
2079598164,3,9.22395,-1.59105,-0.66105,1781189069742
2079598175,3,9.232051,-1.59105,-0.66105,1781189069751
2079598185,3,9.253051,-1.5810001,-0.68205005,1781189069760
2079598195,3,9.247951,-1.5690001,-0.711,1781189069771
2079598205,3,9.234,-1.53795,-0.702,1781189069781
2079598215,3,9.226951,-1.54305,-0.68205005,1781189069790
2079598225,3,9.208051,-1.5160501,-0.65400004,1781189069800
2079598235,3,9.198001,-1.4950501,-0.63705003,1781189069810
2079598245,3,9.21195,-1.4779501,-0.63495004,1781189069822
2079598255,3,9.21195,-1.4490001,-0.651,1781189069830
2079598265,3,9.17595,-1.41795,-0.63705003,1781189069842
2079598275,3,9.17895,-1.401,-0.65895003,1781189069852
2079598285,3,9.241051,-1.38705,-0.67995006,1781189069861
2079598295,3,9.279,-1.4110501,-0.69195,1781189069871
2079598306,3,9.32505,-1.43505,-0.69705003,1781189069883
2079598316,3,9.34605,-1.4470501,-0.71595,1781189069893
2079598326,3,9.31995,-1.4470501,-0.73800004,1781189069903
2079598336,3,9.267,-1.42095,-0.73305005,1781189069911
2079598346,3,9.19305,-1.389,-0.74205005,1781189069923
2079598356,3,9.14295,-1.3920001,-0.75705004,1781189069933
2079598366,3,9.078,-1.3800001,-0.73800004,1781189069943
2079598376,3,9.030001,-1.389,-0.74700004,1781189069952
2079598386,3,8.99505,-1.3939501,-0.726,1781189069963
2079598396,3,8.962951,-1.38495,-0.70905006,1781189069974
2079598406,3,8.953951,-1.4250001,-0.702,1781189069984
2079598416,3,8.98305,-1.43505,-0.70605004,1781189069994
2079598426,3,8.986951,-1.452,-0.72105,1781189070002
2079598437,3,9.045,-1.4640001,-0.72795004,1781189070012
2079598447,3,9.106951,-1.521,-0.75900006,1781189070024
2079598457,3,9.16905,-1.55505,-0.81195,1781189070033
2079598467,3,9.16905,-1.5589501,-0.82905006,1781189070044
2079598477,3,9.196051,-1.557,-0.86895007,1781189070053
2079598487,3,9.214951,-1.5520501,-0.89100003,1781189070063
2079598497,3,9.19995,-1.54005,-0.90495,1781189070073
2079598507,3,9.174001,-1.54005,-0.8880001,1781189070083
2079598517,3,9.114,-1.5139501,-0.86700004,1781189070095
2079598527,3,9.085951,-1.4830501,-0.84000003,1781189070105
2079598537,3,9.049951,-1.4779501,-0.81900007,1781189070114
2079598547,3,9.033,-1.4610001,-0.78300005,1781189070125
2079598557,3,9.03495,-1.46595,-0.76905006,1781189070134
2079598567,3,9.076051,-1.45905,-0.77805007,1781189070145
2079598578,3,9.114,-1.5000001,-0.78300005,1781189070154
2079598588,3,9.16905,-1.5120001,-0.81195,1781189070165
2079598598,3,9.267,-1.54005,-0.84495,1781189070175
2079598608,3,9.411,-1.605,-0.85995007,1781189070184
2079598618,3,9.436951,-1.62195,-0.87405,1781189070194
2079598628,3,9.45705,-1.641,-0.83295006,1781189070205
2079598638,3,9.493051,-1.641,-0.80895007,1781189070215
2079598648,3,9.519,-1.641,-0.82605004,1781189070226
2079598658,3,9.493051,-1.626,-0.80700004,1781189070235
2079598668,3,9.4470005,-1.6170001,-0.76395005,1781189070249
2079598678,3,9.385051,-1.557,-0.735,1781189070254
2079598688,3,9.330001,-1.53495,-0.69900006,1781189070265
2079598698,3,9.31305,-1.5330001,-0.67305005,1781189070274
2079598709,3,9.33195,-1.5450001,-0.68505,1781189070286
2079598719,3,9.37005,-1.5589501,-0.72795004,1781189070294
2079598729,3,9.397051,-1.60695,-0.78105,1781189070306
2079598739,3,9.3820505,-1.6170001,-0.79995006,1781189070316
2079598749,3,9.342,-1.59105,-0.80895007,1781189070326
2079598759,3,9.283951,-1.57605,-0.84000003,1781189070337
2079598769,3,9.21,-1.557,-0.84495,1781189070347
2079598779,3,9.141001,-1.5310501,-0.86700004,1781189070357
2079598789,3,9.088051,-1.521,-0.86895007,1781189070365
2079598799,3,9.01395,-1.5139501,-0.84495,1781189070375
2079598809,3,8.99895,-1.5259501,-0.82905006,1781189070387
2079598819,3,9.02295,-1.5619501,-0.84795004,1781189070395
2079598829,3,9.042001,-1.5829501,-0.864,1781189070405
2079598840,3,9.094951,-1.6309501,-0.89595,1781189070417
2079598850,3,9.17595,-1.62405,-0.9480001,1781189070427
2079598860,3,9.250951,-1.65495,-0.96495,1781189070436
2079598870,3,9.295951,-1.6530001,-0.96300006,1781189070447
2079598880,3,9.32295,-1.674,-0.98700005,1781189070456
2079598890,3,9.35805,-1.6890001,-0.96495,1781189070467
2079598900,3,9.366,-1.6890001,-0.924,1781189070478
2079598910,3,9.3820505,-1.6890001,-0.90300006,1781189070488
2079598920,3,9.3820505,-1.6789501,-0.85005003,1781189070496
2079598930,3,9.3820505,-1.6699501,-0.80895007,1781189070507
2079598940,3,9.361051,-1.6480501,-0.81705004,1781189070518
2079598950,3,9.366,-1.6360501,-0.80505,1781189070527
2079598960,3,9.342,-1.6189501,-0.81405,1781189070538
2079598971,3,9.303,-1.60695,-0.81195,1781189070547
2079598981,3,9.28905,-1.60695,-0.80895007,1781189070558
2079598991,3,9.238951,-1.5949501,-0.81900007,1781189070567
2079599001,3,9.165,-1.57395,-0.80505,1781189070578
2079599011,3,9.11205,-1.5520501,-0.78105,1781189070587
2079599021,3,9.082951,-1.5619501,-0.75705004,1781189070597
2079599031,3,9.05895,-1.5670501,-0.74205005,1781189070607
2079599041,3,9.052051,-1.5520501,-0.74505,1781189070617
2079599051,3,9.03495,-1.54005,-0.77295005,1781189070629
2079599061,3,9.054001,-1.5619501,-0.795,1781189070639
2079599071,3,9.0400505,-1.5589501,-0.82095003,1781189070648
2079599081,3,9.045,-1.55505,-0.83595,1781189070657
2079599091,3,9.106951,-1.593,-0.89805007,1781189070668
2079599101,3,9.165,-1.61205,-0.93405,1781189070677
2079599112,3,9.18795,-1.6170001,-0.95100003,1781189070688
2079599122,3,9.220051,-1.6360501,-0.93900007,1781189070698
2079599132,3,9.303,-1.6360501,-0.94305,1781189070708
2079599142,3,9.36795,-1.6720501,-0.91995007,1781189070717
2079599152,3,9.402,-1.6720501,-0.88395005,1781189070728
2079599162,3,9.387,-1.7010001,-0.87195003,1781189070738
2079599172,3,9.351001,-1.677,-0.82095003,1781189070748
2079599182,3,9.30105,-1.6339501,-0.80205005,1781189070758
2079599192,3,9.250951,-1.626,-0.78795004,1781189070768
2079599202,3,9.232051,-1.6140001,-0.76395005,1781189070779
2079599212,3,9.214951,-1.6189501,-0.73005,1781189070790
2079599222,3,9.27495,-1.6309501,-0.726,1781189070800
2079599232,3,9.294001,-1.6650001,-0.73800004,1781189070810
2079599243,3,9.283951,-1.6860001,-0.71400005,1781189070820
2079599253,3,9.253051,-1.6650001,-0.69405,1781189070830
2079599263,3,9.17595,-1.6459501,-0.67995006,1781189070840
2079599273,3,9.093,-1.6000501,-0.666,1781189070850
2079599283,3,9.00195,-1.57605,-0.63900006,1781189070860
2079599293,3,8.93505,-1.5280501,-0.63705003,1781189070869
2079599303,3,8.901,-1.521,-0.61095005,1781189070880
2079599313,3,8.89605,-1.53495,-0.59595,1781189070889
2079599323,3,8.937,-1.557,-0.61305004,1781189070900
2079599333,3,9.0070505,-1.58595,-0.68700004,1781189070909
2079599343,3,9.05895,-1.62195,-0.73005,1781189070920
2079599353,3,9.117001,-1.626,-0.80505,1781189070931
2079599363,3,9.150001,-1.6380001,-0.84495,1781189070941
2079599374,3,9.19095,-1.6290001,-0.85995007,1781189070949
2079599384,3,9.19995,-1.6500001,-0.86700004,1781189070961
2079599394,3,9.220051,-1.626,-0.85005003,1781189070971
2079599404,3,9.258,-1.641,-0.83295006,1781189070980
2079599414,3,9.265051,-1.6140001,-0.795,1781189070991
2079599424,3,9.250951,-1.6140001,-0.78795004,1781189071001
2079599434,3,9.229051,-1.60695,-0.76605004,1781189071011
2079599444,3,9.217051,-1.6000501,-0.76095,1781189071020
2079599454,3,9.19305,-1.593,-0.73995006,1781189071030
2079599464,3,9.198001,-1.5880501,-0.73005,1781189071040
2079599474,3,9.196051,-1.5979501,-0.72300005,1781189071050
2079599484,3,9.220051,-1.6309501,-0.70905006,1781189071061
2079599494,3,9.23595,-1.6459501,-0.70395005,1781189071070
2079599504,3,9.246,-1.6530001,-0.71805006,1781189071082
2079599515,3,9.214951,-1.6339501,-0.72105,1781189071092
2079599525,3,9.17595,-1.605,-0.726,1781189071102
2079599535,3,9.16695,-1.57095,-0.73305005,1781189071112
2079599545,3,9.1380005,-1.5310501,-0.72105,1781189071122
2079599555,3,9.129001,-1.524,-0.74505,1781189071132
2079599565,3,9.21,-1.5190501,-0.75195,1781189071141
2079599575,3,9.253051,-1.521,-0.75195,1781189071153
2079599585,3,9.35595,-1.5330001,-0.76095,1781189071161
2079599595,3,9.424951,-1.5450001,-0.76095,1781189071172
2079599605,3,9.46395,-1.524,-0.79305005,1781189071183
2079599615,3,9.46395,-1.473,-0.80895007,1781189071193
2079599625,3,9.42105,-1.452,-0.80700004,1781189071203
2079599635,3,9.33705,-1.4280001,-0.78300005,1781189071214
2079599646,3,9.262951,-1.4089501,-0.77295005,1781189071223
2079599656,3,9.17895,-1.4089501,-0.73995006,1781189071233
2079599666,3,9.102,-1.4110501,-0.70905006,1781189071243
2079599676,3,9.088051,-1.42095,-0.70395005,1781189071254
2079599686,3,9.117001,-1.44,-0.71595,1781189071262
2079599696,3,9.198001,-1.4830501,-0.72105,1781189071273
2079599706,3,9.27,-1.50405,-0.75000006,1781189071282
2079599716,3,9.351001,-1.524,-0.77295005,1781189071292
2079599726,3,9.378,-1.5259501,-0.78495,1781189071303
2079599736,3,9.3820505,-1.5190501,-0.81705004,1781189071314
2079599746,3,9.34395,-1.50705,-0.84300005,1781189071323
2079599756,3,9.28905,-1.485,-0.84000003,1781189071332
2079599766,3,9.198001,-1.4899501,-0.86205006,1781189071345
2079599777,3,9.13605,-1.473,-0.83100003,1781189071352
2079599787,3,9.11205,-1.452,-0.82095003,1781189071364
2079599797,3,9.085951,-1.45905,-0.80205005,1781189071372
2079599807,3,9.093,-1.437,-0.795,1781189071384
2079599817,3,9.102,-1.437,-0.79305005,1781189071393
2079599827,3,9.109051,-1.4280001,-0.79005,1781189071403
2079599837,3,9.118951,-1.45905,-0.82095003,1781189071414
2079599847,3,9.12405,-1.4800501,-0.84000003,1781189071423
2079599857,3,9.16005,-1.4830501,-0.8880001,1781189071435
2079599867,3,9.150001,-1.4899501,-0.93405,1781189071443
2079599877,3,9.121051,-1.4970001,-0.9580501,1781189071453
2079599887,3,9.129001,-1.485,-0.95505005,1781189071464
2079599897,3,9.1380005,-1.4800501,-0.94095004,1781189071475
2079599908,3,9.15705,-1.50705,-0.95505005,1781189071484
2079599918,3,9.16905,-1.4970001,-0.96495,1781189071495
2079599928,3,9.214951,-1.50705,-0.9580501,1781189071505
2079599938,3,9.220051,-1.50405,-0.975,1781189071515
2079599948,3,9.232051,-1.4830501,-0.9289501,1781189071524
2079599958,3,9.220051,-1.488,-0.9289501,1781189071535
2079599968,3,9.217051,-1.4800501,-0.91005003,1781189071545
2079599978,3,9.19305,-1.5000001,-0.88095003,1781189071555
2079599988,3,9.2029505,-1.50705,-0.87900007,1781189071564
2079599998,3,9.21195,-1.4830501,-0.864,1781189071574
2079600008,3,9.238951,-1.5090001,-0.87195003,1781189071584
2079600018,3,9.250951,-1.50405,-0.89805007,1781189071595
2079600028,3,9.24405,-1.5139501,-0.86895007,1781189071606
2079600038,3,9.24405,-1.4970001,-0.89295006,1781189071616
2079600049,3,9.229051,-1.488,-0.864,1781189071626
2079600059,3,9.196051,-1.4640001,-0.86205006,1781189071636
2079600069,3,9.16005,-1.4640001,-0.83295006,1781189071646
2079600079,3,9.13095,-1.45395,-0.80895007,1781189071655
2079600089,3,9.14295,-1.4250001,-0.78795004,1781189071667
2079600099,3,9.150001,-1.47105,-0.78495,1781189071675
2079600109,3,9.17595,-1.44,-0.79305005,1781189071687
2079600119,3,9.19305,-1.488,-0.78495,1781189071696
2079600129,3,9.21,-1.5090001,-0.80895007,1781189071707
2079600139,3,9.217051,-1.50405,-0.80700004,1781189071715
2079600149,3,9.267,-1.50405,-0.82395005,1781189071728
2079600159,3,9.315001,-1.53795,-0.87600005,1781189071736
2079600169,3,9.33195,-1.55505,-0.88395005,1781189071745
2079600180,3,9.306001,-1.5450001,-0.87195003,1781189071756
2079600190,3,9.265051,-1.524,-0.85200006,1781189071767
2079600200,3,9.265051,-1.524,-0.85695004,1781189071776
2079600210,3,9.226951,-1.5190501,-0.87405,1781189071787
2079600220,3,9.165,-1.5090001,-0.87405,1781189071796
2079600230,3,9.093,-1.473,-0.87195003,1781189071806
2079600240,3,9.04695,-1.473,-0.855,1781189071817
2079600250,3,9.097051,-1.50705,-0.83805007,1781189071828
2079600260,3,9.18105,-1.5619501,-0.85695004,1781189071838
2079600270,3,9.246,-1.60695,-0.84495,1781189071848
2079600280,3,9.30795,-1.626,-0.83295006,1781189071858
2079600290,3,9.32295,-1.6480501,-0.83295006,1781189071866
2079600300,3,9.3490505,-1.6530001,-0.82095003,1781189071878
2079600311,3,9.34605,-1.6459501,-0.83100003,1781189071887
2079600321,3,9.31995,-1.626,-0.80895007,1781189071897
2079600331,3,9.259951,-1.62195,-0.79695004,1781189071906
2079600341,3,9.17595,-1.57095,-0.77805007,1781189071917
2079600351,3,9.141001,-1.6030501,-0.75000006,1781189071927
2079600361,3,9.085951,-1.59105,-0.68700004,1781189071937
2079600371,3,9.054001,-1.605,-0.67095006,1781189071947
2079600381,3,9.078,-1.6030501,-0.64905006,1781189071957
2079600391,3,9.14505,-1.626,-0.666,1781189071968
2079600401,3,9.214951,-1.6480501,-0.71400005,1781189071977
2079600411,3,9.259951,-1.6620001,-0.77595,1781189071989
2079600421,3,9.32505,-1.6789501,-0.81900007,1781189071999
2079600431,3,9.411,-1.6890001,-0.85695004,1781189072008
2079600441,3,9.459001,-1.7010001,-0.89595,1781189072018
2079600452,3,9.493051,-1.69605,-0.90300006,1781189072028
2079600462,3,9.49005,-1.6699501,-0.90795004,1781189072038
2079600472,3,9.49995,-1.677,-0.89805007,1781189072048
2079600482,3,9.43305,-1.6669501,-0.90795004,1781189072059
2079600492,3,9.3490505,-1.6360501,-0.87195003,1781189072068
2079600502,3,9.27495,-1.61205,-0.81705004,1781189072079
2079600512,3,9.19095,-1.5979501,-0.78795004,1781189072089
2079600522,3,9.13605,-1.58595,-0.74700004,1781189072099
2079600532,3,9.078,-1.5810001,-0.72795004,1781189072108
2079600542,3,9.052051,-1.57605,-0.69705003,1781189072118
2079600552,3,9.02805,-1.5979501,-0.69405,1781189072128
2079600562,3,9.064051,-1.6189501,-0.72300005,1781189072138
2079600572,3,9.1380005,-1.64295,-0.76905006,1781189072150
2079600583,3,9.16695,-1.6890001,-0.82905006,1781189072158
2079600593,3,9.15705,-1.6860001,-0.855,1781189072170
2079600603,3,9.114,-1.6620001,-0.87405,1781189072179
2079600613,3,9.054001,-1.641,-0.88095003,1781189072190
2079600623,3,9.049951,-1.605,-0.86895007,1781189072200
2079600633,3,9.04695,-1.59105,-0.87900007,1781189072214
2079600643,3,9.061951,-1.5979501,-0.87600005,1781189072220
2079600653,3,9.09,-1.5949501,-0.864,1781189072231
2079600663,3,9.13305,-1.6030501,-0.88395005,1781189072240
2079600673,3,9.198001,-1.605,-0.8880001,1781189072251
2079600683,3,9.27495,-1.6360501,-0.90300006,1781189072259
2079600693,3,9.31095,-1.6380001,-0.91005003,1781189072269
2079600703,3,9.318001,-1.6309501,-0.915,1781189072280
2079600714,3,9.295951,-1.62405,-0.85695004,1781189072290
2079600724,3,9.27705,-1.5979501,-0.82905006,1781189072301
2079600734,3,9.246,-1.58595,-0.78105,1781189072310
2079600744,3,9.196051,-1.57395,-0.726,1781189072320
2079600754,3,9.174001,-1.5829501,-0.69705003,1781189072331
2079600764,3,9.17595,-1.54305,-0.651,1781189072341
2079600774,3,9.19995,-1.57395,-0.64695,1781189072350
2079600784,3,9.246,-1.5619501,-0.63900006,1781189072361
2079600794,3,9.32505,-1.5690001,-0.65400004,1781189072370
2079600804,3,9.34605,-1.58595,-0.68505,1781189072382
2079600814,3,9.351001,-1.5810001,-0.69405,1781189072391
2079600824,3,9.31095,-1.5619501,-0.70605004,1781189072402
2079600834,3,9.24405,-1.54305,-0.711,1781189072411
2079600845,3,9.1380005,-1.50195,-0.70395005,1781189072422
2079600855,3,9.069,-1.46595,-0.69195,1781189072432
2079600865,3,9.064051,-1.4440501,-0.65595,1781189072442
2079600875,3,9.069,-1.4470501,-0.65595,1781189072452
2079600885,3,9.126,-1.47105,-0.64695,1781189072462
2079600895,3,9.2029505,-1.488,-0.68205005,1781189072472
2079600905,3,9.28905,-1.524,-0.69900006,1781189072481
2079600915,3,9.363001,-1.55505,-0.726,1781189072493
2079600925,3,9.385051,-1.5139501,-0.72300005,1781189072502
2079600935,3,9.36795,-1.49205,-0.72300005,1781189072512
2079600945,3,9.33495,-1.46595,-0.74205005,1781189072523
2079600955,3,9.271951,-1.4280001,-0.70905006,1781189072533
2079600965,3,9.184051,-1.3800001,-0.67800003,1781189072543
2079600975,3,9.114,-1.3630501,-0.64905006,1781189072553
2079600986,3,9.0709505,-1.3369501,-0.61800003,1781189072563
2079600996,3,9.045,-1.3560001,-0.61095005,1781189072571
2079601006,3,9.02805,-1.35405,-0.61095005,1781189072582
2079601016,3,9.030001,-1.365,-0.642,1781189072593
2079601026,3,9.052051,-1.38705,-0.69900006,1781189072603
2079601036,3,9.162001,-1.4059501,-0.74205005,1781189072612
2079601046,3,9.28905,-1.43295,-0.81900007,1781189072623
2079601056,3,9.391951,-1.4760001,-0.85695004,1781189072633
2079601066,3,9.46905,-1.5160501,-0.88395005,1781189072642
2079601076,3,9.495001,-1.50405,-0.91005003,1781189072654
2079601086,3,9.4470005,-1.4970001,-0.8880001,1781189072662
2079601096,3,9.351001,-1.4640001,-0.864,1781189072674
2079601106,3,9.232051,-1.404,-0.79005,1781189072684
2079601117,3,9.150001,-1.3770001,-0.72300005,1781189072692
2079601127,3,9.09,-1.38495,-0.70905006,1781189072703
2079601137,3,9.033,-1.38495,-0.67305005,1781189072713
2079601147,3,9.01095,-1.404,-0.66300005,1781189072723
2079601157,3,9.0070505,-1.43295,-0.70605004,1781189072733
2079601167,3,9.033,-1.4899501,-0.76095,1781189072745
2079601177,3,9.064051,-1.5190501,-0.82395005,1781189072753
2079601187,3,9.106951,-1.5469501,-0.89595,1781189072763
2079601197,3,9.1380005,-1.57095,-0.95100003,1781189072774
2079601207,3,9.13305,-1.57605,-0.97005004,1781189072785
2079601217,3,9.16905,-1.593,-0.99600005,1781189072793
2079601227,3,9.19305,-1.57605,-0.9889501,1781189072805
2079601237,3,9.222,-1.59105,-0.96300006,1781189072813
2079601248,3,9.25605,-1.5640501,-0.94305,1781189072825
2079601258,3,9.27,-1.5690001,-0.93405,1781189072835
2079601268,3,9.306001,-1.55505,-0.91695005,1781189072845
2079601278,3,9.34395,-1.5450001,-0.93405,1781189072855
2079601288,3,9.32505,-1.5469501,-0.91995007,1781189072864
2079601298,3,9.3490505,-1.5190501,-0.91005003,1781189072875
2079601308,3,9.33195,-1.521,-0.88395005,1781189072885
2079601318,3,9.33195,-1.5120001,-0.87195003,1781189072894
2079601328,3,9.279,-1.488,-0.855,1781189072906
2079601338,3,9.265051,-1.4779501,-0.82905006,1781189072915
2079601348,3,9.232051,-1.4800501,-0.81195,1781189072926
2079601358,3,9.238951,-1.485,-0.77805007,1781189072936
2079601368,3,9.198001,-1.473,-0.76605004,1781189072945
2079601378,3,9.162001,-1.4779501,-0.75000006,1781189072954
2079601389,3,9.17595,-1.4680501,-0.75900006,1781189072967
2079601399,3,9.174001,-1.4760001,-0.795,1781189072974
2079601409,3,9.18795,-1.50195,-0.82605004,1781189072985
2079601419,3,9.19995,-1.50405,-0.83595,1781189072996
2079601429,3,9.19995,-1.5450001,-0.85005003,1781189073006
2079601439,3,9.18105,-1.53795,-0.87195003,1781189073015
2079601449,3,9.16695,-1.54005,-0.86895007,1781189073027
2079601459,3,9.16005,-1.5280501,-0.87900007,1781189073037
2079601469,3,9.165,-1.54305,-0.88395005,1781189073045
2079601479,3,9.186001,-1.5790501,-0.86895007,1781189073055
2079601489,3,9.174001,-1.57395,-0.86895007,1781189073067
2079601499,3,9.15495,-1.55505,-0.87900007,1781189073075
2079601509,3,9.18795,-1.58595,-0.89805007,1781189073087
2079601520,3,9.222,-1.5880501,-0.90000004,1781189073097
2079601530,3,9.271951,-1.6360501,-0.92205006,1781189073106
2079601540,3,9.294001,-1.62195,-0.93405,1781189073116
2079601550,3,9.306001,-1.641,-0.91695005,1781189073127
2079601560,3,9.291,-1.6480501,-0.90795004,1781189073136
2079601570,3,9.303,-1.6459501,-0.915,1781189073148
2079601580,3,9.31305,-1.65495,-0.88095003,1781189073158
2079601590,3,9.33495,-1.6500001,-0.86700004,1781189073166
2079601600,3,9.330001,-1.677,-0.84300005,1781189073178
2079601610,3,9.33195,-1.6860001,-0.82905006,1781189073188
2079601620,3,9.31995,-1.7170501,-0.83805007,1781189073198
2079601630,3,9.258,-1.6699501,-0.80895007,1781189073208
2079601640,3,9.18795,-1.65495,-0.80700004,1781189073220
2079601651,3,9.16005,-1.6290001,-0.80205005,1781189073228
2079601661,3,9.208051,-1.626,-0.78495,1781189073237
2079601671,3,9.258,-1.6380001,-0.79995006,1781189073246
2079601681,3,9.246,-1.6530001,-0.79305005,1781189073258
2079601691,3,9.226951,-1.6380001,-0.82095003,1781189073268
2079601701,3,9.184051,-1.6290001,-0.80895007,1781189073276
2079601711,3,9.1050005,-1.5979501,-0.80505,1781189073289
2079601721,3,9.033,-1.54005,-0.80505,1781189073296
2079601731,3,9.0070505,-1.521,-0.82905006,1781189073307
2079601741,3,9.02295,-1.5139501,-0.82395005,1781189073317
2079601751,3,9.05895,-1.5499501,-0.81405,1781189073327
2079601761,3,9.121051,-1.5690001,-0.83295006,1781189073339
2079601771,3,9.196051,-1.5979501,-0.81900007,1781189073348
2079601782,3,9.238951,-1.6189501,-0.86205006,1781189073357
2079601792,3,9.282001,-1.64295,-0.87600005,1781189073368
2079601802,3,9.283951,-1.65795,-0.88095003,1781189073378
2079601812,3,9.253051,-1.6459501,-0.88605005,1781189073388
2079601822,3,9.246,-1.6360501,-0.87405,1781189073399
2079601832,3,9.22395,-1.62195,-0.85200006,1781189073409
2079601842,3,9.198001,-1.6380001,-0.84300005,1781189073419
2079601852,3,9.13095,-1.6140001,-0.78795004,1781189073428
2079601862,3,9.109051,-1.6189501,-0.76605004,1781189073438
2079601872,3,9.064051,-1.60695,-0.74205005,1781189073448
2079601882,3,8.99205,-1.5810001,-0.73800004,1781189073459
2079601892,3,8.962951,-1.5690001,-0.73305005,1781189073470
2079601902,3,8.944051,-1.5589501,-0.726,1781189073480
2079601912,3,8.929951,-1.557,-0.74505,1781189073489
2079601923,3,8.925,-1.5499501,-0.74205005,1781189073498
2079601933,3,8.950951,-1.5640501,-0.76395005,1781189073508
2079601943,3,9.01395,-1.57605,-0.78495,1781189073518
2079601953,3,9.09,-1.593,-0.81705004,1781189073529
2079601963,3,9.18105,-1.62405,-0.83595,1781189073541
2079601973,3,9.253051,-1.6339501,-0.89805007,1781189073549
2079601983,3,9.30105,-1.605,-0.91995007,1781189073560
2079601993,3,9.33705,-1.6000501,-0.89805007,1781189073571
2079602003,3,9.35595,-1.5640501,-0.864,1781189073580
2079602013,3,9.32295,-1.5619501,-0.84300005,1781189073589
2079602023,3,9.28695,-1.5190501,-0.78795004,1781189073599
2079602033,3,9.27495,-1.485,-0.771,1781189073611
2079602043,3,9.250951,-1.49205,-0.74205005,1781189073620
2079602054,3,9.241051,-1.4830501,-0.73995006,1781189073631
2079602064,3,9.253051,-1.4899501,-0.70605004,1781189073641
2079602074,3,9.28905,-1.50705,-0.70605004,1781189073650
2079602084,3,9.327001,-1.5259501,-0.702,1781189073661
2079602094,3,9.279,-1.5280501,-0.69000006,1781189073670
2079602104,3,9.23595,-1.5330001,-0.68205005,1781189073680
2079602114,3,9.15495,-1.5000001,-0.61800003,1781189073691
2079602124,3,9.141001,-1.49205,-0.61095005,1781189073701
2079602134,3,9.12405,-1.4970001,-0.60105,1781189073711
2079602144,3,9.126,-1.4970001,-0.60300004,1781189073722
2079602154,3,9.14505,-1.521,-0.64905006,1781189073731
2079602164,3,9.20505,-1.5310501,-0.68700004,1781189073740
2079602174,3,9.22395,-1.54005,-0.702,1781189073751
2079602185,3,9.246,-1.53795,-0.71595,1781189073761
2079602195,3,9.271951,-1.5120001,-0.74205005,1781189073771
2079602205,3,9.28905,-1.50705,-0.75900006,1781189073782
2079602215,3,9.295951,-1.50405,-0.79305005,1781189073792
2079602225,3,9.31305,-1.4950501,-0.78795004,1781189073801
2079602235,3,9.306001,-1.485,-0.78795004,1781189073812
2079602245,3,9.33705,-1.485,-0.78105,1781189073822
2079602255,3,9.32295,-1.4830501,-0.76605004,1781189073832
2079602265,3,9.282001,-1.473,-0.76095,1781189073842
2079602275,3,9.222,-1.45905,-0.75705004,1781189073852
2079602285,3,9.19995,-1.45395,-0.73995006,1781189073863
2079602295,3,9.186001,-1.4760001,-0.75405,1781189073872
2079602305,3,9.153001,-1.4680501,-0.73995006,1781189073881
2079602315,3,9.129001,-1.46595,-0.71595,1781189073893
2079602326,3,9.18105,-1.488,-0.70395005,1781189073903
2079602336,3,9.220051,-1.4970001,-0.711,1781189073913
2079602346,3,9.241051,-1.50195,-0.72105,1781189073923
2079602356,3,9.247951,-1.50705,-0.711,1781189073932
2079602366,3,9.25605,-1.5120001,-0.74205005,1781189073943
2079602376,3,9.265051,-1.4830501,-0.77595,1781189073952
2079602386,3,9.229051,-1.45395,-0.78300005,1781189073962
2079602396,3,9.19305,-1.4419501,-0.78795004,1781189073974
2079602406,3,9.162001,-1.4440501,-0.78795004,1781189073982
2079602416,3,9.150001,-1.4250001,-0.78300005,1781189073993
2079602426,3,9.121051,-1.4130001,-0.77595,1781189074003
2079602436,3,9.126,-1.416,-0.77295005,1781189074012
2079602446,3,9.165,-1.4490001,-0.795,1781189074022
2079602457,3,9.18795,-1.4950501,-0.81705004,1781189074034
2079602467,3,9.21195,-1.5139501,-0.82095003,1781189074043
2079602477,3,9.229051,-1.5160501,-0.84000003,1781189074063
2079602487,3,9.232051,-1.5160501,-0.87195003,1781189074063
2079602497,3,9.238951,-1.5499501,-0.8880001,1781189074073
2079602507,3,9.232051,-1.57095,-0.90300006,1781189074082
2079602517,3,9.241051,-1.5499501,-0.915,1781189074093
2079602527,3,9.222,-1.557,-0.915,1781189074103
2079602537,3,9.24405,-1.5619501,-0.91695005,1781189074114
2079602547,3,9.271951,-1.57095,-0.91005003,1781189074123
2079602557,3,9.31995,-1.5810001,-0.915,1781189074134
2079602567,3,9.35805,-1.605,-0.93105006,1781189074143
2079602577,3,9.375,-1.5949501,-0.95100003,1781189074154
2079602588,3,9.375,-1.6030501,-0.94095004,1781189074164
2079602598,3,9.379951,-1.59105,-0.93900007,1781189074174
2079602608,3,9.373051,-1.5790501,-0.90795004,1781189074185
2079602618,3,9.330001,-1.5640501,-0.87900007,1781189074194
2079602628,3,9.294001,-1.53495,-0.85995007,1781189074205
2079602638,3,9.241051,-1.5310501,-0.84000003,1781189074215
2079602648,3,9.214951,-1.524,-0.84000003,1781189074225
2079602658,3,9.19095,-1.5090001,-0.83805007,1781189074234
2079602668,3,9.174001,-1.50195,-0.864,1781189074245
2079602678,3,9.141001,-1.50705,-0.86205006,1781189074256
2079602688,3,9.150001,-1.50405,-0.86895007,1781189074264
2079602698,3,9.13305,-1.4800501,-0.87600005,1781189074275
2079602708,3,9.141001,-1.5090001,-0.88395005,1781189074284
2079602719,3,9.14295,-1.5160501,-0.91200006,1781189074294
2079602729,3,9.15495,-1.5090001,-0.95505005,1781189074304
2079602739,3,9.17205,-1.5280501,-0.96300006,1781189074315
2079602749,3,9.18795,-1.521,-1.0030501,1781189074325
2079602759,3,9.198001,-1.54305,-1.0200001,1781189074335
2079602769,3,9.18795,-1.5520501,-1.02705,1781189074345
2079602779,3,9.208051,-1.5690001,-0.99405,1781189074355
2079602789,3,9.21195,-1.5640501,-0.96300006,1781189074365
2079602799,3,9.18795,-1.5829501,-0.94095004,1781189074377
2079602809,3,9.2029505,-1.6000501,-0.90495,1781189074385
2079602819,3,9.198001,-1.626,-0.89595,1781189074395
2079602829,3,9.21,-1.6360501,-0.89100003,1781189074405
2079602839,3,9.238951,-1.6699501,-0.8880001,1781189074416
2079602849,3,9.279,-1.6620001,-0.89295006,1781189074425
2079602860,3,9.279,-1.677,-0.86895007,1781189074436
2079602870,3,9.262951,-1.6650001,-0.84300005,1781189074447
2079602880,3,9.246,-1.6530001,-0.82095003,1781189074457
2079602890,3,9.2029505,-1.6290001,-0.81195,1781189074466
2079602900,3,9.15495,-1.59105,-0.76605004,1781189074476
2079602910,3,9.1050005,-1.57095,-0.74205005,1781189074486
2079602920,3,9.078,-1.5589501,-0.71400005,1781189074498
2079602930,3,9.02805,-1.5499501,-0.72795004,1781189074506
2079602940,3,9.021001,-1.524,-0.71805006,1781189074517
2079602950,3,9.01395,-1.524,-0.71805006,1781189074528
2079602960,3,9.00405,-1.5330001,-0.69705003,1781189074536
2079602970,3,9.02595,-1.53795,-0.72795004,1781189074547
2079602980,3,9.052051,-1.5190501,-0.76395005,1781189074557
2079602991,3,9.126,-1.5310501,-0.79005,1781189074566
2079603001,3,9.220051,-1.54005,-0.81900007,1781189074578
2079603011,3,9.32505,-1.57395,-0.80700004,1781189074586
2079603021,3,9.385051,-1.6000501,-0.82395005,1781189074597
2079603031,3,9.397051,-1.6099501,-0.80895007,1781189074607
2079603041,3,9.366,-1.6030501,-0.80700004,1781189074617
2079603051,3,9.294001,-1.5829501,-0.76095,1781189074628
2079603061,3,9.24405,-1.5469501,-0.75000006,1781189074639
2079603071,3,9.19995,-1.5520501,-0.71400005,1781189074647
2079603081,3,9.16905,-1.5589501,-0.675,1781189074658
2079603091,3,9.174001,-1.5690001,-0.63000005,1781189074669
2079603101,3,9.2029505,-1.605,-0.64695,1781189074678
2079603111,3,9.241051,-1.6290001,-0.65400004,1781189074687
2079603122,3,9.295951,-1.6459501,-0.67305005,1781189074697
2079603132,3,9.32505,-1.6699501,-0.675,1781189074709
2079603142,3,9.33705,-1.6720501,-0.70905006,1781189074718
2079603152,3,9.31095,-1.6720501,-0.72105,1781189074728
2079603162,3,9.267,-1.64295,-0.72105,1781189074738
2079603172,3,9.229051,-1.59105,-0.73305005,1781189074748
2079603182,3,9.162001,-1.5670501,-0.72300005,1781189074758
2079603192,3,9.13305,-1.54005,-0.72105,1781189074769
2079603202,3,9.102,-1.50405,-0.69900006,1781189074780
2079603212,3,9.102,-1.473,-0.69705003,1781189074790
2079603222,3,9.13605,-1.4899501,-0.70905006,1781189074799
2079603232,3,9.17205,-1.5090001,-0.70905006,1781189074810
2079603242,3,9.22395,-1.50405,-0.76395005,1781189074820
2079603252,3,9.241051,-1.4899501,-0.795,1781189074830
2079603263,3,9.262951,-1.50705,-0.81405,1781189074840
2079603273,3,9.271951,-1.485,-0.82395005,1781189074850
2079603283,3,9.23595,-1.4779501,-0.80505,1781189074859
2079603293,3,9.174001,-1.452,-0.80700004,1781189074870
2079603303,3,9.15495,-1.4440501,-0.77595,1781189074880
2079603313,3,9.082951,-1.42095,-0.73800004,1781189074890
2079603323,3,9.02805,-1.4059501,-0.72105,1781189074899
2079603333,3,9.0070505,-1.4130001,-0.70605004,1781189074910
2079603343,3,9.00405,-1.4280001,-0.68700004,1781189074920
2079603353,3,9.0379505,-1.45605,-0.69000006,1781189074930
2079603363,3,9.10005,-1.47105,-0.69900006,1781189074940
2079603373,3,9.19305,-1.5090001,-0.75195,1781189074951
2079603383,3,9.28695,-1.53795,-0.79995006,1781189074959
2079603394,3,9.363001,-1.5450001,-0.83100003,1781189074970
2079603404,3,9.397051,-1.5469501,-0.86205006,1781189074981
2079603414,3,9.418051,-1.5310501,-0.88395005,1781189074990
2079603424,3,9.375,-1.5120001,-0.87900007,1781189075001
2079603434,3,9.31995,-1.4830501,-0.83805007,1781189075011
2079603444,3,9.259951,-1.45905,-0.81705004,1781189075021
2079603454,3,9.253051,-1.42305,-0.81900007,1781189075030
2079603464,3,9.234,-1.42095,-0.80895007,1781189075042
2079603474,3,9.246,-1.404,-0.81195,1781189075050
2079603484,3,9.271951,-1.416,-0.82605004,1781189075062
2079603494,3,9.32505,-1.4470501,-0.82905006,1781189075071
2079603504,3,9.339001,-1.45605,-0.85005003,1781189075082
2079603514,3,9.303,-1.4610001,-0.85005003,1781189075092
2079603525,3,9.262951,-1.46595,-0.83805007,1781189075102
2079603535,3,9.20505,-1.437,-0.84795004,1781189075110
2079603545,3,9.14805,-1.4250001,-0.84495,1781189075122
2079603555,3,9.052051,-1.3990501,-0.83805007,1781189075132
2079603565,3,9.00195,-1.3800001,-0.80700004,1781189075142
2079603575,3,8.962951,-1.35405,-0.78495,1781189075151
2079603585,3,8.95905,-1.3609501,-0.78495,1781189075162
2079603595,3,9.00405,-1.3920001,-0.77295005,1781189075172
2079603605,3,9.052051,-1.401,-0.77295005,1781189075183
2079603615,3,9.14505,-1.4250001,-0.80205005,1781189075191
2079603625,3,9.253051,-1.47105,-0.86205006,1781189075201
2079603635,3,9.351001,-1.5090001,-0.92700005,1781189075214
2079603645,3,9.418051,-1.5190501,-0.9580501,1781189075223
2079603656,3,9.430051,-1.5160501,-0.95505005,1781189075232
2079603666,3,9.406051,-1.50705,-0.93600005,1781189075241
2079603676,3,9.391951,-1.4830501,-0.91995007,1781189075252
2079603686,3,9.399,-1.485,-0.89595,1781189075263
2079603696,3,9.403951,-1.5120001,-0.86205006,1781189075272
2079603706,3,9.375,-1.50195,-0.82605004,1781189075283
2079603716,3,9.36795,-1.50195,-0.79995006,1781189075292
2079603726,3,9.391951,-1.50195,-0.76905006,1781189075302
2079603736,3,9.375,-1.5280501,-0.795,1781189075314
2079603746,3,9.37005,-1.53495,-0.78105,1781189075322
2079603756,3,9.32505,-1.5450001,-0.80205005,1781189075332
2079603766,3,9.282001,-1.53495,-0.82095003,1781189075342
2079603776,3,9.22395,-1.54005,-0.82395005,1781189075352
2079603786,3,9.19995,-1.53795,-0.81705004,1781189075364
2079603797,3,9.15495,-1.50705,-0.82395005,1781189075372
2079603807,3,9.102,-1.5190501,-0.81195,1781189075384
2079603817,3,9.061951,-1.50705,-0.80700004,1781189075394
2079603827,3,9.03495,-1.4830501,-0.79995006,1781189075404
2079603837,3,9.02595,-1.4760001,-0.80205005,1781189075414
2079603847,3,9.01395,-1.473,-0.80700004,1781189075423
2079603857,3,9.049951,-1.488,-0.80700004,1781189075434
2079603867,3,9.13095,-1.5160501,-0.83295006,1781189075444
2079603877,3,9.18795,-1.5330001,-0.88395005,1781189075453
2079603887,3,9.28695,-1.55505,-0.88095003,1781189075464
2079603897,3,9.378,-1.5520501,-0.90000004,1781189075475
2079603907,3,9.4140005,-1.57095,-0.915,1781189075483
2079603917,3,9.423,-1.5499501,-0.90300006,1781189075495
2079603928,3,9.4140005,-1.53495,-0.90795004,1781189075504
2079603938,3,9.39,-1.5450001,-0.90300006,1781189075514
2079603948,3,9.373051,-1.5120001,-0.85695004,1781189075524
2079603958,3,9.3820505,-1.5330001,-0.82095003,1781189075535
2079603968,3,9.394051,-1.5520501,-0.75900006,1781189075545
2079603978,3,9.385051,-1.5690001,-0.73995006,1781189075555
2079603988,3,9.363001,-1.593,-0.73800004,1781189075565
2079603998,3,9.330001,-1.61205,-0.74205005,1781189075574
2079604008,3,9.25605,-1.6290001,-0.75900006,1781189075585
2079604018,3,9.15495,-1.6030501,-0.76395005,1781189075595
2079604028,3,9.045,-1.57395,-0.77295005,1781189075605
2079604038,3,8.953951,-1.5670501,-0.77295005,1781189075614
2079604048,3,8.88195,-1.5310501,-0.75705004,1781189075625
2079604059,3,8.83695,-1.5310501,-0.76395005,1781189075636
2079604069,3,8.817,-1.50195,-0.76395005,1781189075644
2079604079,3,8.841001,-1.5000001,-0.77595,1781189075655
2079604089,3,8.911051,-1.524,-0.80505,1781189075667
2079604099,3,9.01095,-1.5450001,-0.84795004,1781189075675
2079604109,3,9.14805,-1.5829501,-0.93600005,1781189075685
2079604119,3,9.226951,-1.58595,-0.99405,1781189075695
2079604129,3,9.30795,-1.5949501,-1.0339501,1781189075708
2079604139,3,9.387,-1.6170001,-1.06095,1781189075715
2079604149,3,9.378,-1.6099501,-1.056,1781189075727
2079604159,3,9.351001,-1.5810001,-0.975,1781189075738
2079604169,3,9.30795,-1.5619501,-0.93405,1781189075747
2079604179,3,9.25605,-1.55505,-0.86205006,1781189075755
2079604189,3,9.238951,-1.57095,-0.80205005,1781189075766
2079604200,3,9.22395,-1.57605,-0.76905006,1781189075777
2079604210,3,9.241051,-1.6189501,-0.726,1781189075786
2079604220,3,9.28905,-1.65495,-0.72105,1781189075797
2079604230,3,9.295951,-1.677,-0.72105,1781189075806
2079604240,3,9.30795,-1.7050501,-0.71595,1781189075818
2079604250,3,9.31305,-1.7080501,-0.702,1781189075826
2079604260,3,9.294001,-1.7080501,-0.67995006,1781189075838
2079604270,3,9.234,-1.6530001,-0.68205005,1781189075846
2079604280,3,9.18105,-1.61205,-0.675,1781189075856
2079604290,3,9.109051,-1.5880501,-0.66105,1781189075868
2079604300,3,9.03495,-1.5469501,-0.64695,1781189075878
2079604310,3,9.009001,-1.5090001,-0.65400004,1781189075887
2079604320,3,8.962951,-1.45905,-0.66300005,1781189075897
2079604331,3,8.938951,-1.4490001,-0.67800003,1781189075908
2079604341,3,8.944051,-1.4250001,-0.71805006,1781189075916
2079604351,3,8.949,-1.416,-0.74700004,1781189075926
2079604361,3,8.99895,-1.4110501,-0.73800004,1781189075938
2079604371,3,9.076051,-1.4299501,-0.78105,1781189075947
2079604381,3,9.14295,-1.46595,-0.80205005,1781189075957
2079604391,3,9.238951,-1.50195,-0.84000003,1781189075967
2079604401,3,9.29895,-1.53495,-0.87600005,1781189075978
2079604411,3,9.32505,-1.53795,-0.89100003,1781189075987
2079604421,3,9.35595,-1.5259501,-0.87195003,1781189075998
2079604431,3,9.366,-1.521,-0.80895007,1781189076008
2079604441,3,9.36795,-1.49205,-0.76905006,1781189076019
2079604451,3,9.366,-1.5160501,-0.71805006,1781189076029
2079604462,3,9.342,-1.5190501,-0.68505,1781189076038
2079604472,3,9.330001,-1.5190501,-0.651,1781189076048
2079604482,3,9.33495,-1.5330001,-0.63495004,1781189076059
2079604492,3,9.33705,-1.5499501,-0.62505,1781189076068
2079604502,3,9.33705,-1.5499501,-0.63495004,1781189076078
2079604512,3,9.330001,-1.5469501,-0.63000005,1781189076089
2079604522,3,9.303,-1.53795,-0.63000005,1781189076098
2079604532,3,9.250951,-1.5000001,-0.66300005,1781189076108
2079604542,3,9.17205,-1.4830501,-0.67800003,1781189076118
2079604552,3,9.076051,-1.4490001,-0.67305005,1781189076129
2079604562,3,9.00405,-1.4130001,-0.69195,1781189076138
2079604572,3,8.974951,-1.389,-0.72795004,1781189076150
2079604582,3,8.98005,-1.3770001,-0.77295005,1781189076162
2079604593,3,8.961,-1.36995,-0.81900007,1781189076171
2079604603,3,8.973001,-1.3750501,-0.86205006,1781189076180
2079604613,3,8.985001,-1.3729501,-0.87195003,1781189076189
2079604623,3,9.00405,-1.3939501,-0.89595,1781189076199
2079604633,3,9.081,-1.404,-0.9580501,1781189076210
2079604643,3,9.165,-1.4110501,-0.9889501,1781189076220
2079604653,3,9.226951,-1.4059501,-1.0009501,1781189076229
2079604663,3,9.247951,-1.4110501,-0.99600005,1781189076239
2079604673,3,9.28905,-1.4110501,-0.98205006,1781189076249
2079604683,3,9.330001,-1.42095,-0.92205006,1781189076261
2079604693,3,9.330001,-1.4130001,-0.8880001,1781189076269
2079604703,3,9.33705,-1.404,-0.82395005,1781189076280
2079604713,3,9.354,-1.4110501,-0.77295005,1781189076290
2079604723,3,9.354,-1.41795,-0.74700004,1781189076300
2079604734,3,9.35595,-1.4419501,-0.711,1781189076310
2079604744,3,9.363001,-1.4419501,-0.69405,1781189076321
2079604754,3,9.3820505,-1.452,-0.71805006,1781189076330
2079604764,3,9.42105,-1.4830501,-0.735,1781189076341
2079604774,3,9.402,-1.49205,-0.76605004,1781189076351
2079604784,3,9.36795,-1.50195,-0.77595,1781189076361
2079604794,3,9.31095,-1.5160501,-0.82905006,1781189076371
2079604804,3,9.27495,-1.5160501,-0.86700004,1781189076381
2079604814,3,9.208051,-1.485,-0.90000004,1781189076390
2079604824,3,9.162001,-1.488,-0.91005003,1781189076402
2079604834,3,9.12405,-1.46595,-0.90000004,1781189076411
2079604844,3,9.082951,-1.4490001,-0.90000004,1781189076422
2079604854,3,9.0400505,-1.44,-0.88395005,1781189076430
2079604865,3,9.0070505,-1.4130001,-0.90495,1781189076442
2079604875,3,9.01395,-1.416,-0.94095004,1781189076452
2079604885,3,9.0070505,-1.416,-0.97695005,1781189076462
2079604895,3,9.061951,-1.4440501,-0.984,1781189076472
2079604905,3,9.11205,-1.45605,-0.99105006,1781189076481
2079604915,3,9.186001,-1.45905,-1.0200001,1781189076491
2079604925,3,9.265051,-1.4800501,-1.0009501,1781189076503
2079604935,3,9.339001,-1.488,-1.0030501,1781189076511
2079604945,3,9.3820505,-1.50405,-0.975,1781189076523
2079604955,3,9.415951,-1.4899501,-0.9580501,1781189076531
2079604965,3,9.44205,-1.4830501,-0.89100003,1781189076541
2079604975,3,9.435,-1.4800501,-0.87195003,1781189076551
2079604985,3,9.45405,-1.4779501,-0.82605004,1781189076563
2079604996,3,9.5140505,-1.5259501,-0.77805007,1781189076573
2079605006,3,9.495001,-1.58595,-0.80505,1781189076582
2079605016,3,9.580951,-1.61205,-0.78300005,1781189076592
2079605026,3,9.5140505,-1.60695,-0.79695004,1781189076603
2079605036,3,9.43995,-1.6170001,-0.79695004,1781189076614
2079605046,3,9.36795,-1.61205,-0.79005,1781189076623
2079605056,3,9.267,-1.61205,-0.80205005,1781189076632
2079605066,3,9.141001,-1.5949501,-0.79005,1781189076642
2079605076,3,9.033,-1.5589501,-0.76905006,1781189076652
2079605086,3,8.917951,-1.5280501,-0.75000006,1781189076662
2079605096,3,8.856,-1.5090001,-0.74505,1781189076673
2079605106,3,8.83905,-1.50705,-0.75000006,1781189076682
2079605116,3,8.82495,-1.485,-0.76605004,1781189076694
2079605126,3,8.865001,-1.473,-0.78795004,1781189076702
2079605137,3,8.904,-1.473,-0.81705004,1781189076713
2079605147,3,8.96805,-1.49205,-0.88095003,1781189076724
2079605157,3,9.0379505,-1.5090001,-0.9289501,1781189076734
2079605167,3,9.129001,-1.524,-0.9670501,1781189076743
2079605177,3,9.19095,-1.5589501,-1.008,1781189076754
2079605187,3,9.271951,-1.5469501,-1.0030501,1781189076763
2079605197,3,9.354,-1.5949501,-0.99105006,1781189076774
2079605207,3,9.391951,-1.61205,-0.95100003,1781189076784
2079605217,3,9.44205,-1.6099501,-0.89595,1781189076793
2079605227,3,9.459001,-1.64295,-0.84795004,1781189076804
2079605237,3,9.49005,-1.6480501,-0.80205005,1781189076815
2079605247,3,9.46395,-1.6459501,-0.771,1781189076823
2079605257,3,9.44505,-1.6480501,-0.70905006,1781189076833
2079605268,3,9.4140005,-1.66005,-0.66300005,1781189076843
2079605278,3,9.366,-1.65795,-0.66795003,1781189076854
2079605288,3,9.291,-1.6480501,-0.65595,1781189076865
2079605298,3,9.229051,-1.6360501,-0.64905006,1781189076875
2079605308,3,9.15705,-1.6480501,-0.61800003,1781189076884
2079605318,3,9.057,-1.6099501,-0.61095005,1781189076894
2079605328,3,8.950951,-1.5880501,-0.59895,1781189076905
2079605338,3,8.899051,-1.53495,-0.59595,1781189076915
2079605348,3,8.868,-1.5139501,-0.63495004,1781189076925
2079605358,3,8.875051,-1.5000001,-0.65400004,1781189076935
2079605368,3,8.88,-1.4680501,-0.69900006,1781189076946
2079605378,3,8.88,-1.47105,-0.71595,1781189076956
2079605388,3,8.88195,-1.43295,-0.74505,1781189076966
2079605399,3,8.923051,-1.43505,-0.77295005,1781189076976
2079605409,3,8.95905,-1.4280001,-0.80505,1781189076986
2079605419,3,9.02805,-1.4250001,-0.83805007,1781189076996
2079605429,3,9.094951,-1.4280001,-0.85695004,1781189077006
2079605439,3,9.19095,-1.4470501,-0.85995007,1781189077015
2079605449,3,9.262951,-1.45395,-0.86205006,1781189077027
2079605459,3,9.36795,-1.4950501,-0.85200006,1781189077037
2079605469,3,9.427951,-1.4950501,-0.79695004,1781189077047
2079605479,3,9.4810505,-1.524,-0.78495,1781189077056
2079605489,3,9.50895,-1.5259501,-0.735,1781189077065
2079605499,3,9.504001,-1.53495,-0.67995006,1781189077077
2079605509,3,9.49005,-1.54305,-0.63705003,1781189077085
2079605519,3,9.45705,-1.5670501,-0.63000005,1781189077095
2079605530,3,9.423,-1.5690001,-0.59895,1781189077107
2079605540,3,9.36795,-1.5619501,-0.56805,1781189077116
2079605550,3,9.295951,-1.5589501,-0.55605,1781189077128
2079605560,3,9.234,-1.5120001,-0.56505,1781189077136
2079605570,3,9.153001,-1.485,-0.57195,1781189077148
2079605580,3,9.097051,-1.473,-0.59895,1781189077157
2079605590,3,9.021001,-1.4470501,-0.615,1781189077167
2079605600,3,8.961,-1.4299501,-0.651,1781189077177
2079605610,3,8.938951,-1.3969501,-0.70605004,1781189077187
2079605620,3,8.88,-1.3770001,-0.74205005,1781189077198
2079605630,3,8.865001,-1.35405,-0.79005,1781189077208
2079605640,3,8.911051,-1.3300501,-0.864,1781189077219
2079605650,3,8.961,-1.32,-0.90795004,1781189077229
2079605660,3,9.0379505,-1.3099501,-0.9480001,1781189077237
2079605671,3,9.15705,-1.33905,-0.97905004,1781189077247
2079605681,3,9.234,-1.3630501,-1.02195,1781189077258
2079605691,3,9.327001,-1.36995,-1.0339501,1781189077270
2079605701,3,9.3820505,-1.36995,-1.0200001,1781189077277
2079605711,3,9.427951,-1.3750501,-0.98700005,1781189077287
2079605721,3,9.427951,-1.3800001,-0.91005003,1781189077297
2079605731,3,9.424951,-1.3939501,-0.86700004,1781189077308
2079605741,3,9.415951,-1.38195,-0.78105,1781189077319
2079605751,3,9.418051,-1.389,-0.75000006,1781189077327
2079605761,3,9.415951,-1.389,-0.72105,1781189077337
2079605771,3,9.43995,-1.3939501,-0.69705003,1781189077347
2079605781,3,9.495001,-1.4470501,-0.711,1781189077359
2079605791,3,9.48795,-1.4830501,-0.70395005,1781189077369
2079605802,3,9.448951,-1.4950501,-0.75705004,1781189077378
2079605812,3,9.394051,-1.4899501,-0.78795004,1781189077387
2079605822,3,9.327001,-1.485,-0.83805007,1781189077399
2079605832,3,9.222,-1.45395,-0.86895007,1781189077409
2079605842,3,9.102,-1.4299501,-0.87900007,1781189077419
2079605852,3,9.04695,-1.4110501,-0.89295006,1781189077429
2079605862,3,9.00405,-1.4089501,-0.91695005,1781189077438
2079605872,3,8.99205,-1.42305,-0.93405,1781189077448
2079605882,3,8.98995,-1.42095,-0.9670501,1781189077458
2079605892,3,9.01095,-1.4250001,-0.9990001,1781189077468
2079605902,3,9.078,-1.45395,-1.03695,1781189077478
2079605912,3,9.174001,-1.485,-1.09905,1781189077489
2079605922,3,9.241051,-1.4950501,-1.1230501,1781189077500
2079605933,3,9.283951,-1.5310501,-1.164,1781189077510
2079605943,3,9.31995,-1.5139501,-1.1659501,1781189077520
2079605953,3,9.361051,-1.50705,-1.1370001,1781189077530
2079605963,3,9.34605,-1.485,-1.07505,1781189077539
2079605973,3,9.35595,-1.49205,-1.0009501,1781189077550
2079605983,3,9.403951,-1.45905,-0.91695005,1781189077559
2079605993,3,9.43305,-1.4680501,-0.85695004,1781189077569
2079606003,3,9.48495,-1.488,-0.83805007,1781189077580
2079606013,3,9.528001,-1.5090001,-0.81405,1781189077590
2079606023,3,9.58395,-1.524,-0.84000003,1781189077600
2079606033,3,9.607051,-1.5640501,-0.86205006,1781189077610
2079606043,3,9.567,-1.5829501,-0.86700004,1781189077620
2079606053,3,9.48495,-1.58595,-0.84495,1781189077629
2079606063,3,9.35595,-1.57095,-0.79305005,1781189077641
2079606074,3,9.247951,-1.5589501,-0.77295005,1781189077649
2079606084,3,9.14505,-1.524,-0.72300005,1781189077661
2079606094,3,9.030001,-1.5259501,-0.69195,1781189077671
2079606104,3,8.949,-1.4970001,-0.702,1781189077681
2079606114,3,8.887051,-1.4970001,-0.71400005,1781189077691
2079606124,3,8.875051,-1.49205,-0.76095,1781189077700
2079606134,3,8.916,-1.50705,-0.83295006,1781189077710
2079606144,3,8.985001,-1.5090001,-0.88095003,1781189077722
2079606154,3,9.0379505,-1.5330001,-0.93600005,1781189077732
2079606164,3,9.069,-1.5280501,-0.984,1781189077740
2079606174,3,9.109051,-1.5280501,-0.99600005,1781189077751
2079606184,3,9.14295,-1.5280501,-0.9990001,1781189077762
2079606194,3,9.16695,-1.5310501,-0.9990001,1781189077770
2079606205,3,9.174001,-1.5259501,-0.97905004,1781189077782
2079606215,3,9.17595,-1.53795,-0.93600005,1781189077792
2079606225,3,9.19305,-1.5640501,-0.91200006,1781189077801
2079606235,3,9.217051,-1.5619501,-0.90000004,1781189077812
2079606245,3,9.279,-1.5790501,-0.87405,1781189077822
2079606255,3,9.327001,-1.5949501,-0.82905006,1781189077832
2079606265,3,9.373051,-1.62195,-0.82095003,1781189077841
2079606275,3,9.403951,-1.626,-0.78300005,1781189077852
2079606285,3,9.459001,-1.6650001,-0.79305005,1781189077862
2079606295,3,9.493051,-1.674,-0.78795004,1781189077871
2079606305,3,9.493051,-1.6789501,-0.78105,1781189077882
2079606315,3,9.47595,-1.6819501,-0.74505,1781189077892
2079606325,3,9.418051,-1.641,-0.70395005,1781189077901
2079606336,3,9.339001,-1.59105,-0.675,1781189077913
2079606346,3,9.208051,-1.54305,-0.62700003,1781189077923
2079606356,3,9.097051,-1.4899501,-0.59205,1781189077933
2079606366,3,9.01395,-1.45395,-0.59205,1781189077943
2079606376,3,8.937,-1.43295,-0.61095005,1781189077952
2079606386,3,8.925,-1.4250001,-0.615,1781189077963
2079606396,3,8.92695,-1.44,-0.65595,1781189077972
2079606406,3,8.949,-1.45905,-0.68505,1781189077983
2079606416,3,8.973001,-1.47105,-0.71400005,1781189077993
2079606426,3,9.03495,-1.485,-0.74505,1781189078002
2079606436,3,9.114,-1.50195,-0.80205005,1781189078014
2079606446,3,9.184051,-1.54305,-0.85695004,1781189078022
2079606456,3,9.14805,-1.54005,-0.87600005,1781189078034
2079606467,3,9.150001,-1.524,-0.87900007,1781189078044
2079606477,3,9.14505,-1.5190501,-0.87195003,1781189078052
2079606487,3,9.17205,-1.5139501,-0.85005003,1781189078062
2079606497,3,9.18105,-1.524,-0.85005003,1781189078074
2079606507,3,9.250951,-1.55505,-0.81195,1781189078083
2079606517,3,9.31995,-1.59105,-0.79995006,1781189078094
2079606527,3,9.373051,-1.6309501,-0.77595,1781189078102
2079606537,3,9.394051,-1.641,-0.73800004,1781189078114
2079606547,3,9.424951,-1.6480501,-0.702,1781189078124
2079606557,3,9.423,-1.6699501,-0.666,1781189078132
2079606567,3,9.397051,-1.6530001,-0.64395005,1781189078143
2079606577,3,9.31995,-1.6309501,-0.61800003,1781189078154
2079606587,3,9.282001,-1.62195,-0.57000005,1781189078163
2079606597,3,9.21,-1.5979501,-0.55995005,1781189078173
2079606608,3,9.16695,-1.54005,-0.55095005,1781189078184
2079606618,3,9.094951,-1.54005,-0.57000005,1781189078194
2079606628,3,9.018001,-1.4830501,-0.58905005,1781189078204
2079606638,3,8.973001,-1.43505,-0.59895,1781189078216
2079606648,3,8.949,-1.389,-0.63900006,1781189078223
2079606658,3,8.941951,-1.3420501,-0.65595,1781189078233
2079606668,3,8.953951,-1.32,-0.69405,1781189078244
2079606678,3,8.98995,-1.30305,-0.726,1781189078254
2079606688,3,8.98305,-1.31805,-0.71400005,1781189078264
2079606698,3,9.02295,-1.296,-0.73800004,1781189078275
2079606708,3,9.052051,-1.2790501,-0.78300005,1781189078284
2079606718,3,9.073951,-1.2790501,-0.81195,1781189078295
2079606728,3,9.129001,-1.26705,-0.84300005,1781189078304
2079606739,3,9.19095,-1.30095,-0.864,1781189078315
2079606749,3,9.265051,-1.3219501,-0.87600005,1781189078325
2079606759,3,9.31995,-1.33905,-0.89295006,1781189078335
2079606769,3,9.34605,-1.368,-0.89295006,1781189078346
2079606779,3,9.402,-1.389,-0.88095003,1781189078356
2079606789,3,9.44205,-1.416,-0.85005003,1781189078365
2079606799,3,9.4810505,-1.452,-0.81195,1781189078375
2079606809,3,9.47295,-1.4610001,-0.78495,1781189078386
2079606819,3,9.46395,-1.4680501,-0.795,1781189078396
2079606829,3,9.424951,-1.4610001,-0.78300005,1781189078405
2079606839,3,9.31995,-1.452,-0.77595,1781189078416
2079606849,3,9.21195,-1.43295,-0.74505,1781189078425
2079606859,3,9.129001,-1.4110501,-0.74205005,1781189078437
2079606870,3,9.0400505,-1.404,-0.75000006,1781189078447
2079606880,3,8.96805,-1.38495,-0.75405,1781189078456
2079606890,3,8.956051,-1.3770001,-0.78495,1781189078467
2079606900,3,8.93505,-1.3579501,-0.81405,1781189078478
2079606910,3,8.986951,-1.38495,-0.86205006,1781189078488
2079606920,3,9.02595,-1.38705,-0.90795004,1781189078498
2079606930,3,9.09,-1.42095,-0.95295006,1781189078506
2079606940,3,9.16005,-1.41795,-1.02705,1781189078518
2079606950,3,9.234,-1.4089501,-1.0699501,1781189078528
2079606960,3,9.271951,-1.3939501,-1.0890001,1781189078536
2079606970,3,9.282001,-1.3770001,-1.0870501,1781189078548
2079606980,3,9.282001,-1.365,-1.0870501,1781189078558
2079606990,3,9.30795,-1.3420501,-1.03005,1781189078568
2079607000,3,9.342,-1.35405,-0.96495,1781189078578
2079607011,3,9.403951,-1.368,-0.924,1781189078586
2079607021,3,9.44205,-1.3990501,-0.89295006,1781189078598
2079607031,3,9.5119505,-1.4299501,-0.864,1781189078607
2079607041,3,9.564,-1.4610001,-0.864,1781189078618
2079607051,3,9.559951,-1.4899501,-0.83805007,1781189078627
2079607061,3,9.523951,-1.4899501,-0.81195,1781189078637
2079607071,3,9.48795,-1.4970001,-0.80700004,1781189078647
2079607081,3,9.43995,-1.524,-0.79005,1781189078658
2079607091,3,9.378,-1.5090001,-0.77595,1781189078667
2079607101,3,9.31095,-1.5259501,-0.76395005,1781189078678
2079607111,3,9.267,-1.5330001,-0.75000006,1781189078688
2079607121,3,9.217051,-1.53795,-0.76605004,1781189078697
2079607131,3,9.16905,-1.54305,-0.77595,1781189078707
2079607142,3,9.16005,-1.53495,-0.80700004,1781189078718
2079607152,3,9.14295,-1.55505,-0.83595,1781189078729
2079607162,3,9.141001,-1.5670501,-0.87600005,1781189078739
2079607172,3,9.150001,-1.557,-0.91695005,1781189078749
2079607182,3,9.162001,-1.5829501,-0.95505005,1781189078758
2079607192,3,9.17895,-1.57605,-0.96495,1781189078768
2079607202,3,9.165,-1.5619501,-0.98700005,1781189078779
2079607212,3,9.16905,-1.5520501,-1.0009501,1781189078789
2079607222,3,9.15495,-1.5280501,-0.99105006,1781189078798
2079607232,3,9.13305,-1.524,-0.9990001,1781189078810
2079607242,3,9.14505,-1.50405,-0.9990001,1781189078820
2079607252,3,9.15495,-1.50705,-1.0009501,1781189078828
2079607262,3,9.18795,-1.5280501,-0.94305,1781189078838
2079607273,3,9.21195,-1.5469501,-0.91005003,1781189078849
2079607283,3,9.241051,-1.54005,-0.88395005,1781189078859
2079607293,3,9.27,-1.57395,-0.88095003,1781189078870
2079607303,3,9.279,-1.593,-0.84795004,1781189078879
2079607313,3,9.279,-1.5880501,-0.83805007,1781189078890
2079607323,3,9.29895,-1.593,-0.81405,1781189078900
2079607333,3,9.315001,-1.6189501,-0.80895007,1781189078910
2079607343,3,9.3490505,-1.64295,-0.80700004,1781189078919
2079607353,3,9.403951,-1.65795,-0.771,1781189078931
2079607363,3,9.42105,-1.6789501,-0.78495,1781189078939
2079607373,3,9.40905,-1.677,-0.78300005,1781189078950
2079607383,3,9.375,-1.6650001,-0.78300005,1781189078960
2079607393,3,9.31095,-1.64295,-0.78495,1781189078971
2079607404,3,9.27705,-1.60695,-0.77805007,1781189078981
2079607414,3,9.19995,-1.5790501,-0.78495,1781189078990
2079607424,3,9.14505,-1.57395,-0.78495,1781189079001
2079607434,3,9.073951,-1.53795,-0.795,1781189079010
2079607444,3,9.042001,-1.524,-0.80205005,1781189079021
2079607454,3,9.0070505,-1.50705,-0.80205005,1781189079031
2079607464,3,8.97105,-1.521,-0.80895007,1781189079041
2079607474,3,8.986951,-1.50195,-0.82605004,1781189079051
2079607484,3,9.01095,-1.50705,-0.85995007,1781189079061
2079607494,3,9.052051,-1.5280501,-0.88395005,1781189079070
2079607504,3,9.10005,-1.55505,-0.915,1781189079080
2079607514,3,9.13305,-1.5640501,-0.92700005,1781189079092
2079607524,3,9.16005,-1.5880501,-0.89595,1781189079101
2079607534,3,9.186001,-1.593,-0.88605005,1781189079111
2079607545,3,9.208051,-1.5880501,-0.86895007,1781189079122
2079607555,3,9.208051,-1.5790501,-0.81900007,1781189079130
2079607565,3,9.19305,-1.5790501,-0.80700004,1781189079143
2079607575,3,9.19995,-1.5810001,-0.74700004,1781189079151
2079607585,3,9.18105,-1.57095,-0.72105,1781189079162
2079607595,3,9.174001,-1.5589501,-0.666,1781189079172
2079607605,3,9.17205,-1.5589501,-0.67800003,1781189079182
2079607615,3,9.198001,-1.57095,-0.68205005,1781189079192
2079607625,3,9.247951,-1.593,-0.70395005,1781189079202
2079607635,3,9.282001,-1.5949501,-0.735,1781189079211
2079607645,3,9.32295,-1.5979501,-0.75900006,1781189079222
2079607655,3,9.378,-1.59105,-0.74700004,1781189079233
2079607665,3,9.378,-1.5810001,-0.74700004,1781189079241
2079607676,3,9.37005,-1.5670501,-0.73995006,1781189079253
2079607686,3,9.379951,-1.53495,-0.73005,1781189079263
2079607696,3,9.423,-1.5259501,-0.74205005,1781189079274
2079607706,3,9.406051,-1.49205,-0.795,1781189079283
2079607716,3,9.406051,-1.4970001,-0.81900007,1781189079292
2079607726,3,9.32295,-1.45905,-0.82605004,1781189079302
2079607736,3,9.24405,-1.404,-0.82095003,1781189079312
2079607746,3,9.129001,-1.38195,-0.78105,1781189079323
2079607756,3,9.018001,-1.33395,-0.75000006,1781189079333
2079607766,3,8.917951,-1.3099501,-0.70395005,1781189079342
2079607776,3,8.868,-1.32,-0.68505,1781189079352
2079607786,3,8.82195,-1.31805,-0.642,1781189079364
2079607796,3,8.86005,-1.33395,-0.65895003,1781189079372
2079607807,3,8.892,-1.365,-0.68505,1781189079384
2079607817,3,8.929951,-1.38195,-0.67995006,1781189079394
2079607827,3,8.956051,-1.4110501,-0.726,1781189079403
2079607837,3,9.02295,-1.4470501,-0.73005,1781189079413
2079607847,3,9.094951,-1.4610001,-0.75195,1781189079424
2079607857,3,9.17595,-1.46595,-0.77805007,1781189079433
2079607867,3,9.229051,-1.473,-0.81195,1781189079444
2079607877,3,9.28905,-1.4610001,-0.80700004,1781189079454
2079607887,3,9.33495,-1.44,-0.795,1781189079463
2079607897,3,9.306001,-1.3920001,-0.78495,1781189079475
2079607907,3,9.259951,-1.365,-0.78795004,1781189079485
2079607917,3,9.22395,-1.3609501,-0.76905006,1781189079495
2079607927,3,9.14805,-1.33395,-0.771,1781189079503
2079607937,3,9.11205,-1.332,-0.74700004,1781189079515
2079607948,3,9.0709505,-1.33905,-0.72795004,1781189079524
2079607958,3,9.0709505,-1.3750501,-0.74205005,1781189079535
2079607968,3,9.1050005,-1.4059501,-0.76095,1781189079544
2079607978,3,9.14805,-1.437,-0.795,1781189079555
2079607988,3,9.222,-1.47105,-0.81900007,1781189079564
2079607998,3,9.291,-1.4779501,-0.87405,1781189079575
2079608008,3,9.295951,-1.45905,-0.89595,1781189079585
2079608018,3,9.258,-1.42095,-0.90000004,1781189079595
2079608028,3,9.229051,-1.4059501,-0.89595,1781189079605
2079608038,3,9.20505,-1.38705,-0.85695004,1781189079616
2079608048,3,9.174001,-1.3420501,-0.82605004,1781189079625
2079608058,3,9.1380005,-1.31295,-0.79695004,1781189079636
2079608068,3,9.094951,-1.2940501,-0.79005,1781189079645
2079608079,3,9.088051,-1.27005,-0.75705004,1781189079654
2079608089,3,9.093,-1.2550501,-0.75195,1781189079667
2079608099,3,9.16905,-1.26495,-0.76095,1781189079675
2079608109,3,9.258,-1.2889501,-0.795,1781189079685
2079608119,3,9.34395,-1.34595,-0.81405,1781189079695
2079608129,3,9.402,-1.401,-0.82605004,1781189079707
2079608139,3,9.42105,-1.3969501,-0.84000003,1781189079715
2079608149,3,9.415951,-1.3750501,-0.82095003,1781189079727
2079608159,3,9.35595,-1.3420501,-0.82605004,1781189079738
2079608169,3,9.31305,-1.3560001,-0.78795004,1781189079746
2079608179,3,9.262951,-1.332,-0.771,1781189079756
2079608189,3,9.247951,-1.3300501,-0.76395005,1781189079768
2079608199,3,9.229051,-1.34595,-0.76905006,1781189079777
2079608210,3,9.246,-1.3579501,-0.75705004,1781189079787
2079608220,3,9.294001,-1.3579501,-0.771,1781189079797
2079608230,3,9.339001,-1.3920001,-0.79995006,1781189079807
2079608240,3,9.35805,-1.389,-0.80700004,1781189079817
2079608250,3,9.375,-1.38705,-0.81900007,1781189079827
2079608260,3,9.394051,-1.3800001,-0.80895007,1781189079836
2079608270,3,9.40905,-1.3990501,-0.81195,1781189079846
2079608280,3,9.397051,-1.416,-0.82905006,1781189079858
2079608290,3,9.36795,-1.42305,-0.80895007,1781189079866
2079608300,3,9.339001,-1.4059501,-0.78300005,1781189079877
2079608310,3,9.318001,-1.4089501,-0.77295005,1781189079888
2079608320,3,9.306001,-1.4110501,-0.76905006,1781189079897
2079608330,3,9.327001,-1.4419501,-0.78105,1781189079906
2079608341,3,9.32295,-1.42305,-0.78105,1781189079918
2079608351,3,9.36795,-1.4280001,-0.83100003,1781189079927
2079608361,3,9.39,-1.45605,-0.855,1781189079936
2079608371,3,9.423,-1.4830501,-0.89100003,1781189079946
2079608381,3,9.424951,-1.50195,-0.95100003,1781189079957
2079608391,3,9.43305,-1.5160501,-0.99105006,1781189079967
2079608401,3,9.397051,-1.488,-1.02705,1781189079977
2079608411,3,9.29895,-1.45605,-1.0180501,1781189079987
2079608421,3,9.20505,-1.43295,-1.00605,1781189079997
2079608431,3,9.109051,-1.4110501,-0.9889501,1781189080007
2079608441,3,9.02595,-1.3800001,-0.94095004,1781189080017
2079608451,3,8.997001,-1.3729501,-0.90795004,1781189080028
2079608461,3,9.02805,-1.42305,-0.88395005,1781189080037
2079608471,3,9.088051,-1.4299501,-0.89595,1781189080049
2079608482,3,9.208051,-1.50195,-0.93405,1781189080058
2079608492,3,9.33195,-1.5330001,-0.975,1781189080068
2079608502,3,9.42105,-1.57395,-1.008,1781189080078
2079608512,3,9.47805,-1.58595,-1.06095,1781189080089
2079608522,3,9.495001,-1.5640501,-1.044,1781189080099
2079608532,3,9.46605,-1.5469501,-1.02705,1781189080108
2079608542,3,9.399,-1.5310501,-0.984,1781189080118
2079608552,3,9.30795,-1.4830501,-0.915,1781189080128
2079608562,3,9.226951,-1.473,-0.86205006,1781189080139
2079608572,3,9.17595,-1.45905,-0.81705004,1781189080149
2079608582,3,9.15705,-1.4760001,-0.79305005,1781189080159
2079608592,3,9.186001,-1.5310501,-0.77805007,1781189080170
2079608602,3,9.18795,-1.5450001,-0.76605004,1781189080180
2079608613,3,9.2029505,-1.57395,-0.79305005,1781189080189
2079608623,3,9.21,-1.5979501,-0.83595,1781189080200
2079608633,3,9.238951,-1.62195,-0.86700004,1781189080210
2079608643,3,9.253051,-1.6140001,-0.91695005,1781189080220
2079608653,3,9.27705,-1.6000501,-0.93405,1781189080229
2079608663,3,9.27495,-1.58595,-0.94605005,1781189080240
2079608673,3,9.247951,-1.57395,-0.91995007,1781189080250
2079608683,3,9.198001,-1.54005,-0.89295006,1781189080258
2079608693,3,9.14805,-1.4899501,-0.86895007,1781189080270
2079608703,3,9.1050005,-1.4490001,-0.84300005,1781189080279
2079608713,3,9.085951,-1.437,-0.81900007,1781189080289
2079608723,3,9.129001,-1.452,-0.79995006,1781189080301
2079608733,3,9.19095,-1.49205,-0.80505,1781189080311
2079608744,3,9.226951,-1.50705,-0.80895007,1781189080321
2079608754,3,9.271951,-1.5520501,-0.81900007,1781189080331
2079608764,3,9.295951,-1.5829501,-0.81195,1781189080342
2079608774,3,9.32295,-1.59105,-0.81405,1781189080350
2079608784,3,9.339001,-1.6030501,-0.82095003,1781189080360
2079608794,3,9.33705,-1.6030501,-0.79695004,1781189080370
2079608804,3,9.30795,-1.6170001,-0.76905006,1781189080381
2079608814,3,9.342,-1.6140001,-0.76395005,1781189080391
2079608824,3,9.33495,-1.60695,-0.73005,1781189080401
2079608834,3,9.30105,-1.6170001,-0.69900006,1781189080410
2079608844,3,9.250951,-1.5949501,-0.64695,1781189080420
2079608854,3,9.229051,-1.57605,-0.62700003,1781189080430
2079608864,3,9.15495,-1.5469501,-0.615,1781189080442
2079608874,3,9.10005,-1.54305,-0.57000005,1781189080452
2079608885,3,9.045,-1.50195,-0.57495004,1781189080462
2079608895,3,9.009001,-1.4760001,-0.57495004,1781189080471
2079608905,3,9.00195,-1.4610001,-0.56805,1781189080482
2079608915,3,9.01095,-1.4299501,-0.56805,1781189080491
2079608925,3,9.01605,-1.44,-0.59400004,1781189080502
2079608935,3,9.081,-1.44,-0.62295,1781189080511
2079608945,3,9.13605,-1.4610001,-0.67305005,1781189080522
2079608955,3,9.162001,-1.45605,-0.70605004,1781189080531
2079608965,3,9.15495,-1.4440501,-0.70395005,1781189080542
2079608975,3,9.1380005,-1.4130001,-0.675,1781189080551
2079608985,3,9.121051,-1.3969501,-0.65895003,1781189080563
2079608995,3,9.121051,-1.3579501,-0.642,1781189080573
2079609005,3,9.109051,-1.365,-0.62505,1781189080583
2079609016,3,9.10005,-1.3270501,-0.61800003,1781189080593
2079609026,3,9.082951,-1.3440001,-0.606,1781189080602
2079609036,3,9.12405,-1.34595,-0.63000005,1781189080612
2079609046,3,9.13305,-1.3560001,-0.68205005,1781189080623
2079609056,3,9.18795,-1.368,-0.71805006,1781189080632
2079609066,3,9.250951,-1.389,-0.735,1781189080643
2079609076,3,9.279,-1.36995,-0.75705004,1781189080654
2079609086,3,9.238951,-1.3440001,-0.74700004,1781189080663
2079609096,3,9.2029505,-1.30305,-0.69705003,1781189080672
2079609106,3,9.14805,-1.27005,-0.64395005,1781189080682
2079609116,3,9.129001,-1.2390001,-0.58905005,1781189080694
2079609126,3,9.102,-1.21695,-0.54405004,1781189080704
2079609136,3,9.10005,-1.2070501,-0.52695,1781189080717
2079609147,3,9.061951,-1.1910001,-0.56505,1781189080723
2079609157,3,9.02595,-1.2049501,-0.57000005,1781189080733
2079609167,3,8.98005,-1.19295,-0.59205,1781189080743
2079609177,3,8.986951,-1.1880001,-0.63900006,1781189080752
2079609187,3,8.99895,-1.23405,-0.69405,1781189080763
2079609197,3,9.042001,-1.23105,-0.74700004,1781189080773
2079609207,3,9.05895,-1.2430501,-0.78795004,1781189080783
2079609217,3,9.081,-1.248,-0.84795004,1781189080794
2079609227,3,9.10005,-1.2580501,-0.855,1781189080804
2079609237,3,9.150001,-1.2270001,-0.855,1781189080815
2079609247,3,9.21195,-1.23405,-0.855,1781189080823
2079609257,3,9.262951,-1.2270001,-0.85200006,1781189080835
2079609267,3,9.32505,-1.2390001,-0.84000003,1781189080845
2079609278,3,9.351001,-1.215,-0.82395005,1781189080853
2079609288,3,9.379951,-1.2070501,-0.78795004,1781189080865
2079609298,3,9.436951,-1.215,-0.79005,1781189080875
2079609308,3,9.436951,-1.2550501,-0.75900006,1781189080884
2079609318,3,9.46395,-1.2430501,-0.75405,1781189080894
2079609328,3,9.48795,-1.27695,-0.75195,1781189080904
2079609338,3,9.493051,-1.2859501,-0.77595,1781189080914
2079609348,3,9.45705,-1.296,-0.75705004,1781189080924
2079609358,3,9.424951,-1.2580501,-0.771,1781189080934
2079609368,3,9.378,-1.251,-0.77805007,1781189080946
2079609378,3,9.3820505,-1.30305,-0.78495,1781189080955
2079609388,3,9.385051,-1.3219501,-0.80700004,1781189080964
2079609398,3,9.35595,-1.3420501,-0.79995006,1781189080974
2079609408,3,9.3820505,-1.35405,-0.86700004,1781189080987
2079609419,3,9.37005,-1.38195,-0.92700005,1781189080996
2079609429,3,9.354,-1.38495,-0.96300006,1781189081006
2079609439,3,9.295951,-1.38495,-1.00605,1781189081016
2079609449,3,9.294001,-1.4110501,-1.0009501,1781189081027
2079609459,3,9.265051,-1.43295,-1.0320001,1781189081035
2079609469,3,9.246,-1.368,-1.02195,1781189081045
2079609479,3,9.234,-1.34595,-1.0009501,1781189081056
2079609489,3,9.226951,-1.36995,-0.96300006,1781189081067
2079609499,3,9.267,-1.3729501,-0.9580501,1781189081077
2079609509,3,9.363001,-1.4110501,-0.975,1781189081086
2079609519,3,9.39,-1.45395,-0.97200006,1781189081097
2079609529,3,9.415951,-1.45905,-0.97005004,1781189081106
2079609539,3,9.564,-1.50195,-0.96000004,1781189081116
2079609550,3,9.615001,-1.5589501,-0.95100003,1781189081127
2079609560,3,9.564,-1.53795,-0.95505005,1781189081138
2079609570,3,9.4810505,-1.49205,-0.92700005,1781189081146
2079609580,3,9.385051,-1.4950501,-0.915,1781189081158
2079609590,3,9.30105,-1.4800501,-0.91005003,1781189081167
2079609600,3,9.22395,-1.488,-0.89595,1781189081177
2079609610,3,9.19995,-1.50195,-0.89805007,1781189081188
2079609620,3,9.19095,-1.53495,-0.90495,1781189081198
2079609630,3,9.165,-1.5589501,-0.95295006,1781189081206
2079609640,3,9.126,-1.5810001,-0.95295006,1781189081216
2079609650,3,9.10005,-1.5499501,-0.975,1781189081227
2079609660,3,9.129001,-1.53495,-1.0030501,1781189081237
2079609670,3,9.1380005,-1.5499501,-1.044,1781189081247
2079609681,3,9.117001,-1.5469501,-1.056,1781189081258
2079609691,3,9.030001,-1.521,-1.03695,1781189081267
2079609701,3,8.953951,-1.485,-1.00995,1781189081278
2079609711,3,8.97795,-1.4640001,-0.96495,1781189081287
2079609721,3,9.045,-1.4779501,-0.95100003,1781189081297
2079609731,3,9.12405,-1.4899501,-0.90300006,1781189081307
2079609741,3,9.217051,-1.5310501,-0.90000004,1781189081318
2079609751,3,9.306001,-1.5619501,-0.94095004,1781189081327
2079609761,3,9.373051,-1.5589501,-0.94305,1781189081337
2079609771,3,9.436951,-1.5670501,-0.95505005,1781189081347
2079609781,3,9.424951,-1.5589501,-0.95295006,1781189081359
2079609791,3,9.36795,-1.5640501,-0.9289501,1781189081369
2079609801,3,9.27,-1.5330001,-0.87600005,1781189081379
2079609811,3,9.1380005,-1.5330001,-0.80505,1781189081389
2079609822,3,9.09,-1.50405,-0.726,1781189081398
2079609832,3,9.033,-1.4950501,-0.675,1781189081408
2079609842,3,9.018001,-1.4899501,-0.68505,1781189081418
2079609852,3,9.045,-1.53495,-0.67800003,1781189081428
2079609862,3,9.117001,-1.5640501,-0.67995006,1781189081438
2079609872,3,9.162001,-1.605,-0.735,1781189081449
2079609882,3,9.241051,-1.6699501,-0.79305005,1781189081459
2079609892,3,9.29895,-1.69305,-0.85005003,1781189081468
2079609902,3,9.34395,-1.69605,-0.87405,1781189081479
2079609912,3,9.378,-1.6819501,-0.89595,1781189081490
2079609922,3,9.35595,-1.6290001,-0.89295006,1781189081498
2079609932,3,9.315001,-1.61205,-0.82605004,1781189081510
2079609942,3,9.229051,-1.57605,-0.75405,1781189081518
2079609953,3,9.17895,-1.5310501,-0.66300005,1781189081530
2079609963,3,9.13305,-1.50405,-0.615,1781189081540
2079609973,3,9.109051,-1.50195,-0.582,1781189081550
2079609983,3,9.1050005,-1.50195,-0.57000005,1781189081558
2079609993,3,9.11205,-1.5139501,-0.59400004,1781189081570
2079610003,3,9.106951,-1.5259501,-0.61095005,1781189081580
2079610013,3,9.097051,-1.53795,-0.63195,1781189081589
2079610023,3,9.09,-1.521,-0.64695,1781189081599
2079610033,3,9.118951,-1.5090001,-0.70905006,1781189081611
2079610043,3,9.150001,-1.4610001,-0.72300005,1781189081620
2079610053,3,9.15705,-1.50405,-0.71595,1781189081631
2079610063,3,9.165,-1.5160501,-0.67095006,1781189081641
2079610073,3,9.198001,-1.521,-0.66105,1781189081651
2079610084,3,9.234,-1.5090001,-0.65400004,1781189081659
2079610094,3,9.18105,-1.49205,-0.63000005,1781189081671
2079610104,3,9.17205,-1.45905,-0.61995006,1781189081681
2079610114,3,9.126,-1.452,-0.62700003,1781189081690
2079610124,3,9.114,-1.4280001,-0.63195,1781189081701
2079610134,3,9.102,-1.4440501,-0.62505,1781189081712
2079610144,3,9.13605,-1.46595,-0.64395005,1781189081722
2079610154,3,9.17895,-1.47105,-0.63900006,1781189081730
2079610164,3,9.20505,-1.49205,-0.64395005,1781189081740
2079610174,3,9.229051,-1.4950501,-0.642,1781189081751
2079610184,3,9.24405,-1.50195,-0.65400004,1781189081760
2079610194,3,9.265051,-1.50195,-0.666,1781189081771
2079610204,3,9.265051,-1.4800501,-0.67800003,1781189081782
2079610215,3,9.22395,-1.4440501,-0.68700004,1781189081792
2079610225,3,9.19305,-1.4280001,-0.70905006,1781189081802
2079610235,3,9.16005,-1.38195,-0.67995006,1781189081812
2079610245,3,9.106951,-1.3579501,-0.66300005,1781189081822
2079610255,3,9.076051,-1.35105,-0.66795003,1781189081832
2079610265,3,9.049951,-1.3440001,-0.66300005,1781189081842
2079610275,3,9.066,-1.3609501,-0.651,1781189081851
2079610285,3,9.094951,-1.368,-0.67995006,1781189081862
2079610295,3,9.14505,-1.3990501,-0.71595,1781189081872
2079610305,3,9.20505,-1.4089501,-0.75405,1781189081882
2079610315,3,9.246,-1.4299501,-0.75900006,1781189081892
2079610325,3,9.265051,-1.4440501,-0.80700004,1781189081901
2079610335,3,9.291,-1.4440501,-0.79995006,1781189081913
2079610345,3,9.234,-1.452,-0.81705004,1781189081923
2079610356,3,9.262951,-1.401,-0.75705004,1781189081933
2079610366,3,9.229051,-1.3800001,-0.77805007,1781189081942
2079610376,3,9.184051,-1.36995,-0.76905006,1781189081952
2079610386,3,9.19095,-1.38705,-0.75195,1781189081963
2079610396,3,9.2029505,-1.389,-0.75405,1781189081972
2079610406,3,9.19095,-1.4089501,-0.75000006,1781189081983
2079610416,3,9.184051,-1.3969501,-0.75705004,1781189081993
2079610426,3,9.2029505,-1.4110501,-0.76095,1781189082003
2079610436,3,9.262951,-1.416,-0.80205005,1781189082013
2079610446,3,9.306001,-1.45395,-0.82605004,1781189082023
2079610456,3,9.327001,-1.452,-0.855,1781189082034
2079610466,3,9.306001,-1.43295,-0.83295006,1781189082043
2079610476,3,9.279,-1.416,-0.79695004,1781189082054
2079610487,3,9.247951,-1.389,-0.78300005,1781189082062
2079610497,3,9.24405,-1.36995,-0.78795004,1781189082074
2079610507,3,9.247951,-1.3630501,-0.76905006,1781189082084
2079610517,3,9.253051,-1.365,-0.771,1781189082093
2079610527,3,9.291,-1.368,-0.77595,1781189082104
2079610537,3,9.342,-1.3729501,-0.80505,1781189082114
2079610547,3,9.391951,-1.34595,-0.84000003,1781189082124
2079610557,3,9.423,-1.38495,-0.83100003,1781189082134
2079610567,3,9.47595,-1.3920001,-0.855,1781189082145
2079610577,3,9.4810505,-1.3800001,-0.83100003,1781189082154
2079610587,3,9.45405,-1.3750501,-0.81195,1781189082167
2079610597,3,9.418051,-1.35105,-0.78795004,1781189082175
2079610607,3,9.34395,-1.35105,-0.76605004,1781189082185
2079610618,3,9.306001,-1.32,-0.735,1781189082195
2079610628,3,9.282001,-1.3579501,-0.72105,1781189082205
2079610638,3,9.303,-1.3920001,-0.68700004,1781189082215
2079610648,3,9.32295,-1.3920001,-0.73995006,1781189082224
2079610658,3,9.378,-1.4470501,-0.78495,1781189082234
2079610668,3,9.42105,-1.473,-0.82095003,1781189082244
2079610678,3,9.493051,-1.473,-0.86205006,1781189082254
2079610688,3,9.568951,-1.54305,-0.915,1781189082264
2079610698,3,9.574051,-1.5790501,-0.94605005,1781189082274
2079610708,3,9.567,-1.6000501,-0.96300006,1781189082287
2079610718,3,9.516001,-1.58595,-0.96000004,1781189082295
2079610728,3,9.48795,-1.5949501,-0.93405,1781189082306
2079610738,3,9.471001,-1.60695,-0.93405,1781189082316
2079610748,3,9.44505,-1.6140001,-0.91995007,1781189082326
2079610759,3,9.435,-1.6339501,-0.90000004,1781189082336
2079610769,3,9.46905,-1.6699501,-0.90300006,1781189082347
2079610779,3,9.50895,-1.713,-0.91695005,1781189082357
2079610789,3,9.567,-1.7700001,-0.93105006,1781189082365
2079610799,3,9.63405,-1.8079501,-0.92205006,1781189082375
2079610809,3,9.624001,-1.81305,-0.91695005,1781189082386
2079610819,3,9.612,-1.794,-0.89295006,1781189082395
2079610829,3,9.562051,-1.74405,-0.86205006,1781189082405
2079610839,3,9.531,-1.7149501,-0.81900007,1781189082415
2079610849,3,9.46905,-1.6699501,-0.795,1781189082427
2079610859,3,9.44505,-1.65795,-0.771,1781189082435
2079610869,3,9.403951,-1.6699501,-0.78105,1781189082447
2079610879,3,9.366,-1.6500001,-0.78105,1781189082457
2079610890,3,9.363001,-1.6099501,-0.79995006,1781189082466
2079610900,3,9.33195,-1.6170001,-0.84300005,1781189082475
2079610910,3,9.361051,-1.6339501,-0.82905006,1781189082488
2079610920,3,9.40905,-1.6650001,-0.84795004,1781189082498
2079610930,3,9.44505,-1.725,-0.82395005,1781189082508
2079610940,3,9.471001,-1.761,-0.81705004,1781189082518
2079610950,3,9.49695,-1.7820001,-0.82905006,1781189082526
2079610960,3,9.46395,-1.7839501,-0.82905006,1781189082537
2079610970,3,9.44205,-1.7730001,-0.84000003,1781189082547
2079610980,3,9.411,-1.7530501,-0.84795004,1781189082558
2079610990,3,9.342,-1.7530501,-0.85005003,1781189082568
2079611000,3,9.247951,-1.7530501,-0.83295006,1781189082578
2079611010,3,9.17205,-1.7389501,-0.80895007,1781189082586
2079611021,3,9.1050005,-1.7490001,-0.79305005,1781189082597
2079611031,3,9.0709505,-1.7389501,-0.77805007,1781189082606
2079611041,3,9.09,-1.7530501,-0.75705004,1781189082616
2079611051,3,9.214951,-1.7920501,-0.77595,1781189082627
2079611061,3,9.430051,-1.8919501,-0.85695004,1781189082637
2079611071,3,9.724951,-1.9860001,-0.91995007,1781189082647
2079611081,3,9.933001,-2.079,-1.0009501,1781189082658
2079611091,3,10.054951,-2.12205,-1.05795,1781189082667
2079611101,3,10.081051,-2.11695,-1.10595,1781189082678
2079611111,3,10.026,-2.0689502,-1.113,1781189082687
2079611121,3,9.904051,-1.9519501,-1.03695,1781189082699
2079611131,3,9.780001,-1.7839501,-0.87900007,1781189082710
2079611141,3,9.71805,-1.6789501,-0.72300005,1781189082719
2079611152,3,9.636001,-1.6140001,-0.61800003,1781189082729
2079611162,3,9.564,-1.57095,-0.46905002,1781189082738
2079611172,3,9.47595,-1.5640501,-0.27495003,1781189082748
2079611182,3,9.33705,-1.53795,-0.08595,1781189082758
2079611192,3,9.196051,-1.4800501,0.09195001,1781189082769
2079611202,3,9.14295,-1.452,0.26205,1781189082778
2079611212,3,9.129001,-1.49205,0.29595003,1781189082789
2079611222,3,9.282001,-1.521,0.19800001,1781189082798
2079611232,3,9.435,-1.62195,0.010950001,1781189082809
2079611242,3,9.579,-1.74405,-0.20400001,1781189082818
2079611252,3,9.703051,-1.7770501,-0.38295,1781189082828
2079611262,3,9.736951,-1.7340001,-0.61305004,1781189082839
2079611272,3,9.694051,-1.6380001,-0.75705004,1781189082850
2079611282,3,9.493051,-1.5139501,-0.85695004,1781189082860
2079611293,3,9.31305,-1.389,-0.94305,1781189082869
2079611303,3,9.21195,-1.30095,-1.06305,1781189082878
2079611313,3,9.14805,-1.179,-1.1539501,1781189082890
2079611323,3,9.094951,-1.0350001,-1.1880001,1781189082900
2079611333,3,9.094951,-0.97005004,-1.1920501,1781189082910
2079611343,3,9.057,-0.93495005,-1.09905,1781189082919
2079611353,3,8.96595,-0.90105003,-0.984,1781189082930
2079611363,3,8.797951,-0.82395005,-0.82905006,1781189082940
2079611373,3,8.583,-0.73605,-0.61995006,1781189082951
2079611383,3,8.403001,-0.70005006,-0.42600003,1781189082960
2079611393,3,8.3220005,-0.69795,-0.27795002,1781189082970
2079611403,3,8.269051,-0.75495005,-0.13395001,1781189082979
2079611413,3,8.31495,-0.86700004,-0.156,1781189082990
2079611424,3,8.39595,-0.98700005,-0.22995001,1781189082999
2079611434,3,8.47305,-1.06095,-0.32595003,1781189083011
2079611444,3,8.53695,-1.1329501,-0.41700003,1781189083021
2079611454,3,8.608951,-1.14495,-0.53400004,1781189083031
2079611464,3,8.69505,-1.167,-0.675,1781189083041
2079611474,3,8.7310505,-1.212,-0.771,1781189083050
2079611484,3,8.829,-1.30095,-0.95505005,1781189083060
2079611494,3,9.02805,-1.3249501,-1.161,1781189083071
2079611504,3,9.394051,-1.3369501,-1.3909501,1781189083080
2079611514,3,9.80595,-1.3990501,-1.5660001,1781189083091
2079611524,3,10.113001,-1.4680501,-1.67595,1781189083102
2079611534,3,10.342051,-1.485,-1.76505,1781189083112
2079611544,3,10.516951,-1.4110501,-1.7410501,1781189083120
2079611555,3,10.58895,-1.3440001,-1.7260501,1781189083130
2079611565,3,10.620001,-1.2270001,-1.5679501,1781189083141
2079611575,3,10.6699505,-1.09695,-1.28295,1781189083151
2079611585,3,10.72605,-0.99195004,-0.99600005,1781189083161
2079611595,3,10.783051,-0.91800004,-0.72105,1781189083171
2079611605,3,10.91205,-0.92700005,-0.47700003,1781189083181
2079611615,3,11.025001,-1.0020001,-0.36900002,1781189083192
2079611625,3,11.070001,-1.059,-0.32805002,1781189083201
2079611635,3,11.05395,-1.0690501,-0.393,1781189083212
2079611645,3,11.04195,-1.16205,-0.52005005,1781189083222
2079611655,3,10.96695,-1.26495,-0.66300005,1781189083234
2079611665,3,10.929001,-1.3609501,-0.79695004,1781189083241
2079611675,3,10.861951,-1.401,-0.83295006,1781189083254
2079611685,3,10.70895,-1.521,-0.87900007,1781189083263
2079611696,3,10.527,-1.761,-1.06095,1781189083273
2079611706,3,10.479,-2.05995,-1.28805,1781189083281
2079611716,3,10.596001,-2.26605,-1.45095,1781189083292
2079611726,3,10.840051,-2.3689501,-1.4800501,1781189083302
2079611736,3,11.073001,-2.3760002,-1.4250001,1781189083313
2079611746,3,11.203951,-2.32995,-1.4100001,1781189083323
2079611756,3,11.238001,-2.28195,-1.2570001,1781189083333
2079611766,3,11.182951,-2.26305,-1.1179501,1781189083342
2079611776,3,11.049001,-2.2420502,-1.1010001,1781189083352
2079611786,3,10.780951,-2.1319501,-1.1710501,1781189083363
2079611796,3,10.507951,-2.01195,-1.40295,1781189083374
2079611806,3,10.242001,-1.8919501,-1.6900501,1781189083383
2079611816,3,9.98295,-1.81605,-1.95105,1781189083392
2079611827,3,9.75105,-1.725,-2.1409502,1781189083402
2079611837,3,9.423,-1.65495,-2.1690001,1781189083414
2079611847,3,9.033,-1.5190501,-2.02305,1781189083424
2079611857,3,8.623051,-1.404,-1.7380501,1781189083433
2079611867,3,8.2570505,-1.35105,-1.38405,1781189083444
2079611877,3,7.9909506,-1.3560001,-1.01505,1781189083454
2079611887,3,7.7830505,-1.47105,-0.71595,1781189083464
2079611897,3,7.6510506,-1.6290001,-0.53205,1781189083474
2079611907,3,7.55595,-1.81605,-0.52395004,1781189083485
2079611917,3,7.5439506,-1.9350001,-0.63900006,1781189083493
2079611927,3,7.58895,-2.01195,-0.81705004,1781189083505
2079611937,3,7.6900506,-2.115,-0.9990001,1781189083513
2079611947,3,7.8550506,-2.43105,-1.2019501,1781189083523
2079611958,3,8.14005,-2.7900002,-1.5109501,1781189083534
2079611968,3,8.487,-2.90505,-1.9420501,1781189083545
2079611978,3,8.941951,-2.6869502,-2.2080002,1781189083554
2079611988,3,9.424951,-2.1990001,-2.3029501,1781189083564
2079611998,3,9.727051,-1.9740001,-2.36295,1781189083574
2079612008,3,9.76095,-2.1079502,-2.2440002,1781189083585
2079612018,3,9.47805,-2.28705,-1.9590001,1781189083594
2079612028,3,9.16005,-2.2030501,-1.6999501,1781189083605
2079612038,3,8.85105,-1.9879501,-1.3770001,1781189083614
2079612048,3,8.53995,-1.7080501,-0.9670501,1781189083625
2079612058,3,8.23995,-1.49205,-0.64905006,1781189083635
2079612068,3,7.9339504,-1.3800001,-0.34305,1781189083645
2079612078,3,7.7089505,-1.3249501,-0.025950002,1781189083656
2079612089,3,7.5600004,-1.30095,0.25005,1781189083667
2079612099,3,7.4599504,-1.2750001,0.504,1781189083675
2079612109,3,7.4380503,-1.2859501,0.693,1781189083686
2079612119,3,7.5130506,-1.3420501,0.74100006,1781189083696
2079612129,3,7.563,-1.3440001,0.67605,1781189083705
2079612139,3,7.5600004,-1.31805,0.56205004,1781189083715
2079612149,3,7.5030003,-1.2360001,0.44895002,1781189083727
2079612159,3,7.5480003,-1.2100501,0.324,1781189083735
2079612169,3,7.6420503,-1.1380501,0.25995,1781189083747
2079612179,3,7.7419505,-1.047,0.22395001,1781189083755
2079612189,3,7.9150505,-0.9580501,0.21705002,1781189083768
2079612199,3,8.158951,-0.89895004,0.16395001,1781189083778
2079612209,3,8.38605,-0.85095006,0.08505,1781189083786
2079612219,3,8.53005,-0.73095006,-0.010050001,1781189083797
2079612230,3,8.602051,-0.60405004,-0.079050004,1781189083806
2079612240,3,8.65695,-0.48900002,-0.156,1781189083816
2079612250,3,8.724,-0.42195,-0.28695002,1781189083828
2079612260,3,8.865001,-0.42705002,-0.37800002,1781189083837
2079612270,3,8.97105,-0.45105,-0.48105,1781189083848
2079612280,3,9.13095,-0.53205,-0.582,1781189083858
2079612290,3,9.3820505,-0.61095005,-0.72105,1781189083868
2079612300,3,9.694051,-0.76905006,-0.89595,1781189083877
2079612310,3,10.12695,-0.93000007,-1.1040001,1781189083886
2079612320,3,10.5720005,-1.10895,-1.3410001,1781189083896
2079612330,3,10.92405,-1.27695,-1.485,1781189083906
2079612340,3,11.274,-1.404,-1.5520501,1781189083917
2079612350,3,11.620951,-1.557,-1.60395,1781189083928
2079612361,3,11.965951,-1.7170501,-1.6660501,1781189083936
2079612371,3,12.31095,-1.84905,-1.6999501,1781189083946
2079612381,3,12.586051,-2.0020502,-1.72395,1781189083957
2079612391,3,12.64605,-2.055,-1.6519501,1781189083966
2079612401,3,12.279,-1.9399501,-1.4440501,1781189083978
2079612411,3,11.821951,-1.7560501,-1.164,1781189083987
2079612421,3,11.358001,-1.5810001,-0.95100003,1781189083998
2079612431,3,10.836,-1.4299501,-0.72105,1781189084008
2079612441,3,10.290001,-1.30095,-0.49605003,1781189084018
2079612451,3,9.74205,-1.21905,-0.26595002,1781189084027
2079612461,3,9.234,-1.143,-0.06705,1781189084037
2079612471,3,8.841001,-1.128,0.10695001,1781189084048
2079612481,3,8.53695,-1.1550001,0.20700002,1781189084059
2079612492,3,8.36505,-1.23405,0.20700002,1781189084069
2079612502,3,8.323951,-1.3750501,0.12795001,1781189084079
2079612512,3,8.34105,-1.5499501,-0.031050002,1781189084089
2079612522,3,8.42205,-1.6980001,-0.17295001,1781189084099
2079612532,3,8.44095,-1.8540001,-0.32805002,1781189084108
2079612542,3,8.523001,-2.0020502,-0.50805,1781189084118
2079612552,3,8.68605,-2.23005,-0.71595,1781189084129
2079612562,3,8.841001,-2.38995,-0.90495,1781189084138
2079612572,3,8.89605,-2.496,-1.00995,1781189084148
2079612582,3,8.89395,-2.5170002,-1.02705,1781189084160
2079612592,3,8.820001,-2.49795,-0.9670501,1781189084169
2079612602,3,8.7289505,-2.4739501,-0.9289501,1781189084180
2079612612,3,8.620951,-2.397,-0.90795004,1781189084190
2079612622,3,8.499001,-2.3470502,-0.91995007,1781189084200
2079612633,3,8.403001,-2.256,-0.90795004,1781189084210
2079612643,3,8.31,-2.12205,-0.95505005,1781189084220
2079612653,3,8.269051,-1.9740001,-1.04205,1781189084229
2079612663,3,8.248051,-1.7869501,-1.04595,1781189084238
2079612673,3,8.092051,-1.5810001,-1.0680001,1781189084250
2079612683,3,7.93905,-1.3750501,-1.02705,1781189084259
2079612693,3,7.8,-1.21695,-0.9990001,1781189084270
2079612703,3,7.6110005,-1.1329501,-0.86895007,1781189084279
2079612713,3,7.4670005,-1.08105,-0.771,1781189084289
2079612723,3,7.3900504,-1.0489501,-0.68505,1781189084300
2079612733,3,7.3570504,-1.023,-0.63195,1781189084309
2079612743,3,7.35195,-1.03995,-0.61305004,1781189084321
2079612753,3,7.3429503,-1.014,-0.64395005,1781189084329
2079612764,3,7.3620005,-1.0020001,-0.702,1781189084339
2079612774,3,7.3309503,-0.97005004,-0.72105,1781189084351
2079612784,3,7.3110003,-0.93705004,-0.69000006,1781189084361
2079612794,3,7.3690505,-0.87705004,-0.63195,1781189084371
2079612804,3,7.49805,-0.84795004,-0.582,1781189084381
2079612814,3,7.6470003,-0.79095006,-0.50100005,1781189084390
2079612824,3,7.8840003,-0.77400005,-0.46005002,1781189084400
2079612834,3,8.20005,-0.89895004,-0.41700003,1781189084411
2079612844,3,8.566051,-1.0489501,-0.44505003,1781189084420
2079612854,3,8.950951,-1.215,-0.53400004,1781189084431
2079612864,3,9.33705,-1.389,-0.61800003,1781189084441
2079612874,3,9.672001,-1.50705,-0.64395005,1781189084452
2079612884,3,10.014001,-1.5000001,-0.615,1781189084462
2079612895,3,10.309051,-1.3969501,-0.64395005,1781189084472
2079612905,3,10.563001,-1.404,-0.64395005,1781189084482
2079612915,3,10.78995,-1.368,-0.68505,1781189084491
2079612925,3,11.026951,-1.3080001,-0.80205005,1781189084502
2079612935,3,11.23095,-1.3369501,-1.08,1781189084512
2079612945,3,11.39805,-1.4779501,-1.3579501,1781189084522
2079612955,3,11.51595,-1.62405,-1.5640501,1781189084532
2079612965,3,11.7289505,-1.7320501,-1.7119501,1781189084541
2079612975,3,12.061951,-1.8610501,-1.848,1781189084552
2079612985,3,12.322051,-1.9950001,-1.9590001,1781189084561
2079612995,3,12.460951,-2.11695,-2.00895,1781189084572
2079613005,3,12.564,-2.2009501,-1.9540501,1781189084583
2079613015,3,12.579,-2.22495,-1.8679501,1781189084593
2079613026,3,12.516001,-2.1750002,-1.779,1781189084603
2079613036,3,12.394051,-2.127,-1.75995,1781189084611
2079613046,3,12.0400505,-2.0740502,-1.76505,1781189084623
2079613056,3,11.571,-2.0050502,-1.7770501,1781189084632
2079613066,3,11.058001,-1.899,-1.7410501,1781189084642
2079613076,3,10.552951,-1.794,-1.5990001,1781189084653
2079613086,3,10.10295,-1.7010001,-1.4130001,1781189084663
2079613096,3,9.684,-1.69305,-1.23105,1781189084674
2079613106,3,9.375,-1.6860001,-1.0870501,1781189084682
2079613116,3,9.16005,-1.7050501,-1.0180501,1781189084694
2079613126,3,8.96805,-1.761,-1.02705,1781189084702
2079613136,3,8.75805,-1.79595,-1.1040001,1781189084713
2079613146,3,8.51295,-1.7989501,-1.21605,1781189084723
2079613156,3,8.23305,-1.794,-1.353,1781189084734
2079613167,3,7.9990506,-1.8010501,-1.51995,1781189084744
2079613177,3,7.8520503,-1.7890501,-1.623,1781189084753
2079613187,3,7.7779503,-1.7839501,-1.6470001,1781189084763
2079613197,3,7.7110505,-1.81305,-1.59195,1781189084774
2079613207,3,7.7089505,-1.8829501,-1.5130501,1781189084783
2079613217,3,7.872,-1.9279501,-1.44105,1781189084794
2079613227,3,8.226001,-2.01195,-1.4130001,1781189084805
2079613237,3,8.575951,-2.1030002,-1.4490001,1781189084813
2079613247,3,8.868,-2.1769502,-1.473,1781189084824
2079613257,3,8.985001,-2.1390002,-1.4940001,1781189084835
2079613267,3,8.86305,-2.022,-1.3909501,1781189084844
2079613277,3,8.667001,-1.8400501,-1.1899501,1781189084855
2079613287,3,8.406,-1.6459501,-1.0009501,1781189084863
2079613298,3,8.202001,-1.4779501,-0.78300005,1781189084875
2079613308,3,8.08695,-1.34595,-0.48900002,1781189084883
2079613318,3,8.097,-1.2750001,-0.26595002,1781189084895
2079613328,3,8.17305,-1.2430501,-0.055050004,1781189084905
2079613338,3,8.266951,-1.2409501,0.066,1781189084915
2079613348,3,8.3550005,-1.2529501,0.10695001,1781189084924
2079613358,3,8.458051,-1.2529501,0.087000005,1781189084934
2079613368,3,8.443951,-1.22895,0.03195,1781189084945
2079613378,3,8.4529505,-1.2100501,0.00405,1781189084954
2079613388,3,8.44095,-1.212,-0.04095,1781189084964
2079613398,3,8.437051,-1.2,-0.060000002,1781189084975
2079613408,3,8.37195,-1.2409501,-0.048,1781189084986
2079613418,3,8.262,-1.24605,-0.024,1781189084996
2079613429,3,8.24505,-1.26495,0.00405,1781189085005
2079613439,3,8.2879505,-1.27695,0.054,1781189085016
2079613449,3,8.38395,-1.31295,0.08505,1781189085024
2079613459,3,8.58495,-1.3770001,0.08505,1781189085035
2079613469,3,8.93505,-1.5000001,0.034950003,1781189085047
2079613479,3,9.27495,-1.6309501,-0.064950004,1781189085056
2079613489,3,9.415951,-1.7410501,-0.23505001,1781189085067
2079613499,3,9.471001,-1.81605,-0.40005,1781189085077
2079613509,3,9.535951,-1.8079501,-0.55095005,1781189085086
2079613519,3,9.688951,-1.7509501,-0.62505,1781189085097
2079613529,3,9.885,-1.69095,-0.70605004,1781189085105
2079613539,3,10.12905,-1.69305,-0.73800004,1781189085117
2079613549,3,10.363951,-1.6890001,-0.795,1781189085126
2079613559,3,10.699051,-1.72695,-0.83100003,1781189085135
2079613570,3,11.443951,-1.8079501,-0.91995007,1781189085145
2079613580,3,12.591001,-2.01405,-1.113,1781189085157
2079613590,3,13.684951,-2.2009501,-1.47,1781189085166
2079613600,3,14.367001,-2.2800002,-1.7910001,1781189085176
2079613610,3,14.392951,-2.25105,-1.9150501,1781189085188
2079613620,3,13.548,-2.0380502,-1.6860001,1781189085198
2079613630,3,12.406051,-1.6699501,-1.14195,1781189085206
2079613640,3,11.161051,-1.32,-0.52005005,1781189085216
2079613650,3,9.909,-1.06605,0.016050002,1781189085227
2079613660,3,8.904,-0.90300006,0.48000002,1781189085236
2079613670,3,8.158951,-0.82005006,0.77505004,1781189085248
2079613680,3,7.6990504,-0.84405005,0.93000007,1781189085257
2079613690,3,7.5870004,-0.95595,0.94905007,1781189085266
2079613701,3,7.7470503,-1.18095,0.85395,1781189085277
2079613711,3,8.0779505,-1.50195,0.60705,1781189085288
2079613721,3,8.38395,-1.7839501,0.32700002,1781189085297
2079613731,3,8.677951,-2.0770502,0.018000001,1781189085306
2079613741,3,8.89605,-2.28705,-0.28005,1781189085317
2079613751,3,8.95905,-2.3689501,-0.58395004,1781189085327
2079613761,3,8.88,-2.3419502,-0.76095,1781189085337
2079613771,3,8.688001,-2.28195,-0.83295006,1781189085347
2079613781,3,8.511001,-2.22705,-0.88395005,1781189085357
2079613791,3,8.394,-2.1340501,-0.9889501,1781189085368
2079613801,3,8.39805,-2.0740502,-1.113,1781189085377
2079613811,3,8.48505,-1.9950001,-1.212,1781189085387
2079613821,3,8.55405,-1.9350001,-1.28805,1781189085399
2079613832,3,8.602051,-1.8970501,-1.2739501,1781189085407
2079613842,3,8.592,-1.8280501,-1.2430501,1781189085419
2079613852,3,8.53005,-1.761,-1.1010001,1781189085428
2079613862,3,8.36505,-1.61205,-1.0200001,1781189085439
2079613872,3,8.21595,-1.43505,-0.94305,1781189085449
2079613882,3,8.134951,-1.2889501,-0.97905004,1781189085459
2079613892,3,8.02995,-1.1880001,-0.99600005,1781189085469
2079613902,3,8.034,-1.14495,-1.008,1781189085478
2079613912,3,8.05095,-1.12605,-1.06605,1781189085488
2079613922,3,8.06295,-1.0900501,-1.09695,1781189085498
2079613932,3,8.125051,-1.09305,-1.2280501,1781189085509
2079613942,3,8.191951,-1.1380501,-1.38405,1781189085520
2079613952,3,8.226001,-1.14495,-1.4680501,1781189085528
2079613963,3,8.24295,-1.19805,-1.4680501,1781189085540
2079613973,3,8.23995,-1.2030001,-1.4580001,1781189085550
2079613983,3,8.23095,-1.2049501,-1.422,1781189085560
2079613993,3,8.21595,-1.18605,-1.33605,1781189085570
2079614003,3,8.21895,-1.1689501,-1.26405,1781189085579
2079614013,3,8.214001,-1.1520001,-1.14495,1781189085589
2079614023,3,8.21895,-1.12605,-1.0510501,1781189085600
2079614033,3,8.22105,-1.095,-0.9289501,1781189085609
2079614043,3,8.18805,-1.095,-0.79995006,1781189085620
2079614053,3,8.146951,-1.047,-0.70605004,1781189085631
2079614063,3,8.23305,-1.0519501,-0.68505,1781189085641
2079614073,3,8.41005,-1.0710001,-0.73800004,1781189085651
2079614083,3,8.58495,-1.1190001,-0.79305005,1781189085660
2079614093,3,8.769,-1.2030001,-0.91200006,1781189085671
2079614104,3,8.97105,-1.27695,-1.0680001,1781189085681
2079614114,3,9.196051,-1.3270501,-1.1730001,1781189085691
2079614124,3,9.460951,-1.416,-1.30005,1781189085701
2079614134,3,9.76095,-1.485,-1.40295,1781189085711
2079614144,3,10.066951,-1.5790501,-1.4629501,1781189085720
2079614154,3,10.309051,-1.64295,-1.5160501,1781189085730
2079614164,3,10.483951,-1.69095,-1.57305,1781189085742
2079614174,3,10.693951,-1.69095,-1.623,1781189085750
2079614184,3,10.861951,-1.7200501,-1.6660501,1781189085762
2079614194,3,11.269051,-1.8010501,-1.7550001,1781189085771
2079614204,3,11.7619505,-2.0410502,-1.9369501,1781189085782
2079614214,3,12.22395,-2.3040001,-2.0329502,1781189085791
2079614224,3,12.454051,-2.5429502,-2.02605,1781189085801
2079614235,3,12.40095,-2.637,-1.8049501,1781189085812
2079614245,3,12.1050005,-2.5510502,-1.41495,1781189085822
2079614255,3,11.689951,-2.4049501,-1.0129501,1781189085832
2079614265,3,11.22105,-2.24895,-0.71805006,1781189085841
2079614275,3,10.74495,-2.05995,-0.55095005,1781189085852
2079614285,3,10.359,-1.9260001,-0.51705,1781189085861
2079614295,3,10.009951,-1.8540001,-0.50805,1781189085872
2079614305,3,9.75105,-1.8229501,-0.47400004,1781189085882
2079614315,3,9.574051,-1.8280501,-0.51195,1781189085891
2079614325,3,9.387,-1.8319501,-0.47700003,1781189085902
2079614335,3,9.21195,-1.8319501,-0.51000005,1781189085912
2079614345,3,9.00405,-1.84905,-0.62505,1781189085923
2079614355,3,8.776951,-1.7839501,-0.69405,1781189085933
2079614366,3,8.575951,-1.6459501,-0.81900007,1781189085943
2079614376,3,8.451,-1.6699501,-0.92700005,1781189085953
2079614386,3,8.335951,-1.81095,-1.1689501,1781189085963
2079614396,3,8.281051,-1.8349501,-1.2930001,1781189085973
2079614406,3,8.2570505,-1.866,-1.3480501,1781189085983
2079614416,3,8.226001,-1.9039501,-1.38195,1781189085992
2079614426,3,8.31,-2.055,-1.401,1781189086002
2079614436,3,8.49705,-2.115,-1.5180001,1781189086013
2079614446,3,8.69505,-2.0689502,-1.59195,1781189086023
2079614456,3,8.82705,-1.9380001,-1.44105,1781189086033
2079614466,3,8.986951,-1.83,-1.3050001,1781189086042
2079614476,3,9.018001,-1.5880501,-1.07805,1781189086054
2079614486,3,8.949,-1.47105,-1.0339501,1781189086062
2079614496,3,8.7619505,-1.521,-0.90495,1781189086073
2079614507,3,8.592,-1.4950501,-0.85995007,1781189086082
2079614517,3,8.470051,-1.35405,-0.82395005,1781189086094
2079614527,3,8.439,-1.26705,-0.726,1781189086104
2079614537,3,8.451,-1.2790501,-0.66105,1781189086115
2079614547,3,8.4529505,-1.332,-0.57000005,1781189086123
2079614557,3,8.446051,-1.368,-0.51195,1781189086134
2079614567,3,8.443951,-1.41795,-0.43305,1781189086143
2079614577,3,8.49195,-1.4470501,-0.32805002,1781189086153
2079614587,3,8.54895,-1.488,-0.26805001,1781189086164
2079614597,3,8.563951,-1.4970001,-0.24000001,1781189086173
2079614607,3,8.523001,-1.4970001,-0.22995001,1781189086184
2079614617,3,8.467951,-1.485,-0.24195,1781189086195
2079614627,3,8.48205,-1.473,-0.28005,1781189086203
2079614638,3,8.535001,-1.4899501,-0.27105,1781189086215
2079614648,3,8.590051,-1.5000001,-0.30195,1781189086224
2079614658,3,8.619,-1.4950501,-0.333,1781189086234
2079614668,3,8.65905,-1.4970001,-0.34305,1781189086244
2079614678,3,8.797951,-1.524,-0.453,1781189086255
2079614688,3,8.99205,-1.6000501,-0.41205,1781189086264
2079614698,3,9.18105,-1.6789501,-0.37800002,1781189086274
2079614708,3,9.27705,-1.713,-0.40695003,1781189086284
2079614718,3,9.29895,-1.7560501,-0.41895002,1781189086294
2079614728,3,9.4140005,-1.87995,-0.558,1781189086305
2079614738,3,9.670051,-2.127,-0.72105,1781189086316
2079614748,3,9.98595,-2.35905,-0.96495,1781189086327
2079614758,3,10.27095,-2.53905,-1.1899501,1781189086336
2079614769,3,10.596001,-2.67,-1.33095,1781189086346
2079614779,3,10.92405,-2.7829502,-1.35,1781189086356
2079614789,3,11.22105,-2.8570502,-1.3270501,1781189086367
2079614799,3,11.500951,-2.8860002,-1.2070501,1781189086375
2079614809,3,11.844001,-2.8980002,-1.02195,1781189086387
2079614819,3,12.246,-2.90505,-0.84495,1781189086395
2079614829,3,12.552001,-2.8549502,-0.69000006,1781189086406
2079614839,3,12.65295,-2.8500001,-0.65595,1781189086416
2079614849,3,12.583051,-2.77605,-0.61095005,1781189086427
2079614859,3,12.279,-2.5410001,-0.52005005,1781189086435
2079614869,3,11.701951,-2.22495,-0.43800002,1781189086447
2079614879,3,10.989,-1.9399501,-0.29505002,1781189086455
2079614889,3,10.15305,-1.6530001,-0.10095,1781189086467
2079614900,3,9.24405,-1.38195,0.13800001,1781189086475
2079614910,3,8.39595,-1.14495,0.43500003,1781189086485
2079614920,3,7.6750503,-1.0159501,0.73905003,1781189086498
2079614930,3,7.1850004,-0.97800004,0.91800004,1781189086508
2079614940,3,6.9570003,-1.014,0.99000007,1781189086517
2079614950,3,6.9550505,-1.0830001,0.91605,1781189086526
2079614960,3,7.0260005,-1.19595,0.74595004,1781189086538
2079614970,3,7.0980005,-1.2889501,0.55200005,1781189086546
2079614980,3,7.2180004,-1.404,0.31995,1781189086556
2079614990,3,7.4479504,-1.47105,0.04695,1781189086567
2079615000,3,7.5990005,-1.521,-0.15795001,1781189086577
2079615010,3,7.7140503,-1.5330001,-0.32595003,1781189086586
2079615020,3,7.905,-1.626,-0.48600003,1781189086597
2079615030,3,8.106,-1.7149501,-0.63705003,1781189086608
2079615041,3,8.40795,-1.81605,-0.795,1781189086616
2079615051,3,8.75805,-1.8970501,-1.044,1781189086626
2079615061,3,9.097051,-1.9860001,-1.3219501,1781189086637
2079615071,3,9.31995,-2.01705,-1.5520501,1781189086647
2079615081,3,9.39,-2.043,-1.6570501,1781189086659
2079615091,3,9.29895,-1.9930501,-1.6110001,1781189086667
2079615101,3,9.13305,-1.8900001,-1.434,1781189086677
2079615111,3,8.908051,-1.7530501,-1.21395,1781189086687
2079615121,3,8.67405,-1.6500001,-1.0200001,1781189086698
2079615131,3,8.4199505,-1.5949501,-0.89805007,1781189086708
2079615141,3,8.20005,-1.557,-0.78105,1781189086718
2079615151,3,8.05395,-1.5139501,-0.75195,1781189086729
2079615161,3,8.001,-1.5259501,-0.78795004,1781189086738
2079615172,3,8.026951,-1.5090001,-0.90000004,1781189086748
2079615182,3,8.058001,-1.4760001,-1.0200001,1781189086758
2079615192,3,8.154,-1.45605,-1.18005,1781189086769
2079615202,3,8.238,-1.38495,-1.353,1781189086779
2079615212,3,8.27595,-1.30095,-1.422,1781189086788
2079615222,3,8.278951,-1.2240001,-1.3789501,1781189086799
2079615232,3,8.226001,-1.128,-1.21395,1781189086808
2079615242,3,8.166,-1.047,-0.95100003,1781189086818
2079615252,3,8.166,-1.0210501,-0.68505,1781189086830
2079615262,3,8.178,-1.023,-0.47400004,1781189086839
2079615272,3,8.226001,-0.99000007,-0.333,1781189086848
2079615282,3,8.281051,-0.98205006,-0.27105,1781189086860
2079615292,3,8.37705,-0.96300006,-0.30705002,1781189086870
2079615303,3,8.56095,-0.9580501,-0.40995002,1781189086878
2079615313,3,8.809951,-0.966,-0.63900006,1781189086890
2079615323,3,9.064051,-0.99405,-0.84000003,1781189086900
2079615333,3,9.303,-0.99195004,-1.03695,1781189086910
2079615343,3,9.526051,-0.99000007,-1.21395,1781189086919
2079615353,3,9.715051,-1.00905,-1.3620001,1781189086929
2079615363,3,9.84405,-0.96105003,-1.4460001,1781189086939
2079615373,3,9.913951,-0.93195003,-1.4940001,1781189086950
2079615383,3,9.946951,-0.93900007,-1.54005,1781189086960
2079615393,3,10.10295,-1.011,-1.6210501,1781189086970
2079615403,3,10.318951,-1.167,-1.7359501,1781189086980
2079615413,3,10.515,-1.35105,-1.8960001,1781189086990
2079615423,3,10.704,-1.521,-2.00895,1781189087001
2079615433,3,10.975051,-1.72695,-2.11695,1781189087009
2079615444,3,11.271001,-1.95,-2.229,1781189087019
2079615454,3,11.623051,-2.184,-2.31795,1781189087031
2079615464,3,11.965951,-2.421,-2.4019501,1781189087041
2079615474,3,12.184051,-2.5530002,-2.3460002,1781189087051
2079615484,3,12.283951,-2.5530002,-2.1409502,1781189087061
2079615494,3,12.31095,-2.46705,-1.9440001,1781189087070
2079615504,3,12.283951,-2.361,-1.7890501,1781189087081
2079615514,3,12.18105,-2.26305,-1.7740501,1781189087090
2079615524,3,12.033001,-2.19105,-1.8250501,1781189087101
2079615534,3,11.920051,-2.1750002,-1.9470001,1781189087111
2079615544,3,11.776951,-2.18895,-2.0329502,1781189087121
2079615554,3,11.568001,-2.1769502,-1.9920001,1781189087130
2079615564,3,11.26395,-2.1030002,-1.84395,1781189087141
2079615575,3,10.73805,-1.9759501,-1.5490501,1781189087151
2079615585,3,10.110001,-1.81095,-1.2,1781189087161
2079615595,3,9.435,-1.6819501,-0.8880001,1781189087171
2079615605,3,8.805,-1.5829501,-0.66105,1781189087182
2079615615,3,8.274,-1.5139501,-0.48405004,1781189087192
2079615625,3,7.8019505,-1.46595,-0.43605003,1781189087202
2079615635,3,7.5439506,-1.47105,-0.46005002,1781189087212
2079615645,3,7.3710003,-1.45605,-0.52395004,1781189087221
2079615655,3,7.3780503,-1.488,-0.58395004,1781189087231
2079615665,3,7.55805,-1.5979501,-0.67995006,1781189087241
2079615675,3,7.8960004,-1.8040501,-0.78495,1781189087252
2079615685,3,8.269051,-1.9950001,-0.90495,1781189087262
2079615695,3,8.607,-2.151,-1.06605,1781189087272
2079615706,3,8.89605,-2.22495,-1.2379501,1781189087282
2079615716,3,9.093,-2.2030501,-1.389,1781189087292
2079615726,3,9.069,-2.079,-1.38405,1781189087303
2079615736,3,8.88195,-1.88505,-1.28295,1781189087313
2079615746,3,8.54895,-1.6789501,-1.1329501,1781189087323
2079615756,3,8.278951,-1.5190501,-0.99600005,1781189087332
2079615766,3,8.03205,-1.3770001,-0.85005003,1781189087342
2079615776,3,7.8910503,-1.28205,-0.75195,1781189087353
2079615786,3,7.8550506,-1.2240001,-0.70395005,1781189087362
2079615796,3,8.06295,-1.2580501,-0.69900006,1781189087374
2079615806,3,8.27595,-1.33395,-0.73995006,1781189087384
2079615816,3,8.475,-1.3770001,-0.726,1781189087394
2079615826,3,8.56095,-1.4110501,-0.70395005,1781189087403
2079615837,3,8.578051,-1.416,-0.67800003,1781189087414
2079615847,3,8.52,-1.42095,-0.642,1781189087424
2079615857,3,8.48205,-1.416,-0.58395004,1781189087434
2079615867,3,8.51295,-1.4299501,-0.53595,1781189087444
2079615877,3,8.596951,-1.4610001,-0.48600003,1781189087454
2079615887,3,8.71395,-1.4800501,-0.44805002,1781189087463
2079615897,3,8.86305,-1.557,-0.45705003,1781189087473
2079615907,3,8.938951,-1.5619501,-0.43800002,1781189087484
2079615917,3,8.905951,-1.5160501,-0.39495003,1781189087494
2079615927,3,8.832001,-1.4640001,-0.36195,1781189087503
2079615937,3,8.88195,-1.42095,-0.28500003,1781189087513
2079615947,3,9.009001,-1.4440501,-0.26805001,1781189087523
2079615957,3,9.19095,-1.50195,-0.23505001,1781189087535
2079615967,3,9.43305,-1.5619501,-0.23505001,1781189087544
2079615978,3,9.744,-1.6650001,-0.24900001,1781189087554
2079615988,3,9.912001,-1.76505,-0.26595002,1781189087565
2079615998,3,10.074,-1.8010501,-0.30705002,1781189087575
2079616008,3,10.326,-1.8180001,-0.321,1781189087585
2079616018,3,10.660951,-1.87995,-0.34305,1781189087595
2079616028,3,11.014951,-1.9780501,-0.35700002,1781189087604
2079616038,3,11.455951,-2.0310001,-0.41700003,1781189087614
2079616048,3,11.81295,-2.12205,-0.582,1781189087624
2079616058,3,12.09,-2.1100502,-0.771,1781189087634
2079616068,3,12.4470005,-2.0959501,-0.91995007,1781189087645
2079616078,3,12.639001,-2.05995,-0.975,1781189087654
2079616088,3,12.592951,-2.0410502,-0.90300006,1781189087664
2079616098,3,12.427951,-1.9759501,-0.71595,1781189087674
2079616109,3,12.078001,-1.9020001,-0.48405004,1781189087685
2079616119,3,11.52795,-1.78005,-0.20805001,1781189087696
2079616129,3,10.752001,-1.61205,0.05595,1781189087705
2079616139,3,9.934951,-1.3939501,0.30495003,1781189087716
2079616149,3,8.974951,-1.212,0.47295,1781189087726
2079616159,3,8.085,-1.00395,0.648,1781189087738
2079616169,3,7.4290504,-0.88695,0.71205,1781189087746
2079616179,3,6.9979506,-0.85605,0.717,1781189087755
2079616189,3,6.8640003,-0.88905007,0.61905,1781189087766
2079616199,3,7.0189505,-1.00395,0.39195,1781189087775
2079616209,3,7.254,-1.1719501,0.15405001,1781189087786
2079616219,3,7.4790006,-1.30095,-0.08895,1781189087797
2079616229,3,7.7059503,-1.401,-0.31605002,1781189087805
2079616240,3,7.9410005,-1.5520501,-0.59400004,1781189087817
2079616250,3,8.166,-1.6669501,-0.864,1781189087827
2079616260,3,8.226001,-1.71,-1.0680001,1781189087837
2079616270,3,8.23305,-1.6980001,-1.18305,1781189087847
2079616280,3,8.35305,-1.69305,-1.33095,1781189087857
2079616290,3,8.53005,-1.7580001,-1.4970001,1781189087867
2079616300,3,8.82495,-1.81305,-1.7220001,1781189087878
2079616310,3,9.054001,-1.83,-1.8769501,1781189087888
2079616320,3,9.12405,-1.77495,-1.8100501,1781189087898
2079616330,3,9.13095,-1.76505,-1.6279501,1781189087906
2079616340,3,9.114,-1.7509501,-1.3789501,1781189087918
2079616350,3,9.093,-1.7989501,-1.0819501,1781189087926
2079616360,3,9.0709505,-1.761,-0.83805007,1781189087938
2079616370,3,9.01395,-1.7149501,-0.735,1781189087947
2079616381,3,8.88,-1.6099501,-0.702,1781189087956
2079616391,3,8.73795,-1.50705,-0.77595,1781189087966
2079616401,3,8.592,-1.38705,-0.975,1781189087976
2079616411,3,8.437051,-1.3099501,-1.2,1781189087986
2079616421,3,8.358001,-1.2550501,-1.401,1781189087997
2079616431,3,8.25195,-1.2240001,-1.48695,1781189088007
2079616441,3,8.13,-1.18095,-1.4650501,1781189088018
2079616451,3,8.034,-1.18605,-1.434,1781189088028
2079616461,3,7.97205,-1.19805,-1.30305,1781189088038
2079616471,3,7.9170003,-1.1719501,-1.161,1781189088048
2079616481,3,7.9030504,-1.12605,-1.04205,1781189088057
2079616491,3,7.9120502,-1.08105,-0.89595,1781189088068
2079616501,3,7.9410005,-1.03005,-0.74205005,1781189088079
2079616512,3,7.9290004,-0.9799501,-0.59895,1781189088087
2079616522,3,7.965,-0.91305006,-0.52395004,1781189088099
2079616532,3,8.17605,-0.90795004,-0.61095005,1781189088109
2079616542,3,8.443951,-0.91995007,-0.71400005,1781189088118
2079616552,3,8.73795,-0.99195004,-0.83805007,1781189088129
2079616562,3,9.02595,-1.0519501,-0.984,1781189088140
2079616572,3,9.294001,-1.1020501,-1.11105,1781189088148
2079616582,3,9.42105,-1.12395,-1.176,1781189088159
2079616592,3,9.44505,-1.11405,-1.197,1781189088168
2079616602,3,9.459001,-1.0690501,-1.1920501,1781189088181
2079616612,3,9.547951,-1.07295,-1.21395,1781189088189
2079616622,3,9.78705,-1.1550001,-1.2400501,1781189088200
2079616632,3,10.078951,-1.32,-1.3069501,1781189088210
2079616643,3,10.507951,-1.488,-1.42005,1781189088220
2079616653,3,10.93605,-1.69605,-1.60905,1781189088231
2079616663,3,11.290951,-1.87995,-1.7890501,1781189088239
2079616673,3,11.70495,-1.99995,-1.9200001,1781189088249
2079616683,3,12.1380005,-2.15595,-2.052,1781189088260
2079616693,3,12.552001,-2.3089502,-2.1670501,1781189088269
2079616703,3,12.792001,-2.4070501,-2.15295,1781189088279
2079616713,3,12.84405,-2.424,-1.9969501,1781189088289
2079616723,3,12.744,-2.3140502,-1.71,1781189088300
2079616733,3,12.598051,-2.1319501,-1.3410001,1781189088310
2079616743,3,12.3820505,-2.022,-0.95100003,1781189088319
2079616753,3,12.1380005,-1.9470001,-0.68505,1781189088331
2079616763,3,11.87205,-1.8750001,-0.62505,1781189088341
2079616774,3,11.523001,-1.7700001,-0.59205,1781189088350
2079616784,3,11.125051,-1.69305,-0.56505,1781189088361
2079616794,3,10.548,-1.7200501,-0.58395004,1781189088371
2079616804,3,9.871051,-1.677,-0.58905005,1781189088381
2079616814,3,9.14295,-1.5280501,-0.50805,1781189088391
2079616824,3,8.51805,-1.4110501,-0.43605003,1781189088401
2079616834,3,7.9840503,-1.3270501,-0.48105,1781189088411
2079616844,3,7.6060505,-1.2270001,-0.56805,1781189088420
2079616854,3,7.42605,-1.179,-0.61995006,1781189088431
2079616864,3,7.3900504,-1.2360001,-0.76095,1781189088440
2079616874,3,7.5100503,-1.3300501,-0.9670501,1781189088451
2079616884,3,7.8289504,-1.42305,-1.1590501,1781189088462
2079616894,3,8.236051,-1.557,-1.365,1781189088471
2079616904,3,8.559,-1.7010001,-1.4970001,1781189088482
2079616915,3,8.805,-1.7770501,-1.56105,1781189088492
2079616925,3,8.889001,-1.78005,-1.4490001,1781189088502
2079616935,3,8.889001,-1.7050501,-1.1920501,1781189088511
2079616945,3,8.80305,-1.6140001,-0.915,1781189088522
2079616955,3,8.65905,-1.473,-0.76095,1781189088532
2079616965,3,8.455951,-1.332,-0.67800003,1781189088542
2079616975,3,8.24295,-1.1839501,-0.68505,1781189088551
2079616985,3,7.9600506,-1.03695,-0.73800004,1781189088562
2079616995,3,7.7059503,-0.96795005,-0.69195,1781189088572
2079617005,3,7.4890504,-0.94395006,-0.62700003,1781189088582
2079617015,3,7.31895,-0.96105003,-0.522,1781189088592
2079617025,3,7.1920505,-0.95595,-0.38295,1781189088603
2079617035,3,7.1650505,-0.99405,-0.24405001,1781189088612
2079617046,3,7.2010503,-1.0489501,-0.08400001,1781189088623
2079617056,3,7.2949505,-1.0999501,0.078,1781189088633
2079617066,3,7.42605,-1.1839501,0.17805001,1781189088643
2079617076,3,7.6540504,-1.3369501,0.20700002,1781189088653
2079617086,3,7.9960504,-1.41795,0.22200002,1781189088662
2079617096,3,8.31495,-1.4970001,0.16905001,1781189088672
2079617106,3,8.64,-1.62405,0.07095,1781189088682
2079617116,3,8.920051,-1.69305,-0.064950004,1781189088693
2079617126,3,9.076051,-1.7050501,-0.19905001,1781189088703
2079617136,3,9.283951,-1.69305,-0.29700002,1781189088712
2079617146,3,9.50205,-1.6840501,-0.381,1781189088722
2079617156,3,9.648001,-1.62195,-0.42405003,1781189088735
2079617166,3,9.79695,-1.55505,-0.47700003,1781189088743
2079617177,3,9.993,-1.50195,-0.50505,1781189088752
2079617187,3,10.186951,-1.4610001,-0.56805,1781189088764
2079617197,3,10.311001,-1.4800501,-0.61800003,1781189088773
2079617207,3,10.387951,-1.4830501,-0.69000006,1781189088784
2079617217,3,10.41405,-1.4779501,-0.73005,1781189088794
2079617227,3,10.5390005,-1.5000001,-0.82095003,1781189088803
2079617237,3,10.717951,-1.5139501,-0.93600005,1781189088814
2079617247,3,10.957951,-1.54005,-1.09695,1781189088824
2079617257,3,11.2879505,-1.6189501,-1.28295,1781189088834
2079617267,3,11.71395,-1.7509501,-1.473,1781189088844
2079617277,3,12.150001,-1.8919501,-1.6690501,1781189088855
2079617287,3,12.39,-1.9470001,-1.7190001,1781189088864
2079617297,3,12.403951,-1.9519501,-1.6470001,1781189088875
2079617307,3,12.226951,-1.8520501,-1.4440501,1781189088885
2079617318,3,11.83905,-1.725,-1.164,1781189088894
2079617328,3,11.347951,-1.5619501,-0.85200006,1781189088905
2079617338,3,11.038951,-1.4610001,-0.58695,1781189088915
2079617348,3,10.816951,-1.42305,-0.44805002,1781189088925
2079617358,3,10.35,-1.43295,-0.27105,1781189088934
2079617368,3,9.74205,-1.401,-0.10095,1781189088945
2079617378,3,9.186001,-1.3440001,0.066,1781189088956
2079617388,3,8.767051,-1.31505,0.20505,1781189088965
2079617398,3,8.415,-1.31295,0.35295,1781189088974
2079617408,3,8.109,-1.3099501,0.42705002,1781189088984
2079617418,3,7.8600006,-1.2940501,0.50895,1781189088994
2079617428,3,7.6420503,-1.2940501,0.55005,1781189089006
2079617438,3,7.45695,-1.30095,0.52605003,1781189089016
2079617449,3,7.3399506,-1.3420501,0.44205,1781189089026
2079617459,3,7.32105,-1.43505,0.279,1781189089034
2079617469,3,7.3830004,-1.5499501,0.075,1781189089046
2079617479,3,7.60305,-1.6650001,-0.15795001,1781189089056
2079617489,3,7.8739505,-1.7680501,-0.43095002,1781189089065
2079617499,3,8.214001,-1.899,-0.71400005,1781189089075
2079617509,3,8.647051,-2.1030002,-0.95295006,1781189089085
2079617519,3,8.99505,-2.29905,-1.197,1781189089097
2079617529,3,9.258,-2.4739501,-1.35,1781189089105
2079617539,3,9.30795,-2.496,-1.40295,1781189089117
2079617549,3,9.093,-2.4090002,-1.33605,1781189089125
2079617559,3,8.752951,-2.2440002,-1.245,1781189089136
2079617569,3,8.439,-2.0310001,-1.164,1781189089148
2079617580,3,8.089951,-1.8349501,-1.0680001,1781189089155
2079617590,3,7.6969504,-1.6789501,-0.99405,1781189089167
2079617600,3,7.3639503,-1.5120001,-0.91995007,1781189089177
2079617610,3,7.1029506,-1.38705,-0.864,1781189089187
2079617620,3,6.912,-1.30305,-0.80895007,1781189089198
2079617630,3,6.7990503,-1.2580501,-0.84495,1781189089208
2079617640,3,6.7780504,-1.212,-0.79995006,1781189089218
2079617650,3,6.8610005,-1.21695,-0.91995007,1781189089226
2079617660,3,7.0650005,-1.2390001,-1.0510501,1781189089237
2079617670,3,7.3570504,-1.3270501,-1.233,1781189089247
2079617680,3,7.6009502,-1.38495,-1.3939501,1781189089258
2079617690,3,7.7850003,-1.3440001,-1.45305,1781189089266
2079617700,3,7.9120502,-1.212,-1.3960501,1781189089277
2079617711,3,7.9410005,-1.0570501,-1.2550501,1781189089286
2079617721,3,7.9150505,-0.90300006,-1.06305,1781189089297
2079617731,3,8.025001,-0.83205,-0.90000004,1781189089306
2079617741,3,8.238,-0.85095006,-0.91200006,1781189089317
2079617751,3,8.652,-0.87705004,-1.0510501,1781189089326
2079617761,3,9.14805,-0.91995007,-1.2589501,1781189089337
2079617771,3,9.595051,-1.0180501,-1.4130001,1781189089347
2079617781,3,10.101001,-1.07595,-1.4320501,1781189089358
2079617791,3,10.78995,-1.116,-1.2930001,1781189089368
2079617801,3,11.37195,-1.15695,-1.0030501,1781189089377
2079617811,3,11.68095,-1.2409501,-0.77805007,1781189089387
2079617821,3,11.710051,-1.5090001,-0.79995006,1781189089397
2079617831,3,11.736001,-1.7920501,-1.0510501,1781189089407
2079617841,3,11.841001,-2.043,-1.45605,1781189089419
2079617852,3,11.925,-2.2350001,-1.8870001,1781189089428
2079617862,3,12.133051,-2.5150502,-2.3080502,1781189089438
2079617872,3,12.459001,-2.77095,-2.59095,1781189089449
2079617882,3,12.876,-3.0220501,-2.703,1781189089458
2079617892,3,13.231951,-3.252,-2.667,1781189089468
2079617902,3,13.347001,-3.3739502,-2.43705,1781189089479
2079617912,3,13.27095,-3.3379502,-2.0970001,1781189089490
2079617922,3,12.997951,-3.1660502,-1.7689501,1781189089500
2079617932,3,12.48795,-2.86695,-1.57305,1781189089508
2079617942,3,11.7960005,-2.5870502,-1.47,1781189089518
2079617952,3,10.93395,-2.2369502,-1.3909501,1781189089530
2079617962,3,10.038,-1.8589501,-1.281,1781189089539
2079617972,3,9.25605,-1.54305,-1.116,1781189089550
2079617983,3,8.75805,-1.38705,-0.96000004,1781189089560
2079617993,3,8.47995,-1.33905,-0.726,1781189089568
2079618003,3,8.4529505,-1.46595,-0.52395004,1781189089579
2079618013,3,8.53995,-1.7220001,-0.381,1781189089589
2079618023,3,8.623051,-1.9860001,-0.31095,1781189089598
2079618033,3,8.65695,-2.15295,-0.34695002,1781189089608
2079618043,3,8.623051,-2.223,-0.45000002,1781189089618
2079618053,3,8.568001,-2.22,-0.63705003,1781189089630
2079618063,3,8.51805,-2.184,-0.84300005,1781189089640
2079618073,3,8.563951,-2.223,-1.1730001,1781189089649
2079618083,3,8.700001,-2.259,-1.4100001,1781189089660
2079618093,3,8.875051,-2.26305,-1.64505,1781189089670
2079618103,3,9.03495,-2.3400002,-1.67595,1781189089680
2079618114,3,9.13095,-2.35905,-1.6210501,1781189089690
2079618124,3,9.088051,-2.3500502,-1.48905,1781189089699
2079618134,3,8.99505,-2.256,-1.30305,1781189089709
2079618144,3,8.88195,-2.124,-1.09905,1781189089720
2079618154,3,8.736,-1.9980001,-0.93900007,1781189089730
2079618164,3,8.590051,-1.8280501,-0.78300005,1781189089739
2079618174,3,8.3890505,-1.6459501,-0.63900006,1781189089751
2079618184,3,8.146951,-1.4779501,-0.52395004,1781189089759
2079618194,3,7.872,-1.3060501,-0.43605003,1781189089771
2079618204,3,7.6110005,-1.16205,-0.27795002,1781189089781
2079618214,3,7.419,-1.0159501,-0.15105,1781189089791
2079618224,3,7.2319503,-0.91095006,-0.060000002,1781189089800
2079618234,3,7.02405,-0.87900007,0.034950003,1781189089810
2079618244,3,6.885,-0.846,0.17595,1781189089821
2079618255,3,6.8899503,-0.81495005,0.34800002,1781189089831
2079618265,3,7.0000505,-0.79095006,0.55905,1781189089841
2079618275,3,7.1389503,-0.85095006,0.70305,1781189089850
2079618285,3,7.2970505,-0.90105003,0.75105006,1781189089861
2079618295,3,7.5079503,-0.975,0.669,1781189089871
2079618305,3,7.79505,-0.975,0.53505003,1781189089882
2079618315,3,8.133,-1.011,0.37005,1781189089892
2079618325,3,8.476951,-1.0489501,0.17595,1781189089903
2079618335,3,8.793,-1.09695,-0.010050001,1781189089912
2079618345,3,8.99205,-1.12605,-0.15105,1781189089921
2079618355,3,9.12405,-1.1520001,-0.22305001,1781189089933
2079618365,3,9.282001,-1.19295,-0.273,1781189089942
2079618375,3,9.580951,-1.2750001,-0.34695002,1781189089951
2079618386,3,9.99495,-1.416,-0.44295,1781189089962
2079618396,3,10.44495,-1.605,-0.59895,1781189089973
2079618406,3,10.852051,-1.8319501,-0.80205005,1781189089982
2079618416,3,11.182951,-2.01195,-0.98700005,1781189089993
2079618426,3,11.37405,-2.1700501,-1.1659501,1781189090003
2079618436,3,11.431951,-2.25405,-1.3549501,1781189090012
2079618446,3,11.628,-2.26305,-1.54005,1781189090023
2079618456,3,12.030001,-2.3470502,-1.7479501,1781189090033
2079618466,3,12.4129505,-2.4379501,-1.932,1781189090042
2079618476,3,12.588,-2.469,-2.052,1781189090053
2079618486,3,12.7890005,-2.43105,-2.1000001,1781189090063
2079618496,3,12.718051,-2.28705,-2.0329502,1781189090072
2079618506,3,12.246,-2.043,-1.7500501,1781189090082
2079618517,3,11.458051,-1.7629501,-1.3219501,1781189090093
2079618527,3,10.663051,-1.45395,-0.83295006,1781189090103
2079618537,3,9.865951,-1.1880001,-0.41205,1781189090113
2079618547,3,9.078,-0.94695,-0.04605,1781189090124
2079618557,3,8.44905,-0.74805003,0.25305,1781189090134
2079618567,3,8.06805,-0.63795,0.39405003,1781189090143
2079618577,3,7.9600506,-0.64995,0.47505003,1781189090153
2079618587,3,7.9360504,-0.73305005,0.45105,1781189090164
2079618597,3,7.9990506,-0.87000006,0.39900002,1781189090173
2079618607,3,8.03205,-1.0020001,0.30105,1781189090183
2079618617,3,7.97205,-1.07295,0.27705002,1781189090195
2079618627,3,7.8930006,-1.1190001,0.21900001,1781189090205
2079618637,3,7.8600006,-1.19805,0.16395001,1781189090215
2079618648,3,7.8480005,-1.27005,0.06795,1781189090225
2079618658,3,7.9270506,-1.42095,-0.064950004,1781189090234
2079618668,3,8.10105,-1.5880501,-0.26805001,1781189090245
2079618678,3,8.305051,-1.7869501,-0.46905002,1781189090255
2079618688,3,8.49405,-1.96395,-0.69000006,1781189090264
2079618698,3,8.623051,-2.1079502,-0.91200006,1781189090274
2079618708,3,8.602051,-2.18895,-1.05795,1781189090284
2079618718,3,8.463,-2.1649501,-1.125,1781189090295
2079618728,3,8.283,-2.0770502,-1.1520001,1781189090306
2079618738,3,8.049001,-1.9279501,-1.11105,1781189090314
2079618748,3,7.7449503,-1.7580001,-1.07505,1781189090326
2079618758,3,7.4449506,-1.5810001,-1.0200001,1781189090334
2079618768,3,7.2439504,-1.4470501,-0.98700005,1781189090346
2079618778,3,7.1290503,-1.3440001,-0.9990001,1781189090356
2079618789,3,7.0579505,-1.3249501,-1.0680001,1781189090367
2079618799,3,7.1080503,-1.3249501,-1.1329501,1781189090376
2079618809,3,7.287,-1.3800001,-1.3120501,1781189090387
2079618819,3,7.5319505,-1.3990501,-1.4680501,1781189090396
2079618829,3,7.7970004,-1.42305,-1.5990001,1781189090405
2079618839,3,8.0460005,-1.36995,-1.65495,1781189090415
2079618849,3,8.20005,-1.30095,-1.64505,1781189090427
2079618859,3,8.254951,-1.2030001,-1.48905,1781189090436
2079618869,3,8.248051,-1.107,-1.2760501,1781189090445
2079618879,3,8.286,-1.0180501,-0.99405,1781189090455
2079618889,3,8.415,-0.98505,-0.80205005,1781189090465
2079618899,3,8.608951,-1.011,-0.666,1781189090476
2079618909,3,8.949,-1.15005,-0.58905005,1781189090488
2079618920,3,9.366,-1.4110501,-0.61800003,1781189090496
2079618930,3,9.75105,-1.6530001,-0.70905006,1781189090506
2079618940,3,10.081051,-1.8540001,-0.84795004,1781189090516
2079618950,3,10.43805,-1.9620001,-0.95100003,1781189090526
2079618960,3,10.812,-2.05995,-1.092,1781189090536
2079618970,3,11.11305,-2.08605,-1.176,1781189090548
2079618980,3,11.35995,-2.09805,-1.26705,1781189090556
2079618990,3,11.547001,-2.08905,-1.269,1781189090568
2079619000,3,11.590051,-2.1390002,-1.3770001,1781189090577
2079619010,3,11.547001,-2.124,-1.4320501,1781189090588
2079619020,3,11.494051,-2.06205,-1.48695,1781189090598
2079619030,3,11.748,-2.1049502,-1.63995,1781189090607
2079619040,3,12.21195,-2.2780502,-1.983,1781189090616
2079619051,3,12.691051,-2.5410001,-2.29605,1781189090627
2079619061,3,13.093051,-2.7210002,-2.56905,1781189090638
2079619071,3,13.345051,-2.742,-2.70795,1781189090646
2079619081,3,13.311001,-2.59905,-2.70795,1781189090657
2079619091,3,12.99495,-2.3710501,-2.562,1781189090667
2079619101,3,12.399,-2.1649501,-2.36805,1781189090676
2079619111,3,11.66895,-1.9759501,-2.12595,1781189090687
2079619121,3,10.884001,-1.7560501,-1.9150501,1781189090697
2079619131,3,10.1650505,-1.5810001,-1.6470001,1781189090708
2079619141,3,9.61005,-1.4800501,-1.365,1781189090719
2079619151,3,9.19305,-1.4640001,-1.128,1781189090728
2079619161,3,8.905951,-1.473,-0.97200006,1781189090738
2079619171,3,8.710051,-1.5469501,-0.86700004,1781189090747
2079619181,3,8.5990505,-1.6380001,-0.78795004,1781189090758
2079619192,3,8.458051,-1.7370001,-0.69705003,1781189090769
2079619202,3,8.382,-1.8750001,-0.68700004,1781189090779
2079619212,3,8.274,-1.99995,-0.771,1781189090788
2079619222,3,8.169001,-2.05305,-0.86700004,1781189090799
2079619232,3,8.11305,-2.09805,-1.00995,1781189090808
2079619242,3,8.14005,-2.1340501,-1.128,1781189090819
2079619252,3,8.298,-2.124,-1.233,1781189090828
2079619262,3,8.53995,-2.1390002,-1.31895,1781189090839
2079619272,3,8.797951,-2.151,-1.31895,1781189090848
2079619282,3,8.938951,-2.12205,-1.269,1781189090858
2079619292,3,8.953951,-2.06205,-1.1880001,1781189090870
2079619302,3,8.899051,-1.9570501,-1.07505,1781189090880
2079619312,3,8.69295,-1.8250501,-0.9480001,1781189090890
2079619323,3,8.46105,-1.69305,-0.83595,1781189090900
2079619333,3,8.19495,-1.521,-0.69195,1781189090910
2079619343,3,7.9579506,-1.3300501,-0.58005005,1781189090919
2079619353,3,7.7299504,-1.16205,-0.47400004,1781189090930
2079619363,3,7.5529504,-1.00395,-0.35895002,1781189090940
2079619373,3,7.4479504,-0.94695,-0.261,1781189090950
2079619383,3,7.359,-0.92295,-0.192,1781189090960
2079619393,3,7.3879504,-0.966,-0.13695,1781189090970
2079619403,3,7.3830004,-0.98505,-0.02205,1781189090980
2079619413,3,7.3999505,-1.03695,0.08295,1781189090990
2079619423,3,7.4449506,-1.0690501,0.21900001,1781189091000
2079619433,3,7.4770503,-1.0710001,0.32205,1781189091009
2079619443,3,7.5750003,-1.1050501,0.351,1781189091021
2079619454,3,7.7089505,-1.19595,0.30495003,1781189091031
2079619464,3,7.9480505,-1.2529501,0.24795002,1781189091041
2079619474,3,8.298,-1.30095,0.162,1781189091051
2079619484,3,8.676001,-1.38705,-0.010050001,1781189091061
2079619494,3,8.944051,-1.452,-0.156,1781189091071
2079619504,3,9.18795,-1.4470501,-0.28695002,1781189091080
2079619514,3,9.351001,-1.38195,-0.321,1781189091090
2079619524,3,9.4470005,-1.2910501,-0.29895002,1781189091101
2079619534,3,9.63105,-1.21905,-0.28695002,1781189091111
2079619544,3,9.93105,-1.23405,-0.28005,1781189091122
2079619554,3,10.266001,-1.3219501,-0.32805002,1781189091130
2079619564,3,10.55595,-1.4680501,-0.381,1781189091141
2079619574,3,10.87905,-1.5790501,-0.48600003,1781189091151
2079619584,3,11.152051,-1.71,-0.64905006,1781189091161
2079619595,3,11.41005,-1.8589501,-0.83805007,1781189091171
2079619605,3,11.733001,-2.0310001,-1.03005,1781189091183
2079619615,3,12.253051,-2.2350001,-1.3240501,1781189091192
2079619625,3,12.744,-2.4049501,-1.6710001,1781189091202
2079619635,3,13.321051,-2.60805,-2.06205,1781189091211
2079619645,3,13.6060505,-2.73705,-2.42505,1781189091221
2079619655,3,13.338,-2.6460001,-2.5399501,1781189091232
2079619665,3,12.375001,-2.26305,-2.289,1781189091241
2079619675,3,11.128051,-1.7680501,-1.7340001,1781189091251
2079619685,3,10.078951,-1.35105,-1.0870501,1781189091261
2079619695,3,9.184051,-1.0849501,-0.51705,1781189091272
2079619705,3,8.455951,-0.93000007,-0.04605,1781189091281
2079619715,3,7.9200006,-0.846,0.24495001,1781189091291
2079619726,3,7.7500505,-0.88695,0.36795002,1781189091303
2079619736,3,7.7760005,-1.0350001,0.42495003,1781189091313
2079619746,3,7.8600006,-1.12605,0.37005,1781189091323
2079619756,3,7.9750504,-1.284,0.29595003,1781189091333
2079619766,3,8.001,-1.38495,0.19500001,1781189091342
2079619776,3,7.9099503,-1.42095,0.11400001,1781189091353
2079619786,3,7.80705,-1.4419501,0.064050004,1781189091362
2079619796,3,7.6870503,-1.5280501,-0.055050004,1781189091373
2079619806,3,7.6180506,-1.5790501,-0.16995001,1781189091382
2079619816,3,7.6590004,-1.6360501,-0.29895002,1781189091394
2079619826,3,7.8360004,-1.72695,-0.46695003,1781189091403
2079619836,3,8.06595,-1.8730501,-0.66300005,1781189091414
2079619846,3,8.274,-1.99995,-0.855,1781189091423
2079619857,3,8.40795,-2.08905,-1.0200001,1781189091434
2079619867,3,8.44905,-2.11695,-1.164,1781189091444
2079619877,3,8.38605,-2.0650501,-1.233,1781189091454
2079619887,3,8.20395,-1.9399501,-1.281,1781189091464
2079619897,3,7.9600506,-1.7560501,-1.2570001,1781189091474
2079619907,3,7.6990504,-1.5790501,-1.2210001,1781189091484
2079619917,3,7.48605,-1.416,-1.14495,1781189091494
2079619927,3,7.3159504,-1.2600001,-1.1040001,1781189091504
2079619937,3,7.26105,-1.15995,-1.08,1781189091514
2079619947,3,7.32105,-1.07595,-1.11105,1781189091523
2079619957,3,7.46505,-1.07805,-1.1730001,1781189091533
2079619967,3,7.6489506,-1.12605,-1.2739501,1781189091544
2079619977,3,7.80705,-1.15005,-1.3219501,1781189091555
2079619988,3,7.9750504,-1.14795,-1.33605,1781189091564
2079619998,3,8.149051,-1.1380501,-1.3120501,1781189091575
2079620008,3,8.266951,-1.1020501,-1.21905,1781189091585
2079620018,3,8.32695,-1.0879501,-1.1520001,1781189091595
2079620028,3,8.35995,-1.1209501,-1.08,1781189091605
2079620038,3,8.40795,-1.1190001,-0.96000004,1781189091615
2079620048,3,8.499001,-1.1190001,-0.82095003,1781189091625
2079620058,3,8.68995,-1.164,-0.68205005,1781189091634
2079620068,3,8.92695,-1.2600001,-0.57495004,1781189091645
2079620078,3,9.17205,-1.34595,-0.55605,1781189091655
2079620088,3,9.399,-1.4470501,-0.62505,1781189091664
2079620098,3,9.62895,-1.5000001,-0.63195,1781189091674
2079620108,3,9.957001,-1.45905,-0.68205005,1781189091686
2079620118,3,10.24905,-1.5090001,-0.771,1781189091694
2079620129,3,10.57905,-1.5949501,-0.83805007,1781189091705
2079620139,3,10.76895,-1.65495,-1.0320001,1781189091716
2079620149,3,10.929001,-1.7530501,-1.23105,1781189091726
2079620159,3,11.037001,-1.84695,-1.4580001,1781189091737
2079620169,3,11.179951,-1.9230001,-1.6900501,1781189091747
2079620179,3,11.475,-2.01195,-1.7550001,1781189091757
2079620189,3,12.0060005,-2.124,-1.9009501,1781189091768
2079620199,3,12.648001,-2.4430501,-2.2150502,1781189091775
2079620209,3,13.363951,-2.8210502,-2.53305,1781189091787
2079620219,3,13.981951,-3.0030003,-2.7630002,1781189091797
2079620229,3,14.305051,-3.0220501,-2.811,1781189091807
2079620239,3,14.194951,-2.8860002,-2.73,1781189091815
2079620249,3,13.692,-2.673,-2.5570502,1781189091827
2079620260,3,12.957001,-2.4070501,-2.29395,1781189091837
2079620270,3,12.078001,-2.151,-2.0299501,1781189091847
2079620280,3,11.142,-1.87995,-1.72905,1781189091857
2079620290,3,10.33005,-1.6789501,-1.437,1781189091867
2079620300,3,9.636001,-1.57605,-1.1040001,1781189091878
2079620310,3,9.13305,-1.5280501,-0.78795004,1781189091886
2079620320,3,8.83695,-1.593,-0.48900002,1781189091898
2079620330,3,8.5990505,-1.725,-0.24000001,1781189091908
2079620340,3,8.3890505,-1.8520501,-0.12195001,1781189091916
2079620350,3,8.2879505,-1.9980001,-0.097950004,1781189091926
2079620360,3,8.20695,-2.15805,-0.22500001,1781189091938
2079620370,3,8.16405,-2.259,-0.54405004,1781189091948
2079620380,3,8.21895,-2.29395,-0.91995007,1781189091958
2079620391,3,8.2879505,-2.352,-1.2360001,1781189091966
2079620401,3,8.3890505,-2.352,-1.4970001,1781189091978
2079620411,3,8.439,-2.3470502,-1.63995,1781189091987
2079620421,3,8.523001,-2.328,-1.6570501,1781189091997
2079620431,3,8.635051,-2.3140502,-1.56105,1781189092007
2079620441,3,8.797951,-2.3110502,-1.45305,1781189092018
2079620451,3,8.949,-2.2729502,-1.3960501,1781189092029
2079620461,3,9.02295,-2.1460502,-1.353,1781189092039
2079620471,3,8.944051,-1.9069501,-1.33095,1781189092047
2079620481,3,8.6640005,-1.626,-1.34595,1781189092059
2079620491,3,8.2879505,-1.3630501,-1.30305,1781189092067
2079620501,3,7.8600006,-1.1209501,-1.2400501,1781189092077
2079620511,3,7.431,-0.97800004,-1.13505,1781189092089
2079620521,3,7.1029506,-0.89895004,-0.94305,1781189092097
2079620532,3,6.90705,-0.83205,-0.75195,1781189092107
2079620542,3,6.8160005,-0.82695,-0.522,1781189092118
2079620552,3,6.8539505,-0.85800004,-0.273,1781189092128
2079620562,3,6.9670506,-0.94395006,-0.043050002,1781189092138
2079620572,3,7.1269503,-1.0489501,0.11400001,1781189092149
2079620582,3,7.4170504,-1.14795,0.20700002,1781189092159
2079620592,3,7.80495,-1.3060501,0.24300002,1781189092168
2079620602,3,8.191951,-1.42305,0.28095,1781189092178
2079620612,3,8.488951,-1.5499501,0.27195,1781189092190
2079620622,3,8.784,-1.6309501,0.23805001,1781189092198
2079620632,3,9.064051,-1.6980001,0.19500001,1781189092210
2079620642,3,9.19305,-1.7010001,0.11595,1781189092220
2079620652,3,9.10005,-1.605,0.08505,1781189092231
2079620663,3,8.956051,-1.4250001,0.12795001,1781189092239
2079620673,3,8.916,-1.27695,0.23295002,1781189092250
2079620683,3,9.009001,-1.2049501,0.303,1781189092259
2079620693,3,9.186001,-1.19595,0.303,1781189092269
2079620703,3,9.576,-1.33905,0.21705002,1781189092282
2079620713,3,10.12905,-1.6030501,0.030000001,1781189092289
2079620723,3,10.70205,-1.899,-0.252,1781189092300
2079620733,3,11.17605,-2.1409502,-0.606,1781189092309
2079620743,3,11.592001,-2.352,-0.9580501,1781189092320
2079620753,3,12.0730505,-2.52195,-1.269,1781189092331
2079620763,3,12.523951,-2.6490002,-1.48695,1781189092339
2079620773,3,12.825001,-2.7450001,-1.6620001,1781189092351
2079620783,3,12.8880005,-2.73705,-1.71,1781189092359
2079620794,3,12.81105,-2.6460001,-1.7119501,1781189092371
2079620804,3,12.607051,-2.4499502,-1.6309501,1781189092381
2079620814,3,12.21195,-2.2390501,-1.4989501,1781189092391
2079620824,3,11.712001,-2.0380502,-1.2400501,1781189092401
2079620834,3,11.281051,-1.83,-0.94605005,1781189092411
2079620844,3,10.837951,-1.6459501,-0.68700004,1781189092421
2079620854,3,10.17,-1.5139501,-0.41700003,1781189092430
2079620864,3,9.373051,-1.3420501,-0.12900001,1781189092440
2079620874,3,8.596951,-1.143,0.109050006,1781189092450
2079620884,3,8.03895,-0.97005004,0.34395,1781189092462
2079620894,3,7.668,-0.86505,0.43695003,1781189092471
2079620904,3,7.419,-0.87705004,0.47805002,1781189092482
2079620914,3,7.2060003,-0.91800004,0.58995,1781189092492
2079620925,3,7.0480504,-0.97800004,0.59505004,1781189092502
2079620935,3,6.9949503,-1.0690501,0.55695003,1781189092512
2079620945,3,7.0290003,-1.19805,0.48000002,1781189092521
2079620955,3,7.1320505,-1.3560001,0.32895002,1781189092532
2079620965,3,7.24695,-1.5160501,0.13305001,1781189092542
2079620975,3,7.4410505,-1.6620001,-0.10305001,1781189092552
2079620985,3,7.7040005,-1.8520501,-0.43800002,1781189092562
2079620995,3,8.05095,-2.0310001,-0.83100003,1781189092572
2079621005,3,8.455951,-2.22,-1.28805,1781189092581
2079621015,3,8.793,-2.3850002,-1.6380001,1781189092592
2079621025,3,8.97105,-2.43105,-1.815,1781189092603
2079621035,3,8.973001,-2.28195,-1.8319501,1781189092612
2079621045,3,8.83905,-1.9810501,-1.6900501,1781189092623
2079621055,3,8.58495,-1.6189501,-1.42005,1781189092633
2079621066,3,8.33895,-1.30305,-1.12995,1781189092643
2079621076,3,8.0779505,-1.0999501,-0.78495,1781189092653
2079621086,3,7.6969504,-0.99195004,-0.61095005,1781189092664
2079621096,3,7.3660502,-0.92295,-0.50100005,1781189092673
2079621106,3,7.1340003,-0.91800004,-0.52395004,1781189092683
2079621116,3,7.0000505,-0.96300006,-0.59895,1781189092692
2079621126,3,7.0219502,-1.0879501,-0.75000006,1781189092703
2079621136,3,7.1460004,-1.27005,-0.91005003,1781189092712
2079621146,3,7.4119506,-1.4610001,-1.1539501,1781189092722
2079621156,3,7.7850003,-1.61205,-1.4059501,1781189092732
2079621166,3,8.20695,-1.69305,-1.6140001,1781189092742
2079621176,3,8.52,-1.6840501,-1.5799501,1781189092754
2079621186,3,8.72595,-1.5469501,-1.3909501,1781189092762
2079621197,3,8.853001,-1.4440501,-1.21395,1781189092774
2079621207,3,8.949,-1.2750001,-1.06605,1781189092783
2079621217,3,9.021001,-1.095,-0.9670501,1781189092793
2079621227,3,9.118951,-0.96795005,-0.97200006,1781189092804
2079621237,3,9.271951,-0.966,-1.02705,1781189092813
2079621247,3,9.46605,-1.026,-1.1179501,1781189092823
2079621257,3,9.721951,-1.12605,-1.248,1781189092834
2079621267,3,9.945001,-1.2240001,-1.2930001,1781189092844
2079621277,3,10.1629505,-1.2889501,-1.3270501,1781189092853
2079621287,3,10.40205,-1.3440001,-1.3270501,1781189092864
2079621297,3,10.635,-1.3969501,-1.3429501,1781189092875
2079621307,3,10.998,-1.5330001,-1.4100001,1781189092884
2079621317,3,11.311951,-1.677,-1.47,1781189092894
2079621328,3,11.58495,-1.7869501,-1.60905,1781189092903
2079621338,3,11.808001,-1.9470001,-1.7410501,1781189092915
2079621348,3,12.064051,-2.11995,-1.9369501,1781189092923
2079621358,3,12.459001,-2.3760002,-2.2459502,1781189092935
2079621368,3,12.8539505,-2.6200502,-2.5069501,1781189092945
2079621378,3,13.098001,-2.80695,-2.67705,1781189092955
2079621388,3,13.33005,-2.91195,-2.73,1781189092965
2079621398,3,13.408951,-2.91,-2.6119502,1781189092974
2079621408,3,13.225051,-2.7900002,-2.3700001,1781189092984
2079621418,3,12.81795,-2.60805,-2.052,1781189092994
2079621428,3,12.217051,-2.3470502,-1.7310001,1781189093004
2079621438,3,11.496,-2.08905,-1.4610001,1781189093015
2079621448,3,10.780951,-1.8199501,-1.26705,1781189093026
2079621458,3,10.134001,-1.6099501,-1.0339501,1781189093036
2079621469,3,9.58395,-1.524,-0.771,1781189093044
2079621479,3,9.198001,-1.54305,-0.50100005,1781189093056
2079621489,3,9.052051,-1.7080501,-0.29700002,1781189093067
2079621499,3,9.01395,-1.9350001,-0.24705002,1781189093076
2079621509,3,8.950951,-2.1010501,-0.30405003,1781189093087
2079621519,3,8.817,-2.22495,-0.42900002,1781189093097
2079621529,3,8.820001,-2.3059502,-0.68505,1781189093105
2079621539,3,8.797951,-2.3380501,-0.9990001,1781189093116
2079621549,3,8.700001,-2.3110502,-1.2550501,1781189093127
2079621559,3,8.65005,-2.29005,-1.49205,1781189093135
2079621569,3,8.556001,-2.22,-1.6159501,1781189093146
2079621579,3,8.50395,-2.1030002,-1.71,1781189093157
2079621589,3,8.50395,-2.0070002,-1.6470001,1781189093165
2079621600,3,8.571,-1.9230001,-1.5490501,1781189093176
2079621610,3,8.592,-1.8559501,-1.4080501,1781189093188
2079621620,3,8.57295,-1.81305,-1.269,1781189093197
2079621630,3,8.54895,-1.7389501,-1.164,1781189093208
2079621640,3,8.51805,-1.641,-1.0819501,1781189093216
2079621650,3,8.547,-1.4950501,-1.01505,1781189093226
2079621660,3,8.607,-1.31505,-0.984,1781189093236
2079621670,3,8.50905,-1.14495,-0.97005004,1781189093246
2079621680,3,8.20905,-0.97005004,-0.87195003,1781189093256
2079621690,3,7.82595,-0.79095006,-0.70395005,1781189093266
2079621700,3,7.45305,-0.67800003,-0.522,1781189093277
2079621710,3,7.1250005,-0.64500004,-0.32805002,1781189093288
2079621720,3,6.9310503,-0.64695,-0.108,1781189093297
2079621731,3,6.9090004,-0.68595004,0.09900001,1781189093307
2079621741,3,7.0150504,-0.777,0.24300002,1781189093318
2079621751,3,7.17495,-0.89400005,0.31695002,1781189093327
2079621761,3,7.3639503,-1.014,0.372,1781189093337
2079621771,3,7.5990005,-1.179,0.35295,1781189093347
2079621781,3,7.8090005,-1.2580501,0.33600003,1781189093358
2079621791,3,7.9819503,-1.32,0.28605002,1781189093368
2079621801,3,8.24505,-1.3420501,0.20700002,1781189093378
2079621811,3,8.50905,-1.38195,0.11400001,1781189093387
2079621821,3,8.736,-1.41795,0.058950003,1781189093398
2079621831,3,8.911051,-1.4800501,-0.036000002,1781189093409
2079621841,3,8.99205,-1.4490001,-0.112950005,1781189093417
2079621851,3,9.04695,-1.3939501,-0.201,1781189093429
2079621862,3,9.16695,-1.3609501,-0.273,1781189093439
2079621872,3,9.430051,-1.36995,-0.43305,1781189093448
2079621882,3,9.84195,-1.416,-0.61995006,1781189093459
2079621892,3,10.2300005,-1.5330001,-0.79005,1781189093468
2079621902,3,10.510051,-1.6669501,-1.00605,1781189093479
2079621912,3,10.660951,-1.7490001,-1.19505,1781189093488
2079621922,3,10.780951,-1.8060001,-1.389,1781189093498
2079621932,3,11.008051,-1.84905,-1.54005,1781189093510
2079621942,3,11.54895,-1.9590001,-1.71405,1781189093518
2079621952,3,12.130951,-2.15595,-1.8600001,1781189093528
2079621962,3,12.535951,-2.2800002,-1.9750501,1781189093539
2079621972,3,12.837001,-2.24895,-2.0640001,1781189093550
2079621982,3,12.847051,-2.11695,-2.0299501,1781189093560
2079621992,3,12.39,-1.87995,-1.76505,1781189093568
2079622003,3,11.616,-1.5670501,-1.36695,1781189093579
2079622013,3,10.72605,-1.251,-0.88395005,1781189093590
2079622023,3,9.900001,-0.97305006,-0.37800002,1781189093599
2079622033,3,9.117001,-0.75000006,0.03705,1781189093610
2079622043,3,8.403001,-0.54705,0.35805002,1781189093620
2079622053,3,7.9150505,-0.432,0.56205004,1781189093630
2079622063,3,7.6470003,-0.42195,0.62895006,1781189093640
2079622073,3,7.6710005,-0.55095005,0.61905,1781189093649
2079622083,3,7.833,-0.73305005,0.54705,1781189093660
2079622093,3,8.037001,-0.89895004,0.43005002,1781189093671
2079622103,3,8.20695,-1.0830001,0.34395,1781189093680
2079622113,3,8.37405,-1.2220501,0.186,1781189093690
2079622123,3,8.55405,-1.3969501,0.06795,1781189093701
2079622134,3,8.676001,-1.5280501,-0.07005,1781189093711
2079622144,3,8.6980505,-1.66005,-0.20805001,1781189093720
2079622154,3,8.68995,-1.7629501,-0.37095,1781189093731
2079622164,3,8.6640005,-1.8829501,-0.55095005,1781189093741
2079622174,3,8.655001,-1.9950001,-0.78105,1781189093750
2079622184,3,8.64,-2.0770502,-1.0129501,1781189093762
2079622194,3,8.619,-2.1409502,-1.2090001,1781189093771
2079622204,3,8.616,-2.2009501,-1.3789501,1781189093780
2079622214,3,8.559,-2.223,-1.473,1781189093791
2079622224,3,8.439,-2.17995,-1.5280501,1781189093801
2079622234,3,8.254951,-2.1010501,-1.473,1781189093811
2079622244,3,7.9630504,-1.9450501,-1.3960501,1781189093821
2079622254,3,7.7730002,-1.6840501,-1.26195,1781189093832
2079622265,3,7.58895,-1.4779501,-1.1659501,1781189093841
2079622275,3,7.3999505,-1.3219501,-1.12995,1781189093852
2079622285,3,7.2709503,-1.2360001,-1.2,1781189093862
2079622295,3,7.2060003,-1.1550001,-1.33605,1781189093872
2079622305,3,7.2520504,-1.11195,-1.473,1781189093881
2079622315,3,7.3810506,-1.11195,-1.53495,1781189093890
2079622325,3,7.5360003,-1.0830001,-1.38405,1781189093902
2079622335,3,7.7209506,-1.0999501,-1.25205,1781189093911
2079622345,3,7.9170003,-1.095,-1.01505,1781189093922
2079622355,3,8.109,-1.0710001,-0.85695004,1781189093932
2079622365,3,8.27595,-1.03695,-0.79005,1781189093943
2079622375,3,8.470051,-1.03695,-0.62295,1781189093953
2079622385,3,8.779051,-0.85800004,-0.24195,1781189093961
2079622395,3,9.17895,-0.83205,0.006,1781189093973
2079622406,3,9.61905,-1.047,0.14505,1781189093981
2079622416,3,10.033951,-1.4089501,0.12105001,1781189093992
2079622426,3,10.519951,-1.7050501,-0.14595,1781189094003
2079622436,3,10.98705,-1.9189501,-0.50100005,1781189094013
2079622446,3,11.37195,-1.9420501,-0.90000004,1781189094023
2079622456,3,11.508,-1.77495,-1.14705,1781189094033
2079622466,3,11.338051,-1.7149501,-0.99405,1781189094043
2079622476,3,11.154,-1.7820001,-1.1590501,1781189094052
2079622486,3,11.167951,-1.7410501,-1.45605,1781189094062
2079622496,3,11.305051,-1.8709501,-1.9110001,1781189094073
2079622506,3,11.427001,-2.08095,-2.4810002,1781189094082
2079622516,3,11.566051,-2.19405,-2.91105,1781189094094
2079622526,3,11.784,-2.2729502,-3.249,1781189094103
2079622537,3,12.184051,-2.4739501,-3.522,1781189094113
2079622547,3,12.523951,-2.7570002,-3.63,1781189094124
2079622557,3,12.892051,-2.94105,-3.5820003,1781189094134
2079622567,3,13.15095,-3.051,-3.31395,1781189094143
2079622577,3,13.174951,-3.0340502,-2.90895,1781189094153
2079622587,3,13.000051,-2.9620502,-2.4760501,1781189094163
2079622597,3,12.562051,-2.7970502,-2.08995,1781189094173
2079622607,3,11.803051,-2.56305,-1.8030001,1781189094183
2079622617,3,10.905001,-2.21805,-1.5949501,1781189094195
2079622627,3,10.098001,-1.9590001,-1.38195,1781189094203
2079622637,3,9.430051,-1.7410501,-1.116,1781189094213
2079622647,3,8.98305,-1.6380001,-0.77595,1781189094224
2079622657,3,8.809951,-1.6459501,-0.381,1781189094234
2079622668,3,8.82705,-1.7839501,0.022950001,1781189094244
2079622678,3,8.820001,-1.9930501,0.25995,1781189094254
2079622688,3,8.743051,-2.1769502,0.32895002,1781189094266
2079622698,3,8.596951,-2.25105,0.19005,1781189094274
2079622708,3,8.47305,-2.22495,-0.08400001,1781189094284
2079622718,3,8.431951,-2.184,-0.49800003,1781189094294
2079622728,3,8.52795,-2.18205,-0.96495,1781189094304
2079622738,3,8.677951,-2.25105,-1.4059501,1781189094314
2079622748,3,8.911051,-2.35395,-1.84395,1781189094324
2079622758,3,9.052051,-2.361,-2.1090002,1781189094334
2079622768,3,9.14805,-2.292,-2.1760502,1781189094346
2079622778,3,9.208051,-2.2030501,-2.0760002,1781189094355
2079622788,3,9.15495,-2.11995,-1.8750001,1781189094366
2079622799,3,9.057,-2.0070002,-1.5870001,1781189094374
2079622809,3,8.96595,-1.899,-1.3099501,1781189094386
2079622819,3,8.95905,-1.7770501,-1.0540501,1781189094396
2079622829,3,8.941951,-1.677,-0.91005003,1781189094407
2079622839,3,8.773951,-1.5670501,-0.83295006,1781189094415
2079622849,3,8.53005,-1.38495,-0.75900006,1781189094427
2079622859,3,8.22795,-1.1740501,-0.74205005,1781189094437
2079622869,3,7.8360004,-1.00395,-0.67995006,1781189094446
2079622879,3,7.4550004,-0.82005006,-0.522,1781189094457
2079622889,3,7.1650505,-0.68805003,-0.32805002,1781189094467
2079622899,3,7.017,-0.61605,-0.08895,1781189094476
2079622909,3,6.9739504,-0.60705,0.18795002,1781189094487
2079622919,3,7.0000505,-0.68805003,0.41505003,1781189094495
2079622929,3,7.1250005,-0.77205,0.56205004,1781189094506
2079622940,3,7.32105,-0.82695,0.63795,1781189094517
2079622950,3,7.4770503,-0.83895004,0.57105005,1781189094526
2079622960,3,7.66095,-0.82005006,0.51405,1781189094537
2079622970,3,7.8859506,-0.846,0.41505003,1781189094546
2079622980,3,8.06595,-0.88695,0.33600003,1781189094557
2079622990,3,8.23305,-0.91095006,0.28095,1781189094567
2079623000,3,8.31705,-0.94695,0.21405001,1781189094577
2079623010,3,8.358001,-0.94695,0.16395001,1781189094588
2079623020,3,8.48205,-0.93195003,0.11895001,1781189094598
2079623030,3,8.853001,-0.97005004,0.09705,1781189094608
2079623040,3,9.394051,-1.10895,-0.0049500004,1781189094618
2079623050,3,10.10805,-1.2910501,-0.12900001,1781189094627
2079623060,3,10.749001,-1.521,-0.28995,1781189094638
2079623071,3,11.142,-1.7050501,-0.46905002,1781189094646
2079623081,3,11.21895,-1.8280501,-0.62700003,1781189094659
2079623091,3,11.24505,-1.9020001,-0.85695004,1781189094667
2079623101,3,11.470051,-1.9260001,-1.1040001,1781189094676
2079623111,3,12.018001,-2.05695,-1.422,1781189094686
2079623121,3,12.50205,-2.2110002,-1.72395,1781189094697
2079623131,3,12.733951,-2.29695,-1.9440001,1781189094707
2079623141,3,12.907051,-2.35695,-2.05005,1781189094720
2079623151,3,12.880051,-2.3059502,-2.085,1781189094727
2079623161,3,12.550051,-2.1030002,-1.8919501,1781189094738
2079623171,3,12.021001,-1.863,-1.5010501,1781189094747
2079623181,3,11.458051,-1.6360501,-1.0699501,1781189094757
2079623191,3,10.831051,-1.4680501,-0.66105,1781189094767
2079623202,3,10.036051,-1.28205,-0.30705002,1781189094777
2079623212,3,9.21,-1.0570501,0.01305,1781189094787
2079623222,3,8.427,-0.87495005,0.21405001,1781189094797
2079623232,3,7.8240004,-0.753,0.39600003,1781189094807
2079623242,3,7.4359503,-0.702,0.45600003,1781189094818
2079623252,3,7.27995,-0.74505,0.40605003,1781189094828
2079623262,3,7.2319503,-0.846,0.29295,1781189094837
2079623272,3,7.2420006,-0.93495005,0.19995001,1781189094848
2079623282,3,7.254,-1.0639501,0.15,1781189094859
2079623292,3,7.3309503,-1.164,0.10395,1781189094870
2079623302,3,7.3690505,-1.2940501,0.06795,1781189094879
2079623312,3,7.3999505,-1.42305,-0.01695,1781189094888
2079623322,3,7.48605,-1.5589501,-0.192,1781189094899
2079623332,3,7.7160006,-1.72905,-0.40500003,1781189094908
2079623343,3,8.082001,-1.8829501,-0.67995006,1781189094920
2079623353,3,8.470051,-2.02905,-0.9580501,1781189094930
2079623363,3,8.784,-2.127,-1.197,1781189094939
2079623373,3,8.89605,-2.1340501,-1.31895,1781189094949
2079623383,3,8.841001,-2.02395,-1.2709501,1781189094960
2079623393,3,8.619,-1.8900001,-1.1920501,1781189094971
2079623403,3,8.38395,-1.7530501,-1.10595,1781189094980
2079623413,3,8.106,-1.6170001,-1.03005,1781189094990
2079623423,3,7.8790503,-1.473,-1.0009501,1781189094999
2079623433,3,7.6270504,-1.3750501,-1.0009501,1781189095011
2079623443,3,7.4170504,-1.2580501,-1.03695,1781189095019
2079623453,3,7.1989503,-1.15695,-1.0870501,1781189095031
2079623463,3,7.0650005,-1.0540501,-1.12995,1781189095039
2079623474,3,7.038,-1.02795,-1.2090001,1781189095051
2079623484,3,7.2229505,-1.04205,-1.44105,1781189095061
2079623494,3,7.5600004,-1.16205,-1.6860001,1781189095070
2079623504,3,7.8289504,-1.26495,-1.8079501,1781189095081
2079623514,3,7.9870505,-1.2910501,-1.81305,1781189095091
2079623524,3,8.13,-1.296,-1.6620001,1781189095101
2079623534,3,8.20905,-1.2790501,-1.4490001,1781189095111
2079623544,3,8.379001,-1.29795,-1.2,1781189095120
2079623554,3,8.54205,-1.33395,-0.95295006,1781189095130
2079623564,3,8.829,-1.368,-0.80505,1781189095140
2079623574,3,9.17595,-1.3630501,-0.67995006,1781189095151
2079623584,3,9.64605,-1.3920001,-0.65595,1781189095161
2079623594,3,10.15305,-1.49205,-0.72105,1781189095170
2079623605,3,10.5390005,-1.54305,-0.69705003,1781189095180
2079623615,3,10.86705,-1.5330001,-0.61995006,1781189095191
2079623625,3,11.22105,-1.55505,-0.58005005,1781189095202
2079623635,3,11.53995,-1.6000501,-0.50100005,1781189095212
2079623645,3,11.81505,-1.6500001,-0.43305,1781189095221
2079623655,3,12.088051,-1.7509501,-0.49800003,1781189095232
2079623665,3,12.342001,-1.8919501,-0.70905006,1781189095241
2079623675,3,12.523951,-1.983,-1.113,1781189095252
2079623685,3,12.757951,-2.112,-1.59195,1781189095262
2079623695,3,13.086,-2.29395,-2.085,1781189095272
2079623705,3,13.455001,-2.56305,-2.49705,1781189095282
2079623715,3,13.725,-2.7610502,-2.67705,1781189095291
2079623725,3,13.852051,-2.91,-2.6790001,1781189095302
2079623736,3,13.785001,-2.9550002,-2.562,1781189095313
2079623746,3,13.42395,-2.874,-2.4490502,1781189095323
2079623756,3,12.804001,-2.6820002,-2.31795,1781189095333
2079623766,3,11.965951,-2.3830502,-2.184,1781189095343
2079623776,3,11.001,-2.05305,-1.98705,1781189095352
2079623786,3,10.09305,-1.7389501,-1.8079501,1781189095363
2079623796,3,9.33705,-1.557,-1.5990001,1781189095373
2079623806,3,8.832001,-1.50405,-1.35,1781189095383
2079623816,3,8.523001,-1.5949501,-1.092,1781189095393
2079623826,3,8.446051,-1.7839501,-0.81900007,1781189095402
2079623836,3,8.51295,-2.01705,-0.59205,1781189095414
2079623846,3,8.575951,-2.259,-0.462,1781189095424
2079623856,3,8.67405,-2.4810002,-0.42600003,1781189095434
2079623866,3,8.853001,-2.766,-0.55605,1781189095444
2079623877,3,9.066,-2.9839501,-0.87195003,1781189095454
2079623887,3,9.082951,-3.1200001,-1.269,1781189095462
2079623897,3,9.0400505,-3.0649502,-1.6279501,1781189095473
2079623907,3,9.01395,-2.9269502,-1.9780501,1781189095483
2079623917,3,8.93505,-2.76795,-2.1450002,1781189095494
2079623927,3,8.86305,-2.6419501,-2.12895,1781189095504
2079623937,3,8.84805,-2.5080001,-2.0400002,1781189095515
2079623947,3,8.89605,-2.39505,-1.863,1781189095524
2079623957,3,8.962951,-2.361,-1.6980001,1781189095533
2079623967,3,8.98995,-2.3089502,-1.49205,1781189095544
2079623977,3,8.96805,-2.18895,-1.2709501,1781189095554
2079623987,3,8.86305,-2.05005,-1.0320001,1781189095564
2079623997,3,8.712001,-1.8900001,-0.80505,1781189095573
2079624008,3,8.532001,-1.6980001,-0.63705003,1781189095585
2079624018,3,8.335951,-1.49205,-0.44295,1781189095595
2079624028,3,8.157001,-1.31805,-0.28500003,1781189095605
2079624038,3,7.9219503,-1.143,-0.13695,1781189095615
2079624048,3,7.6489506,-1.0159501,-0.012,1781189095625
2079624058,3,7.42605,-0.89595,0.13305001,1781189095635
2079624068,3,7.27995,-0.82905006,0.22605,1781189095644
2079624078,3,7.1920505,-0.79095006,0.30495003,1781189095655
2079624088,3,7.24905,-0.84105,0.39195,1781189095665
2079624098,3,7.4119506,-0.882,0.42495003,1781189095675
2079624108,3,7.5720005,-0.93000007,0.40305,1781189095685
2079624118,3,7.7590504,-0.91995007,0.411,1781189095694
2079624128,3,7.8430505,-0.87900007,0.42000002,1781189095706
2079624139,3,7.9530005,-0.82695,0.43695003,1781189095714
2079624149,3,8.154,-0.82905006,0.42495003,1781189095726
2079624159,3,8.49195,-0.906,0.33405003,1781189095735
2079624169,3,8.767051,-0.97305006,0.21705002,1781189095746
2079624179,3,9.01095,-1.059,0.094950005,1781189095756
2079624189,3,9.267,-1.1209501,-0.012,1781189095766
2079624199,3,9.45195,-1.1380501,-0.105000004,1781189095777
2079624209,3,9.615001,-1.1359501,-0.19395001,1781189095787
2079624219,3,9.912001,-1.18095,-0.29505002,1781189095796
2079624229,3,10.186951,-1.2940501,-0.38295,1781189095806
2079624239,3,10.375951,-1.4250001,-0.50505,1781189095818
2079624249,3,10.536,-1.5499501,-0.64395005,1781189095827
2079624259,3,10.728001,-1.7080501,-0.82395005,1781189095835
2079624269,3,10.92195,-1.84695,-1.0540501,1781189095847
2079624280,3,11.22795,-1.9860001,-1.2760501,1781189095855
2079624290,3,11.784,-2.151,-1.56105,1781189095866
2079624300,3,12.37005,-2.2780502,-1.81305,1781189095877
2079624310,3,12.739051,-2.32095,-1.9710001,1781189095888
2079624320,3,12.895051,-2.25405,-2.0659502,1781189095896
2079624330,3,12.78495,-2.05695,-2.0040002,1781189095908
2079624340,3,12.258,-1.7340001,-1.6999501,1781189095918
2079624350,3,11.39805,-1.3920001,-1.2570001,1781189095928
2079624360,3,10.495951,-1.06605,-0.74700004,1781189095937
2079624370,3,9.50895,-0.79095006,-0.24000001,1781189095948
2079624380,3,8.583,-0.56805,0.15405001,1781189095957
2079624390,3,7.83795,-0.42495003,0.44400004,1781189095968
2079624400,3,7.3279505,-0.384,0.62100005,1781189095977
2079624411,3,7.0860004,-0.43905002,0.67905,1781189095988
2079624421,3,7.0939503,-0.56595004,0.693,1781189095997
2079624431,3,7.2850504,-0.73605,0.61695004,1781189096007
2079624441,3,7.46505,-0.89895004,0.528,1781189096017
2079624451,3,7.6060505,-1.0210501,0.45600003,1781189096027
2079624461,3,7.8090005,-1.15695,0.324,1781189096037
2079624471,3,7.9630504,-1.3080001,0.16905001,1781189096047
2079624481,3,8.122951,-1.485,-0.04095,1781189096057
2079624491,3,8.32905,-1.6699501,-0.29505002,1781189096068
2079624501,3,8.68605,-1.866,-0.63000005,1781189096077
2079624511,3,9.01095,-2.08095,-1.0320001,1781189096088
2079624521,3,9.21,-2.2420502,-1.3410001,1781189096097
2079624531,3,9.241051,-2.31795,-1.55595,1781189096108
2079624542,3,9.121051,-2.2800002,-1.6309501,1781189096118
2079624552,3,8.899051,-2.151,-1.57305,1781189096128
2079624562,3,8.608951,-1.9519501,-1.3909501,1781189096137
2079624572,3,8.31,-1.7340001,-1.1730001,1781189096150
2079624582,3,8.05395,-1.6140001,-1.00605,1781189096159
2079624592,3,7.7260504,-1.488,-0.90795004,1781189096170
2079624602,3,7.46505,-1.3750501,-0.89805007,1781189096179
2079624612,3,7.2850504,-1.2720001,-0.9480001,1781189096188
2079624622,3,7.1800504,-1.21695,-1.02705,1781189096198
2079624632,3,7.1959505,-1.2030001,-1.1899501,1781189096209
2079624642,3,7.3780503,-1.23405,-1.38405,1781189096219
2079624652,3,7.5679502,-1.2240001,-1.5079501,1781189096229
2079624662,3,7.7449503,-1.263,-1.5589501,1781189096239
2079624672,3,7.9360504,-1.31505,-1.6159501,1781189096250
2079624683,3,8.122951,-1.36995,-1.64295,1781189096260
2079624693,3,8.27595,-1.4059501,-1.659,1781189096269
2079624703,3,8.35305,-1.4299501,-1.60905,1781189096279
2079624713,3,8.434051,-1.41795,-1.5520501,1781189096289
2079624723,3,8.596951,-1.4299501,-1.473,1781189096299
2079624733,3,8.764951,-1.4640001,-1.3579501,1781189096308
2079624743,3,8.937,-1.488,-1.2589501,1781189096320
2079624753,3,9.16695,-1.5090001,-1.17795,1781189096331
2079624763,3,9.415951,-1.50705,-1.0200001,1781189096340
2079624773,3,9.72,-1.45905,-0.80205005,1781189096350
2079624783,3,10.026,-1.4680501,-0.546,1781189096360
2079624793,3,10.375951,-1.50405,-0.32295,1781189096369
2079624803,3,10.71405,-1.57605,-0.17505,1781189096379
2079624814,3,11.109,-1.6170001,-0.08400001,1781189096390
2079624824,3,11.482051,-1.7370001,-0.24195,1781189096399
2079624834,3,11.84595,-1.9450501,-0.58005005,1781189096410
2079624844,3,12.121051,-2.08605,-0.89295006,1781189096420
2079624854,3,12.34605,-2.15295,-1.2589501,1781189096431
2079624864,3,12.49005,-2.22,-1.57305,1781189096440
2079624874,3,12.72,-2.3809502,-1.8769501,1781189096450
2079624884,3,13.089001,-2.634,-2.25105,1781189096462
2079624894,3,13.419001,-2.87595,-2.4780002,1781189096471
2079624904,3,13.564951,-3.0010502,-2.5069501,1781189096482
2079624914,3,13.516951,-2.97705,-2.43705,1781189096492
2079624924,3,13.086,-2.80905,-2.2459502,1781189096502
2079624934,3,12.504001,-2.53905,-2.16405,1781189096512
2079624945,3,11.700001,-2.223,-2.0659502,1781189096522
2079624955,3,10.773001,-1.9110001,-1.932,1781189096532
2079624965,3,9.96405,-1.6980001,-1.7340001,1781189096542
2079624975,3,9.3490505,-1.65795,-1.4970001,1781189096551
2079624985,3,8.949,-1.6650001,-1.17795,1781189096562
2079624995,3,8.71905,-1.8319501,-0.87600005,1781189096572
2079625005,3,8.644951,-2.0410502,-0.69705003,1781189096582
2079625015,3,8.722051,-2.2780502,-0.59595,1781189096592
2079625025,3,8.865001,-2.53395,-0.546,1781189096602
2079625035,3,8.944051,-2.7130501,-0.558,1781189096612
2079625045,3,8.908051,-2.8189502,-0.65400004,1781189096623
2079625055,3,8.809951,-2.8519502,-0.81900007,1781189096631
2079625065,3,8.66895,-2.83095,-1.0180501,1781189096641
2079625076,3,8.58495,-2.7570002,-1.233,1781189096652
2079625086,3,8.511001,-2.634,-1.4059501,1781189096663
2079625096,3,8.568001,-2.53395,-1.51995,1781189096673
2079625106,3,8.76,-2.46195,-1.6189501,1781189096682
2079625116,3,8.917951,-2.4450002,-1.6570501,1781189096692
2079625126,3,9.05895,-2.43105,-1.6279501,1781189096703
2079625136,3,9.174001,-2.4190502,-1.5180001,1781189096713
2079625146,3,9.220051,-2.3449502,-1.3120501,1781189096723
2079625156,3,9.16005,-2.21805,-1.1010001,1781189096732
2079625166,3,9.0400505,-2.01195,-0.864,1781189096744
2079625176,3,8.917951,-1.7770501,-0.675,1781189096752
2079625186,3,8.677951,-1.5310501,-0.52695,1781189096762
2079625196,3,8.343,-1.2859501,-0.37095,1781189096773
2079625206,3,8.037001,-1.07805,-0.273,1781189096783
2079625217,3,7.7569504,-0.92505,-0.15300001,1781189096792
2079625227,3,7.5079503,-0.84105,-0.07395,1781189096803
2079625237,3,7.3660502,-0.786,-0.03795,1781189096814
2079625247,3,7.326,-0.77205,-0.01905,1781189096824
2079625257,3,7.3759503,-0.80505,-0.00705,1781189096834
2079625267,3,7.49805,-0.87900007,-0.01905,1781189096844
2079625277,3,7.5919504,-0.95400006,-0.012,1781189096853
2079625287,3,7.5700502,-0.92295,0.022950001,1781189096863
2079625297,3,7.5919504,-0.88695,0.06105,1781189096874
2079625307,3,7.6369505,-0.83400005,0.11895001,1781189096884
2079625317,3,7.7260504,-0.84105,0.15,1781189096895
2079625327,3,7.9290004,-0.89895004,0.14295001,1781189096904
2079625337,3,8.166,-0.95595,0.075,1781189096915
2079625348,3,8.580001,-1.0570501,-0.01905,1781189096925
2079625358,3,8.917951,-1.179,-0.13395001,1781189096935
2079625368,3,9.246,-1.2720001,-0.25395,1781189096945
2079625378,3,9.69795,-1.389,-0.402,1781189096955
2079625388,3,10.186951,-1.4950501,-0.54105,1781189096965
2079625398,3,10.62705,-1.6099501,-0.64695,1781189096975
2079625408,3,10.90305,-1.65795,-0.72795004,1781189096985
2079625418,3,10.906951,-1.7170501,-0.85995007,1781189096995
2079625428,3,10.831051,-1.7340001,-0.96300006,1781189097005
2079625438,3,10.929001,-1.761,-1.0680001,1781189097014
2079625448,3,11.191951,-1.8679501,-1.22595,1781189097026
2079625458,3,11.6980505,-2.0380502,-1.4250001,1781189097035
2079625468,3,12.174001,-2.2080002,-1.6110001,1781189097044
2079625479,3,12.526051,-2.3470502,-1.7260501,1781189097056
2079625489,3,12.700951,-2.35695,-1.7740501,1781189097066
2079625499,3,12.571051,-2.2420502,-1.6279501,1781189097076
2079625509,3,12.229051,-2.0050502,-1.33095,1781189097086
2079625519,3,11.86305,-1.7530501,-0.91995007,1781189097096
2079625529,3,11.298,-1.5139501,-0.57495004,1781189097106
2079625539,3,10.45005,-1.2750001,-0.192,1781189097116
2079625549,3,9.568951,-1.026,0.11895001,1781189097127
2079625559,3,8.80305,-0.79995006,0.41505003,1781189097136
2079625569,3,8.191951,-0.669,0.63105005,1781189097147
2079625579,3,7.7539506,-0.64500004,0.73605,1781189097157
2079625589,3,7.5319505,-0.666,0.74295,1781189097165
2079625599,3,7.3690505,-0.702,0.67395,1781189097178
2079625609,3,7.32105,-0.79305005,0.58500004,1781189097187
2079625620,3,7.2780004,-0.87705004,0.47505003,1781189097197
2079625630,3,7.3159504,-0.9799501,0.29805002,1781189097207
2079625640,3,7.3879504,-1.116,0.10395,1781189097218
2079625650,3,7.5799503,-1.332,-0.132,1781189097228
2079625660,3,7.8570004,-1.5979501,-0.453,1781189097238
2079625670,3,8.157001,-1.8780001,-0.81195,1781189097246
2079625680,3,8.41005,-2.14395,-1.1899501,1781189097256
2079625690,3,8.64,-2.3830502,-1.54005,1781189097266
2079625700,3,8.746051,-2.52195,-1.75995,1781189097277
2079625710,3,8.722051,-2.5170002,-1.8250501,1781189097288
2079625720,3,8.56095,-2.4049501,-1.7359501,1781189097297
2079625730,3,8.32905,-2.2150502,-1.59195,1781189097306
2079625740,3,8.06295,-2.01,-1.3980001,1781189097318
2079625751,3,7.76205,-1.8060001,-1.15695,1781189097326
2079625761,3,7.5319505,-1.626,-0.97905004,1781189097337
2079625771,3,7.3980002,-1.4970001,-0.91695005,1781189097350
2079625781,3,7.3279505,-1.3990501,-0.9480001,1781189097357
2079625791,3,7.287,-1.2550501,-1.0390501,1781189097367
2079625801,3,7.2829504,-1.131,-1.1520001,1781189097377
2079625811,3,7.3350005,-1.0350001,-1.2570001,1781189097387
2079625821,3,7.51695,-1.00395,-1.30005,1781189097397
2079625831,3,7.7760005,-1.0489501,-1.3960501,1781189097407
2079625841,3,8.04405,-1.107,-1.4080501,1781189097419
2079625851,3,8.37405,-1.15695,-1.44105,1781189097427
2079625861,3,8.66895,-1.07805,-1.3600501,1781189097439
2079625871,3,8.887051,-0.98700005,-1.1710501,1781189097447
2079625882,3,8.944051,-0.87900007,-0.90495,1781189097459
2079625892,3,8.97795,-0.85800004,-0.68205005,1781189097469
2079625902,3,8.98305,-0.89595,-0.48105,1781189097479
2079625912,3,9.12405,-1.011,-0.40005,1781189097488
2079625922,3,9.361051,-1.15995,-0.41400003,1781189097499
2079625932,3,9.64095,-1.32,-0.50100005,1781189097510
2079625942,3,9.880051,-1.4680501,-0.58005005,1781189097518
2079625952,3,10.09095,-1.557,-0.58395004,1781189097528
2079625962,3,10.342051,-1.674,-0.56505,1781189097538
2079625972,3,10.618051,-1.7920501,-0.59205,1781189097550
2079625982,3,10.9459505,-1.95,-0.66795003,1781189097560
2079625992,3,11.338051,-2.1319501,-0.83805007,1781189097568
2079626002,3,11.68605,-2.32995,-1.0680001,1781189097578
2079626013,3,11.980051,-2.505,-1.33605,1781189097588
2079626023,3,12.049951,-2.56995,-1.5799501,1781189097600
2079626033,3,12.088051,-2.5429502,-1.7479501,1781189097610
2079626043,3,12.27,-2.637,-1.9920001,1781189097620
2079626053,3,12.5119505,-2.77605,-2.2099502,1781189097630
2079626063,3,12.729001,-2.9620502,-2.33205,1781189097640
2079626073,3,12.898951,-3.075,-2.3110502,1781189097649
2079626083,3,12.946951,-3.075,-2.25495,1781189097659
2079626093,3,12.8539505,-3.0370502,-2.13105,1781189097669
2079626103,3,12.550051,-2.90295,-2.02095,1781189097679
2079626113,3,11.980051,-2.66805,-1.88205,1781189097691
2079626123,3,11.254951,-2.39295,-1.7500501,1781189097700
2079626133,3,10.563001,-2.127,-1.623,1781189097710
2079626143,3,9.93105,-1.9420501,-1.4820001,1781189097720
2079626154,3,9.391951,-1.84695,-1.2570001,1781189097731
2079626164,3,8.99895,-1.8559501,-1.0009501,1781189097740
2079626174,3,8.808001,-1.9710001,-0.795,1781189097750
2079626184,3,8.76,-2.15595,-0.68205005,1781189097760
2079626194,3,8.78895,-2.3400002,-0.65595,1781189097771
2079626204,3,8.785951,-2.5150502,-0.75195,1781189097782
2079626214,3,8.734051,-2.6539502,-0.91695005,1781189097790
2079626224,3,8.68995,-2.69895,-1.1730001,1781189097801
2079626234,3,8.628,-2.6779501,-1.434,1781189097811
2079626244,3,8.535001,-2.6250002,-1.6639501,1781189097821
2079626254,3,8.53695,-2.56305,-1.899,1781189097831
2079626264,3,8.620951,-2.52195,-2.0659502,1781189097840
2079626274,3,8.80095,-2.5240502,-2.16195,1781189097852
2079626285,3,9.00405,-2.5189502,-2.1670501,1781189097861
2079626295,3,9.17205,-2.55795,-2.1070502,1781189097871
2079626305,3,9.25605,-2.5459502,-1.9609501,1781189097881
2079626315,3,9.220051,-2.4450002,-1.7170501,1781189097891
2079626325,3,9.097051,-2.2699502,-1.44105,1781189097901
2079626335,3,8.962951,-2.0670002,-1.161,1781189097911
2079626345,3,8.78895,-1.8559501,-0.915,1781189097921
2079626355,3,8.544001,-1.6480501,-0.69000006,1781189097932
2079626365,3,8.260051,-1.4610001,-0.51705,1781189097942
2079626375,3,7.9120502,-1.27695,-0.37095,1781189097952
2079626385,3,7.6390505,-1.14795,-0.23700002,1781189097961
2079626395,3,7.4410505,-1.0489501,-0.08895,1781189097973
2079626405,3,7.3279505,-0.9990001,0.03195,1781189097981
2079626416,3,7.2679505,-0.9580501,0.186,1781189097993
2079626426,3,7.2990003,-0.93000007,0.29805002,1781189098003
2079626436,3,7.3950005,-0.915,0.36,1781189098013
2079626446,3,7.55595,-0.97305006,0.34605002,1781189098023
2079626456,3,7.7830505,-1.023,0.40800002,1781189098032
2079626466,3,7.977,-1.0350001,0.42000002,1781189098043
2079626476,3,8.18805,-1.0639501,0.372,1781189098053
2079626486,3,8.44905,-1.0540501,0.34395,1781189098063
2079626496,3,8.67405,-1.04505,0.26205,1781189098073
2079626506,3,8.805,-1.03695,0.14505,1781189098082
2079626516,3,8.7310505,-0.93195003,0.07305,1781189098092
2079626526,3,8.67405,-0.78105,0.040050004,1781189098102
2079626536,3,8.71695,-0.65205,0.043950003,1781189098114
2079626546,3,8.93505,-0.59895,-0.03795,1781189098124
2079626557,3,9.33495,-0.64695,-0.13905,1781189098134
2079626567,3,9.945001,-0.80295,-0.44295,1781189098144
2079626577,3,10.420951,-1.0350001,-0.78495,1781189098154
2079626587,3,10.57005,-1.23105,-1.07805,1781189098163
2079626597,3,10.5390005,-1.33395,-1.3069501,1781189098174
2079626607,3,10.5720005,-1.365,-1.437,1781189098183
2079626617,3,10.654051,-1.4470501,-1.51995,1781189098194
2079626627,3,10.89795,-1.55505,-1.5970501,1781189098204
2079626637,3,11.302951,-1.7080501,-1.659,1781189098215
2079626647,3,11.66895,-1.794,-1.6810501,1781189098224
2079626657,3,11.998951,-1.8540001,-1.6330501,1781189098234
2079626667,3,12.258,-1.89495,-1.623,1781189098243
2079626677,3,12.322051,-1.88505,-1.52295,1781189098254
2079626688,3,11.974951,-1.7010001,-1.2550501,1781189098267
2079626698,3,11.23095,-1.4440501,-0.82395005,1781189098273
2079626708,3,10.40205,-1.1520001,-0.37605003,1781189098286
2079626718,3,9.691051,-0.89895004,-0.00705,1781189098295
2079626728,3,9.049951,-0.70905006,0.279,1781189098305
2079626738,3,8.51595,-0.58005005,0.46095002,1781189098315
2079626748,3,8.18295,-0.549,0.50595003,1781189098325
2079626758,3,8.092051,-0.633,0.46800002,1781189098335
2079626768,3,8.169001,-0.77400005,0.36795002,1781189098346
2079626778,3,8.311951,-0.9580501,0.26505002,1781189098354
2079626788,3,8.3890505,-1.0879501,0.15900001,1781189098366
2079626798,3,8.48205,-1.2,0.094950005,1781189098374
2079626808,3,8.487,-1.2910501,0.040050004,1781189098386
2079626819,3,8.511001,-1.4130001,0.00405,1781189098394
2079626829,3,8.559,-1.50405,-0.096,1781189098406
2079626839,3,8.676001,-1.6360501,-0.20595,1781189098416
2079626849,3,8.82705,-1.7730001,-0.381,1781189098427
2079626859,3,8.901,-1.8679501,-0.52695,1781189098435
2079626869,3,8.88195,-1.93305,-0.67095006,1781189098446
2079626879,3,8.83905,-2.0050502,-0.79995006,1781189098455
2079626889,3,8.710051,-2.1030002,-0.90000004,1781189098467
2079626899,3,8.511001,-2.0959501,-0.984,1781189098476
2079626909,3,8.299951,-2.04795,-1.07505,1781189098486
2079626919,3,8.121,-1.9350001,-1.1329501,1781189098495
2079626929,3,7.97205,-1.7869501,-1.2280501,1781189098506
2079626939,3,7.9600506,-1.6620001,-1.2760501,1781189098517
2079626950,3,8.104051,-1.6030501,-1.33095,1781189098528
2079626960,3,8.379001,-1.49205,-1.248,1781189098537
2079626970,3,8.51295,-1.4419501,-1.15695,1781189098548
2079626980,3,8.403001,-1.4800501,-0.9889501,1781189098556
2079626990,3,8.191951,-1.5589501,-0.93600005,1781189098568
2079627000,3,8.04405,-1.5619501,-0.93600005,1781189098578
2079627010,3,7.9630504,-1.5190501,-0.9889501,1781189098586
2079627020,3,7.9099503,-1.54005,-1.07295,1781189098598
2079627030,3,7.8840003,-1.5520501,-1.2070501,1781189098606
2079627040,3,7.8859506,-1.5810001,-1.3480501,1781189098616
2079627050,3,7.872,-1.5690001,-1.38195,1781189098628
2079627060,3,7.9459505,-1.4899501,-1.36695,1781189098639
2079627070,3,8.025001,-1.31805,-1.29795,1781189098648
2079627080,3,8.11305,-1.1209501,-1.197,1781189098658
2079627091,3,8.266951,-0.97005004,-1.09905,1781189098668
2079627101,3,8.4199505,-0.86295,-1.0489501,1781189098676
2079627111,3,8.620951,-0.846,-1.0489501,1781189098687
2079627121,3,8.904,-0.94395006,-1.092,1781189098697
2079627131,3,9.226951,-1.116,-1.1689501,1781189098707
2079627141,3,9.45405,-1.2940501,-1.248,1781189098720
2079627151,3,9.65505,-1.401,-1.29495,1781189098728
2079627161,3,9.849001,-1.4760001,-1.37205,1781189098738
2079627171,3,10.06005,-1.57395,-1.4269501,1781189098747
2079627181,3,10.362,-1.6890001,-1.5780001,1781189098758
2079627191,3,10.684951,-1.8589501,-1.76505,1781189098767
2079627201,3,11.005951,-2.0410502,-1.9390501,1781189098778
2079627211,3,11.367001,-2.2470002,-2.0350502,1781189098787
2079627222,3,11.832001,-2.4859502,-2.1430502,1781189098799
2079627232,3,12.3490505,-2.77605,-2.29095,1781189098808
2079627242,3,12.744,-2.9940002,-2.4130502,1781189098818
2079627252,3,12.990001,-3.07695,-2.4060001,1781189098829
2079627262,3,13.086,-3.0580502,-2.2699502,1781189098838
2079627272,3,12.934951,-2.9599502,-2.0640001,1781189098848
2079627282,3,12.619051,-2.7640502,-1.7740501,1781189098858
2079627292,3,12.265051,-2.5530002,-1.5439501,1781189098869
2079627302,3,11.925,-2.4430501,-1.3939501,1781189098878
2079627312,3,11.676001,-2.4,-1.29795,1781189098889
2079627322,3,11.532001,-2.421,-1.26195,1781189098899
2079627332,3,11.307,-2.4379501,-1.21395,1781189098910
2079627342,3,11.005951,-2.4090002,-1.10595,1781189098919
2079627353,3,10.611,-2.32095,-0.95100003,1781189098928
2079627363,3,10.161,-2.187,-0.78105,1781189098939
2079627373,3,9.835051,-2.1409502,-0.67800003,1781189098950
2079627383,3,9.528001,-2.1100502,-0.642,1781189098959
2079627393,3,9.196051,-2.0689502,-0.675,1781189098969
2079627403,3,8.88,-2.01405,-0.75405,1781189098979
2079627413,3,8.607,-1.9620001,-0.84795004,1781189098990
2079627423,3,8.311951,-1.899,-1.01505,1781189099000
2079627433,3,8.137051,-1.8250501,-1.1329501,1781189099010
2079627443,3,8.049001,-1.74405,-1.17795,1781189099020
2079627453,3,8.085,-1.7029501,-1.197,1781189099030
2079627463,3,8.2570505,-1.7170501,-1.22595,1781189099040
2079627473,3,8.476951,-1.78005,-1.281,1781189099051
2079627483,3,8.644951,-1.8400501,-1.2930001,1781189099061
2079627494,3,8.748,-1.8250501,-1.3270501,1781189099071
2079627504,3,8.779051,-1.7770501,-1.3290001,1781189099079
2079627514,3,8.70495,-1.6650001,-1.34595,1781189099091
2079627524,3,8.590051,-1.53795,-1.33605,1781189099101
2079627534,3,8.446051,-1.45605,-1.26195,1781189099111
2079627544,3,8.254951,-1.38195,-1.2070501,1781189099122
2079627554,3,8.06805,-1.2940501,-1.0870501,1781189099130
2079627564,3,7.9410005,-1.2270001,-0.94095004,1781189099139
2079627574,3,7.8859506,-1.1689501,-0.80895007,1781189099152
2079627584,3,7.9219503,-1.143,-0.69705003,1781189099162
2079627594,3,8.037001,-1.1689501,-0.606,1781189099172
2079627604,3,8.238,-1.21905,-0.57495004,1781189099181
2079627614,3,8.437051,-1.2859501,-0.54105,1781189099190
2079627625,3,8.614051,-1.3249501,-0.53595,1781189099200
2079627635,3,8.66895,-1.31805,-0.45495003,1781189099211
2079627645,3,8.677951,-1.27005,-0.41205,1781189099221
2079627655,3,8.676001,-1.1400001,-0.30900002,1781189099232
2079627665,3,8.70495,-1.0540501,-0.20805001,1781189099241
2079627675,3,8.62605,-0.96105003,-0.109950006,1781189099252
2079627685,3,8.463,-0.87495005,-0.031050002,1781189099262
2079627695,3,8.42895,-0.822,-0.003,1781189099273
2079627705,3,8.431951,-0.822,-0.012,1781189099282
2079627715,3,8.434051,-0.84405005,-0.015000001,1781189099291
2079627725,3,8.535001,-0.882,-0.02205,1781189099303
2079627735,3,8.65005,-0.92505,0.006,1781189099311
2079627745,3,8.781,-0.95595,0.058950003,1781189099321
2079627756,3,9.01605,-1.023,0.11400001,1781189099333
2079627766,3,9.363001,-1.179,0.10395,1781189099342
2079627776,3,9.70995,-1.3369501,0.022950001,1781189099352
2079627786,3,10.09605,-1.50705,-0.105000004,1781189099362
2079627796,3,10.536,-1.7029501,-0.28695002,1781189099374
2079627806,3,10.94295,-1.8919501,-0.46695003,1781189099383
2079627816,3,11.40795,-2.019,-0.702,1781189099392
2079627826,3,12.02295,-2.1340501,-0.9670501,1781189099402
2079627836,3,12.703051,-2.223,-1.2070501,1781189099413
2079627846,3,13.299001,-2.29905,-1.4440501,1781189099422
2079627856,3,13.666051,-2.28195,-1.63995,1781189099434
2079627866,3,13.61505,-2.1390002,-1.6500001,1781189099442
2079627876,3,13.12905,-1.8970501,-1.41795,1781189099454
2079627887,3,12.303,-1.6140001,-1.01505,1781189099464
2079627897,3,11.3550005,-1.4130001,-0.52905005,1781189099474
2079627907,3,10.564951,-1.30305,-0.156,1781189099484
2079627917,3,9.8209505,-1.24605,0.16905001,1781189099494
2079627927,3,8.96805,-1.164,0.41505003,1781189099503
2079627937,3,8.00595,-1.0489501,0.68595004,1781189099514
2079627947,3,7.22805,-0.95100003,0.87795,1781189099524
2079627957,3,6.813,-0.93495005,0.91095006,1781189099534
2079627967,3,6.7440004,-0.99195004,0.78405005,1781189099543
2079627977,3,6.9139504,-1.14795,0.47295,1781189099554
2079627987,3,7.2559505,-1.3969501,0.06105,1781189099563
2079627997,3,7.6080003,-1.6699501,-0.36195,1781189099573
2079628007,3,7.9170003,-1.9020001,-0.78495,1781189099583
2079628017,3,8.11305,-2.055,-1.1209501,1781189099593
2079628028,3,8.26395,-2.1390002,-1.35,1781189099605
2079628038,3,8.415,-2.1360002,-1.5490501,1781189099615
2079628048,3,8.55195,-2.09805,-1.5949501,1781189099625
2079628058,3,8.6980505,-2.0359502,-1.5799501,1781189099635
2079628068,3,8.817,-1.95,-1.5280501,1781189099645
2079628078,3,8.950951,-1.87995,-1.4629501,1781189099654
2079628088,3,9.01605,-1.8060001,-1.33095,1781189099665
2079628098,3,9.061951,-1.7490001,-1.21605,1781189099675
2079628108,3,9.069,-1.6819501,-1.1539501,1781189099684
2079628118,3,9.00405,-1.5880501,-1.1010001,1781189099695
2079628128,3,8.905951,-1.54005,-1.0819501,1781189099704
2079628138,3,8.808001,-1.4830501,-0.97200006,1781189099715
2079628148,3,8.68995,-1.4470501,-0.85695004,1781189099727
2079628159,3,8.56095,-1.3920001,-0.78795004,1781189099735
2079628169,3,8.47995,-1.3579501,-0.84495,1781189099747
2079628179,3,8.38605,-1.332,-0.95295006,1781189099755
2079628189,3,8.278951,-1.31805,-1.06605,1781189099767
2079628199,3,8.238,-1.31295,-1.18005,1781189099775
2079628209,3,8.2570505,-1.31505,-1.30005,1781189099785
2079628219,3,8.302951,-1.35105,-1.4059501,1781189099797
2079628229,3,8.31,-1.3440001,-1.401,1781189099807
2079628239,3,8.2879505,-1.3080001,-1.34595,1781189099816
2079628249,3,8.20905,-1.2580501,-1.23105,1781189099826
2079628259,3,8.061001,-1.14495,-1.07505,1781189099837
2079628269,3,7.8910503,-1.07295,-0.90300006,1781189099846
2079628279,3,7.7590504,-0.97005004,-0.73800004,1781189099855
2079628290,3,7.70205,-0.94200003,-0.67305005,1781189099867
2079628300,3,7.80495,-0.96795005,-0.70605004,1781189099877
2079628310,3,8.022,-1.0210501,-0.84000003,1781189099887
2079628320,3,8.358001,-1.1400001,-1.07505,1781189099896
2079628330,3,8.647051,-1.26495,-1.389,1781189099907
2079628340,3,8.99505,-1.3920001,-1.6639501,1781189099917
2079628350,3,9.34395,-1.452,-1.82895,1781189099926
2079628360,3,9.555,-1.44,-1.8919501,1781189099938
2079628370,3,9.648001,-1.3990501,-1.84395,1781189099946
2079628380,3,9.75105,-1.35105,-1.7380501,1781189099958
2079628390,3,9.900001,-1.3939501,-1.7070001,1781189099967
2079628400,3,10.005,-1.452,-1.7050501,1781189099976
2079628410,3,10.101001,-1.5259501,-1.65495,1781189099986
2079628420,3,10.1959505,-1.6290001,-1.67595,1781189099998
2079628431,3,10.357051,-1.7580001,-1.7500501,1781189100009
2079628441,3,10.471951,-1.8679501,-1.7890501,1781189100017
2079628451,3,10.483951,-1.9620001,-1.7500501,1781189100027
2079628461,3,10.5390005,-2.01405,-1.6309501,1781189100038
2079628471,3,10.693951,-2.1679502,-1.57605,1781189100048
2079628481,3,10.90995,-2.39505,-1.5780001,1781189100057
2079628491,3,11.085001,-2.59605,-1.5589501,1781189100068
2079628501,3,11.286,-2.73705,-1.51995,1781189100077
2079628511,3,11.623051,-2.90505,-1.5010501,1781189100089
2079628521,3,11.99205,-3.04605,-1.57305,1781189100099
2079628531,3,12.247951,-3.1350002,-1.64505,1781189100108
2079628541,3,12.279,-3.0199502,-1.6380001,1781189100118
2079628551,3,12.093,-2.8260002,-1.57605,1781189100127
2079628562,3,11.820001,-2.59395,-1.5079501,1781189100138
2079628572,3,11.51805,-2.3779502,-1.38195,1781189100148
2079628582,3,11.170951,-2.2150502,-1.25205,1781189100158
2079628592,3,10.804951,-2.0689502,-1.0699501,1781189100168
2079628602,3,10.31595,-1.8919501,-0.86895007,1781189100178
2079628612,3,9.837001,-1.7509501,-0.68505,1781189100188
2079628622,3,9.33195,-1.6459501,-0.54105,1781189100199
2079628632,3,8.916,-1.6000501,-0.42600003,1781189100210
2079628642,3,8.596951,-1.62405,-0.402,1781189100218
2079628652,3,8.305051,-1.64295,-0.40695003,1781189100228
2079628662,3,8.022,-1.677,-0.46005002,1781189100238
2079628672,3,7.8310504,-1.7050501,-0.53400004,1781189100250
2079628682,3,7.8169503,-1.7770501,-0.63000005,1781189100259
2079628693,3,7.9219503,-1.8540001,-0.71595,1781189100270
2079628703,3,8.166,-1.9519501,-0.771,1781189100278
2079628713,3,8.49405,-2.0380502,-0.83295006,1781189100288
2079628723,3,8.820001,-2.1460502,-0.90795004,1781189100299
2079628733,3,9.082951,-2.184,-0.9990001,1781189100309
2079628743,3,9.241051,-2.1750002,-1.02495,1781189100319
2079628753,3,9.303,-2.079,-1.10595,1781189100330
2079628763,3,9.27,-1.9279501,-1.0819501,1781189100340
2079628773,3,9.198001,-1.76505,-1.1010001,1781189100351
2079628783,3,9.01395,-1.6000501,-1.092,1781189100360
2079628793,3,8.820001,-1.45605,-1.0489501,1781189100370
2079628803,3,8.655001,-1.3099501,-1.0339501,1781189100379
2079628813,3,8.568001,-1.2409501,-0.97005004,1781189100391
2079628824,3,8.53005,-1.248,-0.93900007,1781189100400
2079628834,3,8.55405,-1.3080001,-0.89295006,1781189100411
2079628844,3,8.54895,-1.368,-0.84795004,1781189100421
2079628854,3,8.523001,-1.41795,-0.73800004,1781189100430
2079628864,3,8.488951,-1.4760001,-0.64395005,1781189100440
2079628874,3,8.425051,-1.524,-0.57000005,1781189100451
2079628884,3,8.401051,-1.54005,-0.47895002,1781189100460
2079628894,3,8.37195,-1.5829501,-0.453,1781189100470
2079628904,3,8.334001,-1.6170001,-0.43095002,1781189100481
2079628914,3,8.35305,-1.6290001,-0.41895002,1781189100490
2079628924,3,8.467951,-1.6890001,-0.41400003,1781189100501
2079628934,3,8.602051,-1.7320501,-0.43305,1781189100510
2079628944,3,8.667001,-1.761,-0.47400004,1781189100522
2079628954,3,8.743051,-1.7580001,-0.47700003,1781189100532
2079628965,3,8.78895,-1.7410501,-0.42900002,1781189100542
2079628975,3,8.81505,-1.7080501,-0.38805002,1781189100551
2079628985,3,8.81295,-1.7029501,-0.30900002,1781189100562
2079628995,3,8.7619505,-1.6699501,-0.19395001,1781189100571
2079629005,3,8.773951,-1.64295,-0.12195001,1781189100581
2079629015,3,8.805,-1.5810001,-0.058050003,1781189100592
2079629025,3,8.929951,-1.5979501,0.00405,1781189100602
2079629035,3,9.106951,-1.62405,0.01305,1781189100611
2079629045,3,9.379951,-1.725,0.01995,1781189100623
2079629055,3,9.768001,-1.8280501,0.052050002,1781189100632
2079629065,3,10.20405,-1.9759501,0.016050002,1781189100643
2079629075,3,10.584001,-2.055,-0.058050003,1781189100652
2079629085,3,10.9459505,-2.1100502,-0.15795001,1781189100663
2079629096,3,11.22795,-2.09295,-0.22500001,1781189100673
2079629106,3,11.50395,-2.1030002,-0.261,1781189100683
2079629116,3,11.800951,-2.14395,-0.30705002,1781189100692
2079629126,3,12.064051,-2.18205,-0.42405003,1781189100702
2079629136,3,12.19095,-2.187,-0.51195,1781189100713
2079629146,3,12.145051,-2.1340501,-0.58005005,1781189100722
2079629156,3,11.875051,-2.01,-0.59595,1781189100732
2079629166,3,11.425051,-1.84395,-0.53895,1781189100742
2079629176,3,10.939051,-1.6819501,-0.41400003,1781189100753
2079629186,3,10.479,-1.54305,-0.34500003,1781189100763
2079629196,3,10.041,-1.45605,-0.29700002,1781189100772
2079629206,3,9.624001,-1.3729501,-0.24705002,1781189100783
2079629216,3,9.16695,-1.34895,-0.12900001,1781189100792
2079629227,3,8.63805,-1.33905,-0.043050002,1781189100803
2079629237,3,8.2570505,-1.31505,0.052050002,1781189100813
2079629247,3,7.9549503,-1.34595,0.054,1781189100823
2079629257,3,7.8,-1.35105,-0.048,1781189100834
2079629267,3,7.7710505,-1.38195,-0.24195,1781189100843
2079629277,3,7.6990504,-1.4059501,-0.41400003,1781189100854
2079629287,3,7.6849504,-1.4610001,-0.63195,1781189100863
2079629297,3,7.6540504,-1.4680501,-0.78795004,1781189100873
2079629307,3,7.5990005,-1.46595,-0.864,1781189100883
2079629317,3,7.6060505,-1.50405,-0.89805007,1781189100894
2079629327,3,7.70205,-1.53495,-1.00995,1781189100905
2079629337,3,7.9099503,-1.5790501,-1.15695,1781189100914
2079629347,3,8.274,-1.677,-1.4080501,1781189100924
2079629357,3,8.67405,-1.7509501,-1.6020001,1781189100935
2079629368,3,8.97795,-1.8229501,-1.674,1781189100945
2079629378,3,9.196051,-1.87995,-1.69305,1781189100955
2079629388,3,9.294001,-1.8250501,-1.6860001,1781189100965
2079629398,3,9.28905,-1.7410501,-1.5439501,1781189100975
2079629408,3,9.222,-1.6650001,-1.4059501,1781189100985
2079629418,3,9.153001,-1.6170001,-1.2859501,1781189100995
2079629428,3,9.14295,-1.57395,-1.18005,1781189101005
2079629438,3,9.085951,-1.5670501,-1.092,1781189101014
2079629448,3,8.962951,-1.5090001,-1.0200001,1781189101024
2079629458,3,8.82195,-1.4470501,-1.00605,1781189101035
2079629468,3,8.7310505,-1.401,-1.09395,1781189101044
2079629478,3,8.63805,-1.3750501,-1.1539501,1781189101056
2079629488,3,8.499001,-1.3800001,-1.1730001,1781189101066
2079629499,3,8.379001,-1.3560001,-1.17795,1781189101074
2079629509,3,8.271001,-1.33905,-1.1400001,1781189101084
2079629519,3,8.158951,-1.30095,-1.09905,1781189101096
2079629529,3,8.106,-1.24605,-0.98205006,1781189101105
2079629539,3,8.106,-1.19805,-0.8880001,1781189101116
2079629549,3,8.109,-1.1359501,-0.80700004,1781189101125
2079629559,3,8.085,-1.07295,-0.75705004,1781189101137
2079629569,3,8.034,-1.0159501,-0.711,1781189101145
2079629579,3,7.97205,-0.97800004,-0.73995006,1781189101156
2079629589,3,7.8760505,-0.94905007,-0.73005,1781189101165
2079629599,3,7.8120003,-0.87195003,-0.71595,1781189101175
2079629609,3,7.8690004,-0.89895004,-0.79995006,1781189101185
2079629619,3,8.121,-0.99000007,-0.91995007,1781189101197
2079629630,3,8.46105,-1.0900501,-1.09905,1781189101205
2079629640,3,8.773951,-1.21695,-1.269,1781189101216
2079629650,3,9.09,-1.2910501,-1.41795,1781189101226
2079629660,3,9.18795,-1.2859501,-1.45605,1781189101236
2079629670,3,9.13605,-1.2360001,-1.4130001,1781189101247
2079629680,3,9.1050005,-1.179,-1.338,1781189101256
2079629690,3,9.22395,-1.1520001,-1.3270501,1781189101268
2079629700,3,9.385051,-1.21695,-1.386,1781189101276
2079629710,3,9.556951,-1.2790501,-1.4460001,1781189101286
2079629720,3,9.744,-1.3750501,-1.5109501,1781189101296
2079629730,3,9.96195,-1.4800501,-1.56105,1781189101306
2079629740,3,10.14105,-1.5619501,-1.5589501,1781189101316
2079629750,3,10.366051,-1.6650001,-1.5520501,1781189101328
2079629760,3,10.72605,-1.8349501,-1.554,1781189101338
2079629771,3,11.236051,-2.0689502,-1.7070001,1781189101347
2079629781,3,11.769001,-2.31795,-1.8510001,1781189101357
2079629791,3,12.15705,-2.4739501,-1.88205,1781189101368
2079629801,3,12.35595,-2.52195,-1.7860501,1781189101376
2079629811,3,12.4470005,-2.4450002,-1.59,1781189101387
2079629821,3,12.387001,-2.29905,-1.37205,1781189101398
2079629831,3,12.214951,-2.151,-1.2019501,1781189101408
2079629841,3,12.066001,-2.019,-1.11105,1781189101418
2079629851,3,11.980051,-2.019,-1.1400001,1781189101427
2079629861,3,12.03495,-2.06205,-1.15695,1781189101437
2079629871,3,12.112051,-2.15295,-1.14495,1781189101447
2079629881,3,11.994,-2.17995,-1.04205,1781189101459
2079629891,3,11.547001,-2.043,-0.8880001,1781189101469
2079629902,3,10.807051,-1.8060001,-0.68700004,1781189101479
2079629912,3,9.98805,-1.62195,-0.59400004,1781189101488
2079629922,3,9.220051,-1.4800501,-0.51195,1781189101500
2079629932,3,8.575951,-1.42095,-0.44805002,1781189101508
2079629942,3,8.049001,-1.38705,-0.41205,1781189101518
2079629952,3,7.6750503,-1.4250001,-0.44505003,1781189101528
2079629962,3,7.4689503,-1.49205,-0.52395004,1781189101538
2079629972,3,7.46505,-1.6000501,-0.67305005,1781189101547
2079629982,3,7.60305,-1.7149501,-0.87405,1781189101560
2079629992,3,7.76205,-1.8370501,-1.06605,1781189101569
2079630002,3,7.9579506,-1.9470001,-1.197,1781189101578
2079630012,3,8.2240505,-2.05695,-1.3120501,1781189101590
2079630022,3,8.580001,-2.18895,-1.3429501,1781189101600
2079630033,3,8.892,-2.29695,-1.389,1781189101611
2079630043,3,9.13605,-2.32095,-1.3909501,1781189101619
2079630053,3,9.247951,-2.26095,-1.4059501,1781189101629
2079630063,3,9.21195,-2.124,-1.353,1781189101640
2079630073,3,9.030001,-1.9020001,-1.3050001,1781189101650
2079630083,3,8.793,-1.7220001,-1.2070501,1781189101660
2079630093,3,8.65695,-1.5810001,-1.0890001,1781189101670
2079630103,3,8.54895,-1.49205,-0.975,1781189101680
2079630113,3,8.439,-1.4299501,-0.87405,1781189101691
2079630123,3,8.41005,-1.3800001,-0.77595,1781189101701
2079630133,3,8.41005,-1.32,-0.66105,1781189101711
2079630143,3,8.406,-1.3099501,-0.57495004,1781189101721
2079630153,3,8.370001,-1.32,-0.52395004,1781189101730
2079630164,3,8.346001,-1.3420501,-0.47400004,1781189101741
2079630174,3,8.37705,-1.35405,-0.43605003,1781189101751
2079630184,3,8.443951,-1.3800001,-0.45000002,1781189101760
2079630194,3,8.50395,-1.4110501,-0.453,1781189101771
2079630204,3,8.53995,-1.4250001,-0.46695003,1781189101780
2079630214,3,8.608951,-1.42305,-0.43800002,1781189101792
2079630224,3,8.793,-1.437,-0.43095002,1781189101800
2079630234,3,8.82705,-1.488,-0.43095002,1781189101810
2079630244,3,8.700001,-1.4680501,-0.37605003,1781189101821
2079630254,3,8.51805,-1.42095,-0.28695002,1781189101831
2079630264,3,8.37705,-1.389,-0.18195,1781189101840
2079630274,3,8.3220005,-1.3560001,-0.079050004,1781189101851
2079630284,3,8.42895,-1.36995,-0.079050004,1781189101860
2079630294,3,8.602051,-1.437,-0.10305001,1781189101871
2079630305,3,8.7960005,-1.5120001,-0.14595,1781189101882
2079630315,3,9.018001,-1.57605,-0.18195,1781189101892
2079630325,3,9.27705,-1.65795,-0.273,1781189101902
2079630335,3,9.516001,-1.713,-0.35205,1781189101912
2079630345,3,9.672001,-1.7530501,-0.41400003,1781189101922
2079630355,3,9.769951,-1.713,-0.44295,1781189101932
2079630365,3,9.78495,-1.6380001,-0.45000002,1781189101942
2079630375,3,9.8560505,-1.61205,-0.42405003,1781189101952
2079630385,3,9.979051,-1.5790501,-0.35895002,1781189101961
2079630395,3,10.149,-1.6720501,-0.36600003,1781189101971
2079630405,3,10.55805,-1.81305,-0.46905002,1781189101981
2079630415,3,11.250001,-1.9950001,-0.66795003,1781189101991
2079630425,3,12.12405,-2.1990001,-0.984,1781189102001
2079630436,3,12.721951,-2.361,-1.33095,1781189102013
2079630446,3,12.928051,-2.3500502,-1.4970001,1781189102023
2079630456,3,12.828001,-2.2350001,-1.4389501,1781189102032
2079630466,3,12.50205,-2.05995,-1.25205,1781189102043
2079630476,3,12.130951,-1.9230001,-1.008,1781189102052
2079630486,3,11.805,-1.84905,-0.78300005,1781189102063
2079630496,3,11.38395,-1.725,-0.558,1781189102073
2079630506,3,10.76895,-1.6030501,-0.35700002,1781189102083
2079630516,3,10.024051,-1.4299501,-0.12705001,1781189102093
2079630526,3,9.20505,-1.2270001,0.09195001,1781189102103
2079630536,3,8.37405,-1.04505,0.27705002,1781189102113
2079630546,3,7.6369505,-0.89400005,0.44700003,1781189102123
2079630556,3,7.0600505,-0.81495005,0.55395,1781189102133
2079630567,3,6.70095,-0.79995006,0.56595004,1781189102142
2079630577,3,6.5209503,-0.79605,0.48000002,1781189102154
2079630587,3,6.5479503,-0.90105003,0.30795002,1781189102164
2079630597,3,6.768,-1.0570501,0.0010500001,1781189102174
2079630607,3,7.0360503,-1.2409501,-0.333,1781189102184
2079630617,3,7.3110003,-1.4059501,-0.63705003,1781189102195
2079630627,3,7.6009502,-1.5190501,-0.99600005,1781189102204
2079630637,3,7.9579506,-1.6140001,-1.389,1781189102214
2079630647,3,8.286,-1.6620001,-1.695,1781189102224
2079630657,3,8.575951,-1.7149501,-1.94895,1781189102233
2079630667,3,8.89395,-1.7580001,-2.1070502,1781189102245
2079630677,3,9.106951,-1.79595,-2.1760502,1781189102254
2079630687,3,9.21,-1.8229501,-2.1379502,1781189102264
2079630697,3,9.247951,-1.8040501,-2.0689502,1781189102273
2079630708,3,9.30105,-1.7890501,-1.9560001,1781189102284
2079630718,3,9.330001,-1.7389501,-1.7839501,1781189102295
2079630728,3,9.32295,-1.66005,-1.57095,1781189102304
2079630738,3,9.29895,-1.6140001,-1.3429501,1781189102315
2079630748,3,9.259951,-1.5880501,-1.1850001,1781189102324
2079630758,3,9.222,-1.5880501,-1.0890001,1781189102335
2079630768,3,9.165,-1.6140001,-1.0510501,1781189102344
2079630778,3,9.1050005,-1.6380001,-1.07295,1781189102355
2079630788,3,9.04695,-1.6459501,-1.05795,1781189102365
2079630798,3,9.02805,-1.605,-1.113,1781189102374
2079630808,3,8.99205,-1.5790501,-1.1230501,1781189102384
2079630818,3,8.905951,-1.557,-1.09905,1781189102396
2079630828,3,8.75805,-1.5330001,-1.044,1781189102404
2079630839,3,8.580001,-1.5000001,-0.9580501,1781189102416
2079630849,3,8.401051,-1.4470501,-0.83595,1781189102427
2079630859,3,8.23305,-1.365,-0.72795004,1781189102436
2079630869,3,8.03895,-1.2910501,-0.58905005,1781189102447
2079630879,3,7.8880506,-1.2030001,-0.48105,1781189102457
2079630889,3,7.9150505,-1.1190001,-0.43305,1781189102465
2079630899,3,7.9429502,-1.059,-0.41700003,1781189102476
2079630909,3,7.9750504,-1.0159501,-0.43800002,1781189102487
2079630919,3,8.073,-0.96795005,-0.51195,1781189102496
2079630929,3,8.13,-0.89895004,-0.59400004,1781189102505
2079630939,3,8.142,-0.83895004,-0.67800003,1781189102515
2079630949,3,8.24295,-0.77895004,-0.77805007,1781189102526
2079630959,3,8.403001,-0.74100006,-0.85200006,1781189102537
2079630970,3,8.596951,-0.72405005,-0.9580501,1781189102546
2079630980,3,8.773951,-0.73305005,-1.0699501,1781189102557
2079630990,3,8.953951,-0.79305005,-1.2040501,1781189102565
2079631000,3,9.1050005,-0.82395005,-1.3120501,1781189102576
2079631010,3,9.267,-0.87705004,-1.4250001,1781189102588
2079631020,3,9.48795,-0.96105003,-1.5469501,1781189102596
2079631030,3,9.77505,-1.04505,-1.6210501,1781189102606
2079631040,3,10.09095,-1.167,-1.67595,1781189102618
2079631050,3,10.309051,-1.2889501,-1.6519501,1781189102626
2079631060,3,10.536,-1.4610001,-1.59195,1781189102638
2079631070,3,10.69005,-1.6189501,-1.5010501,1781189102648
2079631080,3,10.76595,-1.8040501,-1.4580001,1781189102658
2079631090,3,10.819051,-1.983,-1.4770501,1781189102666
2079631101,3,10.9150505,-2.091,-1.542,1781189102678
2079631111,3,11.094001,-2.2440002,-1.57605,1781189102688
2079631121,3,11.254951,-2.3779502,-1.542,1781189102697
2079631131,3,11.238001,-2.46405,-1.386,1781189102707
2079631141,3,11.23305,-2.5080001,-1.10895,1781189102717
2079631151,3,11.17605,-2.433,-0.81705004,1781189102728
2079631161,3,11.121,-2.31795,-0.52005005,1781189102737
2079631171,3,11.04405,-2.2009501,-0.333,1781189102748
2079631181,3,10.90995,-2.19405,-0.37095,1781189102758
2079631191,3,10.716001,-2.184,-0.51000005,1781189102768
2079631201,3,10.46895,-2.1319501,-0.67800003,1781189102778
2079631211,3,10.23705,-2.0410502,-0.87405,1781189102788
2079631221,3,10.11495,-1.9740001,-1.0390501,1781189102797
2079631231,3,9.99495,-1.93305,-1.125,1781189102807
2079631242,3,9.801001,-1.84395,-1.07505,1781189102819
2079631252,3,9.5140505,-1.725,-1.01505,1781189102828
2079631262,3,9.165,-1.57395,-0.90300006,1781189102839
2079631272,3,8.83905,-1.45905,-0.82095003,1781189102848
2079631282,3,8.580001,-1.38495,-0.771,1781189102859
2079631292,3,8.39595,-1.36995,-0.78105,1781189102868
2079631302,3,8.23995,-1.401,-0.80895007,1781189102879
2079631312,3,8.106,-1.4470501,-0.84795004,1781189102888
2079631322,3,8.05395,-1.4680501,-0.85005003,1781189102898
2079631332,3,8.094001,-1.54305,-0.88095003,1781189102909
2079631342,3,8.24295,-1.6339501,-0.975,1781189102918
2079631352,3,8.446051,-1.7149501,-1.056,1781189102930
2079631362,3,8.68605,-1.7920501,-1.14495,1781189102940
2079631373,3,9.018001,-1.8420001,-1.25205,1781189102948
2079631383,3,9.42105,-1.9279501,-1.4100001,1781189102959
2079631393,3,9.75105,-1.99995,-1.542,1781189102969
2079631403,3,9.991051,-1.9590001,-1.6140001,1781189102980
2079631413,3,10.09095,-1.8970501,-1.6189501,1781189102990
2079631423,3,9.967051,-1.72905,-1.5780001,1781189103000
2079631433,3,9.672001,-1.57095,-1.4580001,1781189103010
2079631443,3,9.3820505,-1.4490001,-1.30305,1781189103020
2079631453,3,9.09,-1.3420501,-1.1179501,1781189103030
2079631463,3,8.85795,-1.21695,-0.96000004,1781189103040
2079631473,3,8.604,-1.15005,-0.78795004,1781189103049
2079631483,3,8.394,-1.10895,-0.651,1781189103059
2079631493,3,8.23095,-1.06605,-0.53205,1781189103071
2079631504,3,8.06805,-1.03995,-0.402,1781189103081
2079631514,3,7.9600506,-1.03995,-0.28005,1781189103091
2079631524,3,7.8859506,-1.0570501,-0.16800001,1781189103100
2079631534,3,7.8520503,-1.0710001,-0.04605,1781189103111
2079631544,3,7.8139505,-1.11195,0.028050002,1781189103120
2079631554,3,7.905,-1.1689501,0.08295,1781189103131
2079631564,3,8.13,-1.263,0.040050004,1781189103141
2079631574,3,8.394,-1.3609501,-0.058050003,1781189103151
2079631584,3,8.644951,-1.44,-0.22005,1781189103160
2079631594,3,8.875051,-1.5160501,-0.35700002,1781189103172
2079631604,3,8.95905,-1.58595,-0.44505003,1781189103182
2079631614,3,8.92695,-1.57395,-0.453,1781189103190
2079631624,3,8.904,-1.50405,-0.46005002,1781189103202
2079631634,3,8.868,-1.4419501,-0.39495003,1781189103212
2079631645,3,8.808001,-1.3800001,-0.33795002,1781189103222
2079631655,3,8.808001,-1.3750501,-0.28005,1781189103231
2079631665,3,8.944051,-1.3939501,-0.27105,1781189103240
2079631675,3,9.081,-1.4490001,-0.29505002,1781189103251
2079631685,3,9.295951,-1.4830501,-0.321,1781189103261
2079631695,3,9.571951,-1.524,-0.462,1781189103272
2079631705,3,9.84405,-1.557,-0.63900006,1781189103288
2079631715,3,10.122001,-1.53795,-0.80895007,1781189103292
2079631725,3,10.309051,-1.55505,-0.9889501,1781189103301
2079631735,3,10.453051,-1.5499501,-1.125,1781189103311
2079631745,3,10.510051,-1.5330001,-1.197,1781189103323
2079631755,3,10.584001,-1.5330001,-1.2379501,1781189103333
2079631765,3,10.73295,-1.557,-1.22595,1781189103342
2079631776,3,11.01795,-1.641,-1.21395,1781189103351
2079631786,3,11.36505,-1.7530501,-1.164,1781189103363
2079631796,3,11.52795,-1.8199501,-1.1539501,1781189103373
2079631806,3,11.446051,-1.8180001,-1.113,1781189103383
2079631816,3,11.085001,-1.746,-0.95505005,1781189103393
2079631826,3,10.692,-1.62195,-0.74700004,1781189103403
2079631836,3,10.39305,-1.5690001,-0.53205,1781189103413
2079631846,3,10.189051,-1.5330001,-0.38805002,1781189103423
2079631856,3,10.146001,-1.5810001,-0.30195,1781189103432
2079631866,3,10.2300005,-1.65795,-0.354,1781189103442
2079631876,3,10.28295,-1.7200501,-0.47400004,1781189103453
2079631886,3,10.251,-1.7490001,-0.55605,1781189103462
2079631896,3,10.168051,-1.7680501,-0.64395005,1781189103472
2079631907,3,9.865951,-1.7340001,-0.56505,1781189103484
2079631917,3,9.366,-1.5450001,-0.34500003,1781189103494
2079631927,3,8.853001,-1.38705,-0.14895001,1781189103503
2079631937,3,8.36205,-1.26705,0.109050006,1781189103514
2079631947,3,8.001,-1.215,0.27195,1781189103524
2079631957,3,7.7230506,-1.2049501,0.33600003,1781189103533
2079631967,3,7.5720005,-1.2270001,0.37005,1781189103543
2079631977,3,7.48395,-1.2409501,0.32700002,1781189103554
2079631987,3,7.4740505,-1.28205,0.25695002,1781189103564
2079631997,3,7.5270004,-1.365,0.087000005,1781189103573
2079632007,3,7.6660504,-1.4680501,-0.12705001,1781189103583
2079632017,3,7.9240503,-1.6290001,-0.42195,1781189103594
2079632027,3,8.27595,-1.7989501,-0.76095,1781189103604
2079632038,3,8.5990505,-1.96905,-1.1010001,1781189103615
2079632048,3,8.916,-2.1079502,-1.35,1781189103623
2079632058,3,9.12405,-2.25405,-1.506,1781189103635
2079632068,3,9.17595,-2.35395,-1.5439501,1781189103645
2079632078,3,9.042001,-2.32605,-1.473,1781189103655
2079632088,3,8.805,-2.256,-1.35,1781189103665
2079632098,3,8.556001,-2.12205,-1.23105,1781189103675
2079632108,3,8.36505,-1.9470001,-1.1179501,1781189103684
2079632118,3,8.305051,-1.8420001,-1.07505,1781189103694
2079632128,3,8.4199505,-1.74405,-1.1040001,1781189103705
2079632138,3,8.511001,-1.7080501,-1.1899501,1781189103714
2079632148,3,8.55195,-1.65795,-1.212,1781189103724
2079632158,3,8.49195,-1.5979501,-1.1400001,1781189103735
2079632168,3,8.418,-1.5160501,-1.01505,1781189103746
2079632179,3,8.32695,-1.389,-0.88605005,1781189103755
2079632189,3,8.274,-1.2750001,-0.80700004,1781189103765
2079632199,3,8.214001,-1.1520001,-0.79005,1781189103775
2079632209,3,8.15205,-1.0350001,-0.81705004,1781189103786
2079632219,3,8.122951,-0.966,-0.86700004,1781189103795
2079632229,3,8.0130005,-0.93195003,-0.93600005,1781189103807
2079632239,3,7.82595,-0.90795004,-0.96000004,1781189103815
2079632249,3,7.6150503,-0.87000006,-0.91695005,1781189103827
2079632259,3,7.4620504,-0.81495005,-0.88095003,1781189103836
2079632269,3,7.4070005,-0.81195,-0.85005003,1781189103847
2079632279,3,7.4359503,-0.82005006,-0.84795004,1781189103855
2079632289,3,7.5439506,-0.846,-0.82605004,1781189103865
2079632299,3,7.7500505,-0.90105003,-0.82605004,1781189103875
2079632310,3,8.00805,-0.98700005,-0.915,1781189103887
2079632320,3,8.2240505,-1.06095,-1.02195,1781189103897
2079632330,3,8.44905,-1.10895,-1.12995,1781189103907
2079632340,3,8.7289505,-1.15695,-1.25205,1781189103917
2079632350,3,8.92695,-1.18095,-1.386,1781189103927
2079632360,3,9.094951,-1.248,-1.4290501,1781189103937
2079632370,3,9.30105,-1.2580501,-1.4680501,1781189103946
2079632380,3,9.39,-1.27695,-1.41495,1781189103956
2079632390,3,9.399,-1.2390001,-1.3240501,1781189103966
2079632400,3,9.424951,-1.212,-1.26405,1781189103978
2079632410,3,9.519,-1.19805,-1.2589501,1781189103987
2079632420,3,9.612,-1.1839501,-1.2930001,1781189103996
2079632430,3,9.721951,-1.24605,-1.34595,1781189104006
2079632441,3,9.859051,-1.3060501,-1.4100001,1781189104018
2079632451,3,9.945001,-1.33905,-1.4580001,1781189104027
2079632461,3,10.002001,-1.36995,-1.44105,1781189104036
2079632471,3,10.137,-1.43295,-1.4080501,1781189104047
2079632481,3,10.390051,-1.5619501,-1.4490001,1781189104057
2079632491,3,10.696951,-1.7320501,-1.4490001,1781189104067
2079632501,3,11.03205,-1.8970501,-1.4629501,1781189104077
2079632511,3,11.31,-2.05005,-1.4770501,1781189104088
2079632521,3,11.65005,-2.1340501,-1.4770501,1781189104097
2079632531,3,11.935051,-2.19105,-1.48695,1781189104107
2079632541,3,12.078001,-2.22,-1.4680501,1781189104117
2079632551,3,12.220051,-2.2440002,-1.45305,1781189104127
2079632561,3,12.33195,-2.26305,-1.4770501,1781189104138
2079632571,3,12.40095,-2.3059502,-1.506,1781189104148
2079632582,3,12.3820505,-2.2729502,-1.4680501,1781189104159
2079632592,3,12.16005,-2.2009501,-1.3429501,1781189104169
2079632602,3,11.779051,-2.09805,-1.125,1781189104179
2079632612,3,11.215951,-2.0359502,-0.86895007,1781189104188
2079632622,3,10.587001,-1.9620001,-0.63495004,1781189104199
2079632632,3,9.95205,-1.9540501,-0.39495003,1781189104208
2079632642,3,9.351001,-1.8919501,-0.16800001,1781189104219
2079632652,3,8.78895,-1.8709501,0.006,1781189104229
2079632662,3,8.37405,-1.914,0.09705,1781189104238
2079632672,3,8.166,-1.9930501,0.08295,1781189104250
2079632682,3,8.0460005,-2.0770502,-0.028950002,1781189104261
2079632692,3,8.085,-2.1769502,-0.23505001,1781189104270
2079632702,3,8.21595,-2.2470002,-0.48900002,1781189104279
2079632713,3,8.406,-2.2440002,-0.75000006,1781189104288
2079632723,3,8.619,-2.2729502,-0.98205006,1781189104299
2079632733,3,8.83695,-2.2470002,-1.1850001,1781189104310
2079632743,3,8.986951,-2.1990001,-1.353,1781189104319
2079632753,3,9.15705,-2.12895,-1.4130001,1781189104330
2079632763,3,9.402,-2.08905,-1.4460001,1781189104340
2079632773,3,9.691051,-2.08095,-1.437,1781189104350
2079632783,3,9.946951,-2.04495,-1.44105,1781189104360
2079632793,3,10.078951,-1.9740001,-1.4629501,1781189104369
2079632803,3,10.098001,-1.9090501,-1.41795,1781189104380
2079632813,3,10.042951,-1.8010501,-1.365,1781189104390
2079632823,3,9.945001,-1.7200501,-1.2280501,1781189104400
2079632833,3,9.8560505,-1.65495,-1.02705,1781189104409
2079632844,3,9.744,-1.6339501,-0.80700004,1781189104420
2079632854,3,9.574051,-1.6459501,-0.55305004,1781189104430
2079632864,3,9.34395,-1.64295,-0.33495003,1781189104441
2079632874,3,9.061951,-1.6140001,-0.132,1781189104451
2079632884,3,8.832001,-1.5810001,0.022950001,1781189104461
2079632894,3,8.67405,-1.53795,0.123,1781189104471
2079632904,3,8.55195,-1.521,0.16605,1781189104480
2079632914,3,8.52795,-1.5310501,0.15405001,1781189104490
2079632924,3,8.62605,-1.524,0.08505,1781189104501
2079632934,3,8.832001,-1.5880501,-0.03795,1781189104510
2079632944,3,9.0709505,-1.6189501,-0.19905001,1781189104522
2079632954,3,9.186001,-1.6309501,-0.354,1781189104530
2079632964,3,9.24405,-1.62405,-0.46500003,1781189104540
2079632975,3,9.20505,-1.5619501,-0.48900002,1781189104551
2079632985,3,9.20505,-1.5000001,-0.462,1781189104562
2079632995,3,9.28905,-1.44,-0.453,1781189104572
2079633005,3,9.306001,-1.3750501,-0.46695003,1781189104582
2079633015,3,9.232051,-1.284,-0.50100005,1781189104591
2079633025,3,9.14505,-1.1359501,-0.55095005,1781189104602
2079633035,3,9.15705,-0.906,-0.56805,1781189104612
2079633045,3,9.247951,-0.65205,-0.61995006,1781189104622
2079633055,3,9.373051,-0.48000002,-0.675,1781189104632
2079633065,3,9.43995,-0.41295,-0.71400005,1781189104642
2079633075,3,9.415951,-0.40500003,-0.73305005,1781189104652
2079633085,3,9.327001,-0.528,-0.70905006,1781189104662
2079633095,3,9.2029505,-0.657,-0.68700004,1781189104673
2079633105,3,9.10005,-0.75705004,-0.66300005,1781189104683
2079633116,3,9.02295,-0.85095006,-0.69900006,1781189104693
2079633126,3,8.892,-0.91995007,-0.76395005,1781189104702
2079633136,3,8.710051,-0.93195003,-0.78495,1781189104712
2079633146,3,8.54895,-0.93195003,-0.78105,1781189104723
2079633156,3,8.44905,-0.92700005,-0.77805007,1781189104734
2079633166,3,8.382,-0.91800004,-0.75000006,1781189104742
2079633176,3,8.403001,-0.92505,-0.735,1781189104754
2079633186,3,8.36505,-0.90105003,-0.67095006,1781189104762
2079633196,3,8.290951,-0.83205,-0.61095005,1781189104773
2079633206,3,8.21595,-0.80295,-0.558,1781189104783
2079633216,3,8.142,-0.75705004,-0.51195,1781189104792
2079633226,3,8.089951,-0.69495004,-0.50505,1781189104802
2079633236,3,8.09895,-0.64500004,-0.51195,1781189104814
2079633247,3,8.145,-0.64005005,-0.582,1781189104822
2079633257,3,8.271001,-0.59895,-0.65895003,1781189104832
2079633267,3,8.391001,-0.57105005,-0.771,1781189104842
2079633277,3,8.458051,-0.57495004,-0.88395005,1781189104854
2079633287,3,8.635051,-0.64005005,-1.04595,1781189104864
2079633297,3,8.755051,-0.702,-1.233,1781189104874
2079633307,3,8.875051,-0.79995006,-1.33605,1781189104884
2079633317,3,8.956051,-0.85605,-1.389,1781189104894
2079633327,3,9.049951,-0.93000007,-1.34595,1781189104904
2079633337,3,9.13605,-0.975,-1.3050001,1781189104914
2079633347,3,9.17595,-1.0350001,-1.25205,1781189104924
2079633357,3,9.15495,-1.0690501,-1.149,1781189104933
2079633367,3,9.13605,-1.11195,-1.07295,1781189104943
2079633378,3,9.150001,-1.1550001,-1.02705,1781189104954
2079633388,3,9.17895,-1.19595,-1.0200001,1781189104963
2079633398,3,9.246,-1.2390001,-1.03005,1781189104975
2079633408,3,9.31995,-1.2580501,-1.06095,1781189104985
2079633418,3,9.385051,-1.30305,-1.0890001,1781189104995
2079633428,3,9.45405,-1.3249501,-1.0870501,1781189105005
2079633438,3,9.50895,-1.35405,-1.056,1781189105014
2079633448,3,9.5119505,-1.3369501,-0.975,1781189105025
2079633458,3,9.46905,-1.2859501,-0.91005003,1781189105034
2079633468,3,9.448951,-1.2409501,-0.83595,1781189105045
2079633478,3,9.526051,-1.2409501,-0.85005003,1781189105055
2079633488,3,9.62895,-1.2720001,-0.86205006,1781189105066
2079633498,3,9.67395,-1.2750001,-0.88605005,1781189105075
2079633508,3,9.69795,-1.2529501,-0.9289501,1781189105085
2079633519,3,9.660001,-1.22895,-0.97905004,1781189105096
2079633529,3,9.58605,-1.21905,-0.9889501,1781189105105
2079633539,3,9.495001,-1.176,-0.96300006,1781189105116
2079633549,3,9.4140005,-1.1880001,-0.96000004,1781189105127
2079633559,3,9.375,-1.2049501,-0.984,1781189105137
2079633569,3,9.342,-1.2430501,-0.9889501,1781189105147
2079633579,3,9.363001,-1.2720001,-1.0699501,1781189105156
2079633589,3,9.391951,-1.30095,-1.1010001,1781189105167
2079633599,3,9.42105,-1.31295,-1.0870501,1781189105176
2079633609,3,9.46905,-1.33395,-1.06605,1781189105185
2079633619,3,9.45195,-1.365,-1.044,1781189105195
2079633629,3,9.3820505,-1.3560001,-0.94095004,1781189105205
2079633639,3,9.25605,-1.36995,-0.88605005,1781189105217
2079633650,3,9.21,-1.43295,-0.8880001,1781189105227
2079633660,3,9.141001,-1.5310501,-0.90000004,1781189105235
2079633670,3,9.076051,-1.593,-0.91995007,1781189105247
2079633680,3,9.052051,-1.6699501,-0.92700005,1781189105259
2079633690,3,9.02295,-1.74405,-0.94305,1781189105266
2079633700,3,9.04695,-1.8250501,-0.94305,1781189105277
2079633710,3,9.057,-1.8730501,-0.96495,1781189105288
2079633720,3,9.13095,-1.9090501,-0.99600005,1781189105296
2079633730,3,9.150001,-1.96395,-1.0129501,1781189105306
2079633740,3,9.118951,-1.9420501,-1.0129501,1781189105318
2079633750,3,9.030001,-1.9159501,-0.9580501,1781189105327
2079633760,3,8.961,-1.8589501,-0.91695005,1781189105338
2079633770,3,8.901,-1.8420001,-0.89595,1781189105348
2079633781,3,8.889001,-1.7869501,-0.87600005,1781189105356
2079633791,3,8.904,-1.746,-0.86895007,1781189105367
2079633801,3,8.923051,-1.7170501,-0.864,1781189105376
2079633811,3,8.95905,-1.6650001,-0.83595,1781189105387
2079633821,3,9.00195,-1.6480501,-0.82395005,1781189105397
2079633831,3,9.042001,-1.61205,-0.80700004,1781189105407
2079633841,3,9.054001,-1.5880501,-0.82605004,1781189105417
2079633851,3,9.009001,-1.50705,-0.795,1781189105427
2079633861,3,8.99505,-1.485,-0.74505,1781189105437
2079633871,3,8.916,-1.4299501,-0.72105,1781189105447
2079633881,3,8.82495,-1.36995,-0.64905006,1781189105459
2079633891,3,8.773951,-1.33395,-0.615,1781189105467
2079633901,3,8.820001,-1.31505,-0.57705003,1781189105477
2079633911,3,8.97795,-1.33395,-0.615,1781189105488
2079633922,3,9.15495,-1.3060501,-0.651,1781189105498
2079633932,3,9.25605,-1.2270001,-0.64905006,1781189105508
2079633942,3,9.241051,-1.179,-0.666,1781189105519
2079633952,3,9.13095,-1.15695,-0.63195,1781189105529
2079633962,3,8.997001,-1.1380501,-0.56505,1781189105538
2079633972,3,8.89605,-1.131,-0.51195,1781189105548
2079633982,3,8.83395,-1.164,-0.47895002,1781189105558
2079633992,3,8.776951,-1.19595,-0.48105,1781189105569
2079634002,3,8.809951,-1.2529501,-0.53400004,1781189105578
2079634012,3,8.908051,-1.3300501,-0.60300004,1781189105590
2079634022,3,9.018001,-1.4299501,-0.62505,1781189105599
2079634032,3,9.0400505,-1.4899501,-0.67305005,1781189105610
2079634042,3,9.069,-1.49205,-0.69405,1781189105619
2079634053,3,9.02295,-1.4800501,-0.67995006,1781189105628
2079634063,3,8.901,-1.437,-0.62700003,1781189105639
2079634073,3,8.793,-1.3729501,-0.57705003,1781189105650
2079634083,3,8.784,-1.30305,-0.50295,1781189105660
2079634093,3,8.785951,-1.2889501,-0.47205,1781189105670
2079634103,3,8.83695,-1.2859501,-0.47895002,1781189105680
2079634113,3,8.920051,-1.284,-0.52005005,1781189105689
2079634123,3,8.973001,-1.29795,-0.55305004,1781189105699
2079634133,3,8.98995,-1.2889501,-0.63495004,1781189105710
2079634143,3,8.99205,-1.251,-0.70395005,1781189105720
2079634153,3,8.98305,-1.2270001,-0.75195,1781189105731
2079634163,3,8.94705,-1.1910001,-0.79995006,1781189105741
2079634173,3,8.889001,-1.16205,-0.79305005,1781189105749
2079634184,3,8.86995,-1.16205,-0.80205005,1781189105760
2079634194,3,8.853001,-1.176,-0.78105,1781189105770
2079634204,3,8.844001,-1.2100501,-0.78105,1781189105781
2079634214,3,8.889001,-1.27005,-0.78105,1781189105790
2079634224,3,8.96595,-1.30095,-0.80205005,1781189105800
2079634234,3,9.049951,-1.3080001,-0.87195003,1781189105810
2079634244,3,9.208051,-1.31505,-0.90795004,1781189105821
2079634254,3,9.28695,-1.3080001,-0.93600005,1781189105831
2079634264,3,9.339001,-1.3060501,-0.9289501,1781189105841
2079634274,3,9.30105,-1.248,-0.93405,1781189105850
2079634284,3,9.253051,-1.19805,-0.90795004,1781189105861
2079634294,3,9.229051,-1.12395,-0.86205006,1781189105870
2079634304,3,9.150001,-1.1050501,-0.81900007,1781189105882
2079634315,3,9.10005,-1.0849501,-0.75900006,1781189105892
2079634325,3,8.99205,-1.09305,-0.72795004,1781189105900
2079634335,3,8.92695,-1.07295,-0.642,1781189105912
2079634345,3,8.93505,-1.12395,-0.651,1781189105922
2079634355,3,8.949,-1.143,-0.651,1781189105931
2079634365,3,8.96805,-1.19595,-0.61800003,1781189105941
2079634375,3,8.94705,-1.212,-0.558,1781189105952
2079634385,3,8.911051,-1.2360001,-0.53895,1781189105961
2079634395,3,8.892,-1.2409501,-0.558,1781189105972
2079634405,3,8.937,-1.2550501,-0.61995006,1781189105981
2079634415,3,8.944051,-1.2720001,-0.67095006,1781189105991
2079634425,3,8.997001,-1.32,-0.76395005,1781189106002
2079634435,3,9.064051,-1.3579501,-0.85200006,1781189106011
2079634445,3,9.109051,-1.3920001,-0.91695005,1781189106022
2079634456,3,9.17595,-1.43505,-0.95295006,1781189106032
2079634466,3,9.29895,-1.45905,-1.02705,1781189106043
2079634476,3,9.361051,-1.4490001,-1.092,1781189106052
2079634486,3,9.373051,-1.404,-1.0699501,1781189106062
2079634496,3,9.33705,-1.3770001,-1.02705,1781189106073
2079634506,3,9.24405,-1.3219501,-0.99105006,1781189106083
2079634516,3,9.106951,-1.2790501,-0.9289501,1781189106094
2079634526,3,9.021001,-1.26705,-0.88395005,1781189106103
2079634536,3,8.98305,-1.2940501,-0.88095003,1781189106113
2079634546,3,9.02595,-1.33395,-0.90495,1781189106122
2079634556,3,9.073951,-1.4110501,-0.9289501,1781189106134
2079634566,3,9.117001,-1.4440501,-0.95100003,1781189106143
2079634576,3,9.238951,-1.4760001,-0.94095004,1781189106154
2079634587,3,9.361051,-1.5330001,-0.98700005,1781189106164
2079634597,3,9.44505,-1.54305,-0.99600005,1781189106174
2079634607,3,9.45405,-1.5670501,-1.0390501,1781189106184
2079634617,3,9.49695,-1.50705,-0.975,1781189106194
2079634627,3,9.49695,-1.4800501,-0.90000004,1781189106204
2079634637,3,9.48495,-1.4299501,-0.81405,1781189106213
2079634647,3,9.448951,-1.4130001,-0.76605004,1781189106223
2079634657,3,9.403951,-1.36995,-0.702,1781189106233
2079634667,3,9.397051,-1.35405,-0.68205005,1781189106243
2079634677,3,9.4140005,-1.368,-0.69900006,1781189106255
2079634687,3,9.415951,-1.38495,-0.76605004,1781189106265
2079634697,3,9.378,-1.3800001,-0.77805007,1781189106273
2079634707,3,9.315001,-1.3440001,-0.81405,1781189106285
2079634718,3,9.232051,-1.31805,-0.84000003,1781189106294
2079634728,3,9.153001,-1.2910501,-0.81405,1781189106305
2079634738,3,9.093,-1.2940501,-0.80505,1781189106315
2079634748,3,9.076051,-1.2889501,-0.79995006,1781189106325
2079634758,3,9.10005,-1.3270501,-0.80205005,1781189106335
2079634768,3,9.14505,-1.3729501,-0.82605004,1781189106345
2079634778,3,9.18795,-1.3750501,-0.86895007,1781189106354
2079634788,3,9.234,-1.4089501,-0.88095003,1781189106365
2079634798,3,9.23595,-1.4250001,-0.90300006,1781189106376
2079634808,3,9.27,-1.4299501,-0.91005003,1781189106385
2079634818,3,9.253051,-1.4250001,-0.95100003,1781189106395
2079634828,3,9.262951,-1.4470501,-0.94095004,1781189106406
2079634838,3,9.238951,-1.4419501,-0.90000004,1781189106415
2079634848,3,9.21195,-1.42305,-0.87600005,1781189106427
2079634859,3,9.21,-1.4280001,-0.83805007,1781189106434
2079634869,3,9.226951,-1.44,-0.82095003,1781189106446
2079634879,3,9.295951,-1.4470501,-0.80505,1781189106456
2079634889,3,9.34605,-1.452,-0.81900007,1781189106466
2079634899,3,9.423,-1.46595,-0.84300005,1781189106476
2079634909,3,9.48495,-1.4760001,-0.84795004,1781189106485
2079634919,3,9.46605,-1.4440501,-0.83595,1781189106495
2079634929,3,9.397051,-1.4280001,-0.83295006,1781189106507
2079634939,3,9.303,-1.4089501,-0.79305005,1781189106515
2079634949,3,9.17205,-1.35405,-0.73305005,1781189106525
2079634959,3,9.02595,-1.3060501,-0.702,1781189106536
2079634969,3,8.917951,-1.284,-0.666,1781189106545
2079634979,3,8.841001,-1.2390001,-0.63495004,1781189106555
2079634990,3,8.83695,-1.23405,-0.61800003,1781189106566
2079635000,3,8.889001,-1.23105,-0.66300005,1781189106577
2079635010,3,8.953951,-1.248,-0.67995006,1781189106586
2079635020,3,9.0379505,-1.27695,-0.735,1781189106596
2079635030,3,9.093,-1.2790501,-0.795,1781189106608
2079635040,3,9.13095,-1.2889501,-0.83595,1781189106618
2079635050,3,9.162001,-1.284,-0.83295006,1781189106626
2079635060,3,9.15495,-1.26705,-0.84795004,1781189106638
2079635070,3,9.15705,-1.26705,-0.84000003,1781189106647
2079635080,3,9.13095,-1.2550501,-0.79005,1781189106657
2079635090,3,9.174001,-1.24605,-0.74205005,1781189106666
2079635100,3,9.14295,-1.26495,-0.69705003,1781189106678
2079635110,3,9.20505,-1.2790501,-0.65895003,1781189106688
2079635121,3,9.16695,-1.3080001,-0.65400004,1781189106697
2079635131,3,9.229051,-1.3300501,-0.64695,1781189106707
2079635141,3,9.283951,-1.3750501,-0.67305005,1781189106718
2079635151,3,9.35805,-1.3920001,-0.63900006,1781189106727
2079635161,3,9.387,-1.4419501,-0.66795003,1781189106737
2079635171,3,9.471001,-1.50195,-0.63195,1781189106748
2079635181,3,9.460951,-1.5259501,-0.61995006,1781189106758
2079635191,3,9.4140005,-1.53795,-0.64905006,1781189106767
2079635201,3,9.35595,-1.5330001,-0.666,1781189106777
2079635211,3,9.29895,-1.5120001,-0.67305005,1781189106788
2079635221,3,9.259951,-1.4779501,-0.67800003,1781189106797
2079635231,3,9.20505,-1.437,-0.70605004,1781189106808
2079635241,3,9.165,-1.437,-0.69405,1781189106817
2079635252,3,9.1050005,-1.404,-0.68205005,1781189106829
2079635262,3,9.042001,-1.389,-0.675,1781189106838
2079635272,3,8.985001,-1.389,-0.70395005,1781189106849
2079635282,3,8.93505,-1.4059501,-0.74505,1781189106858
2079635292,3,8.956051,-1.3750501,-0.74205005,1781189106869
2079635302,3,8.997001,-1.3800001,-0.79995006,1781189106879
2079635312,3,9.085951,-1.3939501,-0.82605004,1781189106888
2079635322,3,9.150001,-1.4299501,-0.81705004,1781189106898
2079635332,3,9.2029505,-1.416,-0.80505,1781189106908
2079635342,3,9.271951,-1.3990501,-0.81705004,1781189106918
2079635352,3,9.330001,-1.38705,-0.80505,1781189106929
2079635362,3,9.339001,-1.3729501,-0.80700004,1781189106938
2079635372,3,9.363001,-1.365,-0.78795004,1781189106948
2079635382,3,9.424951,-1.3920001,-0.78105,1781189106960
2079635393,3,9.45195,-1.416,-0.77295005,1781189106970
2079635403,3,9.415951,-1.4250001,-0.70395005,1781189106980
2079635413,3,9.373051,-1.4440501,-0.67995006,1781189106988
2079635423,3,9.399,-1.44,-0.65595,1781189106999
2079635433,3,9.430051,-1.50405,-0.63195,1781189107010
2079635443,3,9.387,-1.5160501,-0.642,1781189107020
2079635453,3,9.363001,-1.5120001,-0.68505,1781189107030
2079635463,3,9.44205,-1.5640501,-0.69900006,1781189107040
2079635473,3,9.45705,-1.59105,-0.72105,1781189107050
2079635483,3,9.418051,-1.5880501,-0.73800004,1781189107060
2079635493,3,9.351001,-1.5589501,-0.726,1781189107071
2079635503,3,9.250951,-1.524,-0.70605004,1781189107080
2079635513,3,9.15495,-1.488,-0.72105,1781189107091
2079635524,3,9.109051,-1.43505,-0.70605004,1781189107101
2079635534,3,9.081,-1.41795,-0.71595,1781189107111
2079635544,3,9.00405,-1.401,-0.726,1781189107121
2079635554,3,9.021001,-1.3770001,-0.735,1781189107131
2079635564,3,9.00405,-1.38495,-0.79305005,1781189107140
2079635574,3,9.057,-1.36995,-0.83100003,1781189107151
2079635584,3,9.094951,-1.38495,-0.90000004,1781189107162
2079635594,3,9.118951,-1.3920001,-0.89805007,1781189107170
2079635604,3,9.17895,-1.3969501,-0.90000004,1781189107181
2079635614,3,9.232051,-1.3990501,-0.90495,1781189107192
2079635624,3,9.315001,-1.38705,-0.90300006,1781189107200
2079635634,3,9.361051,-1.437,-0.88395005,1781189107210
2079635644,3,9.415951,-1.42095,-0.85005003,1781189107222
2079635655,3,9.44205,-1.4299501,-0.85005003,1781189107231
2079635665,3,9.42105,-1.4280001,-0.80895007,1781189107242
2079635675,3,9.402,-1.4470501,-0.79305005,1781189107252
2079635685,3,9.406051,-1.46595,-0.76395005,1781189107260
2079635695,3,9.44205,-1.50195,-0.771,1781189107270
2079635705,3,9.46905,-1.5190501,-0.771,1781189107282
2079635715,3,9.45405,-1.5280501,-0.771,1781189107291
2079635725,3,9.42105,-1.5310501,-0.76095,1781189107302
2079635735,3,9.394051,-1.49205,-0.74205005,1781189107313
2079635745,3,9.39,-1.4970001,-0.74700004,1781189107323
2079635755,3,9.34605,-1.50705,-0.76395005,1781189107333
2079635765,3,9.327001,-1.4680501,-0.771,1781189107342
2079635775,3,9.258,-1.4299501,-0.79005,1781189107353
2079635785,3,9.162001,-1.4059501,-0.77805007,1781189107363
2079635796,3,9.073951,-1.3770001,-0.78300005,1781189107373
2079635806,3,9.01395,-1.36995,-0.76905006,1781189107383
2079635816,3,8.961,-1.3750501,-0.76395005,1781189107393
2079635826,3,8.925,-1.365,-0.76395005,1781189107403
2079635836,3,8.887051,-1.3609501,-0.76095,1781189107413
2079635846,3,8.844001,-1.3770001,-0.74700004,1781189107422
2079635856,3,8.85795,-1.38495,-0.75000006,1781189107432
2079635866,3,8.913,-1.4110501,-0.75705004,1781189107443
2079635876,3,8.986951,-1.4130001,-0.78105,1781189107453
2079635886,3,9.11205,-1.45395,-0.81195,1781189107463
2079635896,3,9.2029505,-1.473,-0.80505,1781189107474
2079635906,3,9.30105,-1.4640001,-0.78300005,1781189107483
2079635916,3,9.387,-1.4470501,-0.76095,1781189107494
2079635927,3,9.397051,-1.4280001,-0.70605004,1781189107504
2079635937,3,9.44505,-1.4130001,-0.63195,1781189107514
2079635947,3,9.4810505,-1.38495,-0.606,1781189107524
2079635957,3,9.523951,-1.3800001,-0.57000005,1781189107534
2079635967,3,9.540001,-1.389,-0.52905005,1781189107544
2079635977,3,9.540001,-1.389,-0.546,1781189107554
2079635987,3,9.50205,-1.38195,-0.53595,1781189107564
2079635997,3,9.45195,-1.4059501,-0.53595,1781189107574
2079636007,3,9.397051,-1.389,-0.57195,1781189107583
2079636017,3,9.31995,-1.416,-0.57000005,1781189107595
2079636027,3,9.258,-1.4089501,-0.582,1781189107603
2079636037,3,9.15705,-1.404,-0.61305004,1781189107614
2079636047,3,9.1050005,-1.4059501,-0.642,1781189107625
2079636058,3,9.0400505,-1.3990501,-0.651,1781189107635
2079636068,3,9.00195,-1.3770001,-0.65400004,1781189107645
2079636078,3,8.973001,-1.35105,-0.67800003,1781189107654
2079636088,3,8.985001,-1.3369501,-0.70395005,1781189107665
2079636098,3,9.02805,-1.34895,-0.72105,1781189107675
2079636108,3,9.054001,-1.3630501,-0.73800004,1781189107685
2079636118,3,9.073951,-1.35405,-0.71805006,1781189107694
2079636128,3,9.121051,-1.35405,-0.72105,1781189107705
2079636138,3,9.141001,-1.36995,-0.69195,1781189107715
2079636148,3,9.16005,-1.365,-0.675,1781189107724
2079636158,3,9.1380005,-1.35105,-0.65400004,1781189107735
2079636168,3,9.150001,-1.34595,-0.63495004,1781189107744
2079636178,3,9.18795,-1.3800001,-0.60300004,1781189107754
2079636189,3,9.234,-1.38495,-0.60105,1781189107765
2079636199,3,9.31095,-1.389,-0.57000005,1781189107775
2079636209,3,9.366,-1.43295,-0.59205,1781189107787
2079636219,3,9.45195,-1.43505,-0.63195,1781189107795
2079636229,3,9.50205,-1.45605,-0.64905006,1781189107806
2079636239,3,9.53295,-1.473,-0.675,1781189107815
2079636249,3,9.564,-1.5000001,-0.70605004,1781189107827
2079636259,3,9.568951,-1.5160501,-0.726,1781189107835
2079636269,3,9.6,-1.50195,-0.72105,1781189107847
2079636279,3,9.6,-1.4779501,-0.68205005,1781189107857
2079636289,3,9.579,-1.4760001,-0.66300005,1781189107867
2079636299,3,9.531,-1.43295,-0.63705003,1781189107875
2079636309,3,9.49995,-1.38705,-0.615,1781189107887
2079636319,3,9.459001,-1.3750501,-0.61995006,1781189107897
2079636330,3,9.3820505,-1.33395,-0.62700003,1781189107907
2079636340,3,9.295951,-1.2859501,-0.67095006,1781189107916
2079636350,3,9.196051,-1.2430501,-0.65895003,1781189107927
2079636360,3,9.082951,-1.2070501,-0.642,1781189107936
2079636370,3,9.00405,-1.1839501,-0.62700003,1781189107947
2079636380,3,8.96805,-1.14795,-0.63900006,1781189107956
2079636390,3,8.937,-1.143,-0.64905006,1781189107966
2079636400,3,8.973001,-1.15695,-0.666,1781189107978
2079636410,3,9.009001,-1.164,-0.726,1781189107987
2079636420,3,9.02595,-1.164,-0.75195,1781189107998
2079636430,3,9.01605,-1.176,-0.75705004,1781189108007
2079636440,3,8.99895,-1.15995,-0.76605004,1781189108018
2079636450,3,9.00405,-1.1689501,-0.77595,1781189108027
2079636461,3,9.04695,-1.176,-0.81405,1781189108037
2079636471,3,9.1050005,-1.1880001,-0.84300005,1781189108048
2079636481,3,9.19995,-1.2270001,-0.86205006,1781189108059
2079636491,3,9.27495,-1.263,-0.89805007,1781189108066
2079636501,3,9.35805,-1.3060501,-0.924,1781189108077
2079636511,3,9.4470005,-1.3099501,-0.9480001,1781189108087
2079636521,3,9.5119505,-1.34595,-0.95100003,1781189108098
2079636531,3,9.59805,-1.368,-0.96000004,1781189108107
2079636541,3,9.688951,-1.3750501,-0.95505005,1781189108117
2079636551,3,9.712951,-1.4059501,-0.9670501,1781189108128
2079636561,3,9.700951,-1.3990501,-0.93900007,1781189108138
2079636571,3,9.64605,-1.38495,-0.89100003,1781189108148
2079636581,3,9.564,-1.368,-0.86700004,1781189108160
2079636592,3,9.45405,-1.33905,-0.79695004,1781189108169
2079636602,3,9.327001,-1.3249501,-0.76905006,1781189108178
2079636612,3,9.198001,-1.284,-0.726,1781189108190
2079636622,3,9.082951,-1.263,-0.70905006,1781189108198
2079636632,3,8.997001,-1.26495,-0.73800004,1781189108209
2079636642,3,8.99505,-1.27005,-0.771,1781189108219
2079636652,3,9.0070505,-1.2889501,-0.84495,1781189108228
2079636662,3,9.030001,-1.29795,-0.88095003,1781189108238
2079636672,3,9.02595,-1.2750001,-0.924,1781189108249
2079636682,3,9.03495,-1.2750001,-0.93405,1781189108258
2079636692,3,9.00405,-1.2360001,-0.924,1781189108268
2079636702,3,8.973001,-1.22895,-0.91200006,1781189108278
2079636712,3,8.937,-1.21695,-0.90795004,1781189108289
2079636722,3,8.88,-1.19595,-0.87600005,1781189108299
2079636733,3,8.865001,-1.19295,-0.83100003,1781189108308
2079636743,3,8.974951,-1.2270001,-0.83100003,1781189108319
2079636753,3,9.13305,-1.284,-0.80700004,1781189108330
2079636763,3,9.294001,-1.33905,-0.83805007,1781189108340
2079636773,3,9.43305,-1.4110501,-0.84495,1781189108350
2079636783,3,9.576,-1.4440501,-0.864,1781189108360
2079636793,3,9.624001,-1.45395,-0.84000003,1781189108370
2079636803,3,9.607051,-1.45905,-0.81405,1781189108380
2079636813,3,9.58605,-1.43505,-0.74700004,1781189108390
2079636823,3,9.552,-1.416,-0.68205005,1781189108400
2079636833,3,9.50895,-1.43295,-0.61800003,1781189108409
2079636843,3,9.4470005,-1.3920001,-0.59595,1781189108419
2079636853,3,9.399,-1.3800001,-0.58005005,1781189108431
2079636864,3,9.34605,-1.3939501,-0.56295,1781189108440
2079636874,3,9.31095,-1.3750501,-0.58695,1781189108451
2079636884,3,9.262951,-1.3770001,-0.60795003,1781189108461
2079636894,3,9.196051,-1.36995,-0.63195,1781189108470
2079636904,3,9.126,-1.38495,-0.64695,1781189108481
2079636914,3,9.049951,-1.401,-0.66795003,1781189108490
2079636924,3,9.00405,-1.38705,-0.69705003,1781189108502
2079636934,3,8.98005,-1.42305,-0.71400005,1781189108511
2079636944,3,8.974951,-1.4640001,-0.75000006,1781189108521
2079636954,3,8.961,-1.44,-0.75000006,1781189108532
2079636964,3,8.950951,-1.4419501,-0.771,1781189108542
2079636974,3,8.973001,-1.44,-0.77595,1781189108551
2079636984,3,8.96805,-1.45605,-0.76905006,1781189108562
2079636995,3,8.98995,-1.4419501,-0.78105,1781189108570
2079637005,3,8.99895,-1.43505,-0.78105,1781189108580
2079637015,3,8.99505,-1.4280001,-0.75000006,1781189108592
2079637025,3,8.99505,-1.3969501,-0.71595,1781189108602
2079637035,3,9.01395,-1.3939501,-0.651,1781189108612
2079637045,3,9.078,-1.3800001,-0.61800003,1781189108622
2079637055,3,9.20505,-1.4419501,-0.59595,1781189108632
2079637065,3,9.330001,-1.45605,-0.58905005,1781189108642
2079637075,3,9.435,-1.5090001,-0.58905005,1781189108652
2079637085,3,9.552,-1.5190501,-0.56505,1781189108663
2079637095,3,9.624001,-1.5310501,-0.56805,1781189108672
2079637105,3,9.672001,-1.5280501,-0.57195,1781189108681
2079637115,3,9.663,-1.5469501,-0.54105,1781189108693
2079637125,3,9.63405,-1.4970001,-0.52395004,1781189108703
2079637136,3,9.591001,-1.5000001,-0.49800003,1781189108713
2079637146,3,9.5119505,-1.473,-0.47700003,1781189108722
2079637156,3,9.415951,-1.45605,-0.42600003,1781189108733
2079637166,3,9.27705,-1.437,-0.43305,1781189108743
2079637176,3,9.16695,-1.4110501,-0.42600003,1781189108754
2079637186,3,9.076051,-1.3750501,-0.441,1781189108762
2079637196,3,9.01605,-1.3579501,-0.48405004,1781189108772
2079637206,3,8.95905,-1.3369501,-0.52695,1781189108783
2079637216,3,8.905951,-1.33395,-0.55995005,1781189108794
2079637226,3,8.868,-1.31805,-0.58395004,1781189108803
2079637236,3,8.889001,-1.332,-0.642,1781189108814
2079637246,3,8.908051,-1.32,-0.67305005,1781189108822
2079637256,3,8.913,-1.3080001,-0.69900006,1781189108834
2079637267,3,8.937,-1.2720001,-0.72300005,1781189108844
2079637277,3,8.956051,-1.2790501,-0.70605004,1781189108854
2079637287,3,8.99895,-1.28205,-0.67995006,1781189108863
2079637297,3,9.082951,-1.2910501,-0.675,1781189108874
2079637307,3,9.186001,-1.2790501,-0.666,1781189108884
2079637317,3,9.306001,-1.3080001,-0.67995006,1781189108894
2079637327,3,9.361051,-1.2940501,-0.65595,1781189108904
2079637337,3,9.411,-1.2889501,-0.63900006,1781189108914
2079637347,3,9.435,-1.263,-0.62295,1781189108923
2079637357,3,9.46605,-1.26705,-0.58695,1781189108933
2079637367,3,9.47595,-1.2529501,-0.57000005,1781189108944
2079637377,3,9.516001,-1.26705,-0.558,1781189108954
2079637387,3,9.5449505,-1.2720001,-0.582,1781189108964
2079637398,3,9.574051,-1.2750001,-0.61305004,1781189108974
2079637408,3,9.580951,-1.2790501,-0.64905006,1781189108985
2079637418,3,9.568951,-1.28205,-0.66795003,1781189108995
2079637428,3,9.516001,-1.3060501,-0.73005,1781189109005
2079637438,3,9.460951,-1.2720001,-0.73800004,1781189109015
2079637448,3,9.394051,-1.26705,-0.80205005,1781189109025
2079637458,3,9.294001,-1.2550501,-0.81705004,1781189109035
2079637468,3,9.162001,-1.212,-0.81405,1781189109045
2079637478,3,9.066,-1.19295,-0.84000003,1781189109054
2079637488,3,8.99505,-1.18095,-0.85005003,1781189109065
2079637498,3,8.973001,-1.167,-0.85200006,1781189109075
2079637508,3,8.97105,-1.19595,-0.88605005,1781189109086
2079637518,3,9.045,-1.248,-0.93900007,1781189109096
2079637529,3,9.102,-1.26705,-0.975,1781189109104
2079637539,3,9.17595,-1.2940501,-1.02495,1781189109116
2079637549,3,9.226951,-1.27695,-1.03695,1781189109125
2079637559,3,9.22395,-1.296,-1.0180501,1781189109135
2079637569,3,9.20505,-1.26705,-0.975,1781189109145
2079637579,3,9.174001,-1.2580501,-0.91005003,1781189109156
2079637589,3,9.186001,-1.251,-0.87195003,1781189109166
2079637599,3,9.220051,-1.251,-0.85695004,1781189109175
2079637609,3,9.262951,-1.2910501,-0.84495,1781189109187
2079637619,3,9.327001,-1.31805,-0.86700004,1781189109195
2079637629,3,9.415951,-1.35405,-0.86700004,1781189109205
2079637639,3,9.46905,-1.404,-0.93600005,1781189109217
2079637649,3,9.547951,-1.4089501,-0.97005004,1781189109227
2079637659,3,9.59805,-1.3990501,-0.95295006,1781189109236
2079637670,3,9.639001,-1.4610001,-0.9670501,1781189109246
2079637680,3,9.636001,-1.5000001,-0.95295006,1781189109255
2079637690,3,9.604951,-1.4899501,-0.92700005,1781189109265
2079637700,3,9.504001,-1.473,-0.90495,1781189109277
2079637710,3,9.45405,-1.4640001,-0.88605005,1781189109285
2079637720,3,9.403951,-1.45605,-0.86700004,1781189109295
2079637730,3,9.373051,-1.4680501,-0.88395005,1781189109307
2079637740,3,9.303,-1.5139501,-0.89100003,1781189109316
2079637750,3,9.253051,-1.5310501,-0.88605005,1781189109327
2079637760,3,9.19995,-1.557,-0.91995007,1781189109337
2079637770,3,9.214951,-1.5979501,-0.9580501,1781189109346
2079637780,3,9.165,-1.6140001,-0.99105006,1781189109356
2079637790,3,9.12405,-1.62195,-1.00605,1781189109367
2079637801,3,9.088051,-1.605,-0.99600005,1781189109376
2079637811,3,9.042001,-1.6030501,-0.984,1781189109386
2079637821,3,9.01605,-1.59105,-0.97695005,1781189109397
2079637831,3,8.961,-1.57395,-0.9289501,1781189109406
2079637841,3,8.953951,-1.5520501,-0.89100003,1781189109416
2079637851,3,8.96595,-1.5469501,-0.87900007,1781189109427
2079637861,3,8.956051,-1.5469501,-0.86205006,1781189109438
2079637871,3,8.96805,-1.54305,-0.84000003,1781189109447
2079637881,3,9.00195,-1.5280501,-0.82395005,1781189109457
2079637891,3,9.073951,-1.557,-0.79995006,1781189109467
2079637901,3,9.16005,-1.5670501,-0.80205005,1781189109477
2079637911,3,9.28905,-1.5979501,-0.81195,1781189109489
2079637921,3,9.385051,-1.6170001,-0.80205005,1781189109498
2079637932,3,9.460951,-1.60695,-0.80505,1781189109508
2079637942,3,9.49695,-1.593,-0.77595,1781189109519
2079637952,3,9.538051,-1.58595,-0.75195,1781189109529
2079637962,3,9.555,-1.5829501,-0.72105,1781189109539
2079637972,3,9.568951,-1.5949501,-0.68505,1781189109549
2079637982,3,9.6,-1.59105,-0.651,1781189109558
2079637992,3,9.53295,-1.593,-0.63495004,1781189109568
2079638002,3,9.427951,-1.5619501,-0.615,1781189109578
2079638012,3,9.283951,-1.54005,-0.57495004,1781189109589
2079638022,3,9.16695,-1.5160501,-0.56295,1781189109598
2079638032,3,9.0400505,-1.5139501,-0.55095005,1781189109610
2079638042,3,8.97105,-1.5280501,-0.53595,1781189109620
2079638052,3,8.89605,-1.5520501,-0.53895,1781189109630
2079638062,3,8.904,-1.5880501,-0.55995005,1781189109639
2079638073,3,8.937,-1.61205,-0.59400004,1781189109648
2079638083,3,8.962951,-1.64295,-0.666,1781189109658
2079638093,3,9.02595,-1.674,-0.70395005,1781189109668
2079638103,3,9.064051,-1.674,-0.73800004,1781189109679
2079638113,3,9.117001,-1.6860001,-0.76395005,1781189109688
2079638123,3,9.129001,-1.641,-0.76395005,1781189109699
2079638133,3,9.073951,-1.62405,-0.73005,1781189109709
2079638143,3,9.033,-1.557,-0.67095006,1781189109719
2079638153,3,8.962951,-1.54305,-0.61995006,1781189109728
2079638163,3,8.96805,-1.4779501,-0.54795,1781189109738
2079638173,3,8.938951,-1.4800501,-0.47895002,1781189109749
2079638183,3,9.00405,-1.4830501,-0.43305,1781189109759
2079638193,3,9.117001,-1.4970001,-0.40995002,1781189109770
2079638204,3,9.208051,-1.5160501,-0.44295,1781189109780
2079638214,3,9.283951,-1.5310501,-0.47895002,1781189109790
2079638224,3,9.40905,-1.5259501,-0.462,1781189109799
2079638234,3,9.49005,-1.53495,-0.47895002,1781189109809
2079638244,3,9.53295,-1.5139501,-0.49800003,1781189109819
2079638254,3,9.538051,-1.4970001,-0.50505,1781189109829
2079638264,3,9.48795,-1.45605,-0.50295,1781189109839
2079638274,3,9.387,-1.4419501,-0.45705003,1781189109851
2079638284,3,9.315001,-1.4059501,-0.43305,1781189109860
2079638294,3,9.27705,-1.38195,-0.42195,1781189109870
2079638304,3,9.23595,-1.3729501,-0.45000002,1781189109881
2079638314,3,9.234,-1.368,-0.46005002,1781189109890
2079638324,3,9.238951,-1.38195,-0.50805,1781189109900
2079638335,3,9.262951,-1.4089501,-0.55095005,1781189109911
2079638345,3,9.27705,-1.401,-0.59400004,1781189109921
2079638355,3,9.282001,-1.42095,-0.65595,1781189109931
2079638365,3,9.232051,-1.4110501,-0.66300005,1781189109942
2079638375,3,9.14505,-1.3579501,-0.64905006,1781189109952
2079638385,3,9.076051,-1.3440001,-0.63705003,1781189109962
2079638395,3,9.0070505,-1.31805,-0.60300004,1781189109972
2079638405,3,8.962951,-1.30095,-0.57705003,1781189109982
2079638415,3,8.962951,-1.284,-0.55605,1781189109992
2079638425,3,8.94705,-1.2600001,-0.52395004,1781189110002
2079638435,3,8.985001,-1.2580501,-0.50505,1781189110012
2079638445,3,9.061951,-1.28205,-0.53400004,1781189110021
2079638455,3,9.109051,-1.2750001,-0.54105,1781189110031
2079638466,3,9.21195,-1.284,-0.55605,1781189110043
2079638476,3,9.30795,-1.3080001,-0.60105,1781189110053
2079638486,3,9.373051,-1.3080001,-0.63705003,1781189110063
2079638496,3,9.44505,-1.3099501,-0.651,1781189110073
2079638506,3,9.523951,-1.3249501,-0.675,1781189110083
2079638516,3,9.567,-1.29795,-0.69195,1781189110093
2079638526,3,9.540001,-1.296,-0.67995006,1781189110103
2079638536,3,9.459001,-1.27005,-0.63900006,1781189110113
2079638546,3,9.406051,-1.2580501,-0.63900006,1781189110122
2079638556,3,9.35595,-1.263,-0.642,1781189110134
2079638566,3,9.30795,-1.251,-0.67800003,1781189110142
2079638576,3,9.27,-1.26495,-0.71595,1781189110155
2079638586,3,9.253051,-1.26705,-0.75000006,1781189110164
2079638596,3,9.23595,-1.3060501,-0.795,1781189110174
2079638607,3,9.21,-1.30305,-0.84495,1781189110184
2079638617,3,9.186001,-1.31505,-0.86895007,1781189110194
2079638627,3,9.16695,-1.32,-0.87195003,1781189110204
2079638637,3,9.1380005,-1.31505,-0.915,1781189110214
2079638647,3,9.11205,-1.3080001,-0.91005003,1781189110224
2079638657,3,9.069,-1.2720001,-0.87405,1781189110233
2079638667,3,9.0379505,-1.26495,-0.86895007,1781189110244
2079638677,3,9.061951,-1.263,-0.86205006,1781189110255
2079638687,3,9.106951,-1.263,-0.85200006,1781189110265
2079638697,3,9.16905,-1.2600001,-0.82095003,1781189110274
2079638707,3,9.253051,-1.2790501,-0.83295006,1781189110283
2079638717,3,9.315001,-1.3080001,-0.83100003,1781189110294
2079638727,3,9.3820505,-1.2889501,-0.82905006,1781189110304
2079638738,3,9.423,-1.30305,-0.82395005,1781189110314
2079638748,3,9.4140005,-1.2859501,-0.86895007,1781189110325
2079638758,3,9.43995,-1.3249501,-0.80700004,1781189110335
2079638768,3,9.4810505,-1.3080001,-0.83100003,1781189110345
2079638778,3,9.46905,-1.3249501,-0.83595,1781189110355
2079638788,3,9.44505,-1.3219501,-0.79005,1781189110364
2079638798,3,9.42105,-1.31505,-0.77295005,1781189110375
2079638808,3,9.387,-1.3080001,-0.78105,1781189110384
2079638818,3,9.363001,-1.31805,-0.771,1781189110394
2079638828,3,9.36795,-1.3440001,-0.76395005,1781189110405
2079638838,3,9.342,-1.38495,-0.76605004,1781189110415
2079638848,3,9.33195,-1.42095,-0.79305005,1781189110426
2079638858,3,9.31095,-1.4610001,-0.82395005,1781189110434
2079638869,3,9.291,-1.50195,-0.87405,1781189110444
2079638879,3,9.28905,-1.5520501,-0.90000004,1781189110456
2079638889,3,9.267,-1.5880501,-0.94305,1781189110466
2079638899,3,9.262951,-1.6290001,-0.96300006,1781189110476
2079638909,3,9.226951,-1.6459501,-0.97005004,1781189110487
2079638919,3,9.17595,-1.6339501,-0.97005004,1781189110495
2079638929,3,9.14295,-1.6189501,-0.93900007,1781189110506
2079638939,3,9.109051,-1.6030501,-0.90495,1781189110516
2079638949,3,9.093,-1.593,-0.85995007,1781189110525
2079638959,3,9.045,-1.5640501,-0.84795004,1781189110535
2079638969,3,9.00195,-1.5310501,-0.80895007,1781189110547
2079638979,3,8.95905,-1.5120001,-0.76395005,1781189110556
2079638989,3,8.98005,-1.5139501,-0.74505,1781189110565
2079638999,3,9.0070505,-1.524,-0.73305005,1781189110577
2079639010,3,9.102,-1.5450001,-0.735,1781189110587
2079639020,3,9.238951,-1.5829501,-0.75195,1781189110597
2079639030,3,9.378,-1.62195,-0.795,1781189110606
2079639040,3,9.495001,-1.6530001,-0.82905006,1781189110617
2079639050,3,9.592951,-1.66005,-0.85695004,1781189110628
2079639060,3,9.62895,-1.6500001,-0.85200006,1781189110638
2079639070,3,9.571951,-1.64295,-0.82095003,1781189110646
2079639080,3,9.49005,-1.593,-0.81705004,1781189110658
2079639090,3,9.354,-1.5450001,-0.78105,1781189110666
2079639100,3,9.208051,-1.5139501,-0.73995006,1781189110676
2079639110,3,9.076051,-1.488,-0.71400005,1781189110687
2079639120,3,8.97795,-1.485,-0.67995006,1781189110698
2079639130,3,8.905951,-1.4800501,-0.66300005,1781189110706
2079639141,3,8.88405,-1.521,-0.65595,1781189110717
2079639151,3,8.899051,-1.53795,-0.666,1781189110726
2079639161,3,8.929951,-1.5979501,-0.71400005,1781189110737
2079639171,3,8.98005,-1.626,-0.71400005,1781189110746
2079639181,3,9.02595,-1.6500001,-0.73005,1781189110758
2079639191,3,9.05895,-1.66005,-0.75900006,1781189110767
2079639201,3,9.018001,-1.6459501,-0.77595,1781189110778
2079639211,3,8.986951,-1.6030501,-0.75900006,1781189110788
2079639221,3,8.950951,-1.5589501,-0.72795004,1781189110797
2079639231,3,8.941951,-1.5160501,-0.68700004,1781189110808
2079639241,3,8.917951,-1.50195,-0.63705003,1781189110819
2079639251,3,8.94705,-1.4779501,-0.61995006,1781189110829
2079639261,3,8.97795,-1.488,-0.58005005,1781189110839
2079639272,3,9.069,-1.5259501,-0.546,1781189110849
2079639282,3,9.150001,-1.5619501,-0.582,1781189110858
2079639292,3,9.22395,-1.5880501,-0.58695,1781189110868
2079639302,3,9.30105,-1.6309501,-0.60300004,1781189110878
2079639312,3,9.361051,-1.6309501,-0.63000005,1781189110888
2079639322,3,9.430051,-1.6669501,-0.63705003,1781189110899
2079639332,3,9.46605,-1.65795,-0.64695,1781189110909
2079639342,3,9.50205,-1.65495,-0.61800003,1781189110918
2079639352,3,9.547951,-1.62195,-0.60795003,1781189110930
2079639362,3,9.550051,-1.5690001,-0.53895,1781189110938
2079639372,3,9.535951,-1.5589501,-0.558,1781189110948
2079639382,3,9.47595,-1.5499501,-0.54105,1781189110958
2079639392,3,9.387,-1.524,-0.55995005,1781189110970
2079639403,3,9.30795,-1.5160501,-0.54105,1781189110980
2079639413,3,9.222,-1.4950501,-0.57195,1781189110989
2079639423,3,9.17895,-1.50705,-0.57195,1781189110999
2079639433,3,9.20505,-1.5120001,-0.60795003,1781189111010
2079639443,3,9.174001,-1.5330001,-0.63000005,1781189111020
2079639453,3,9.184051,-1.5259501,-0.65400004,1781189111030
2079639463,3,9.196051,-1.54005,-0.67995006,1781189111040
2079639473,3,9.15495,-1.54005,-0.666,1781189111049
2079639483,3,9.10005,-1.5120001,-0.67800003,1781189111059
2079639493,3,9.097051,-1.49205,-0.702,1781189111071
2079639503,3,9.094951,-1.4830501,-0.71400005,1781189111079
2079639513,3,9.042001,-1.45605,-0.711,1781189111091
2079639523,3,9.01095,-1.45605,-0.68700004,1781189111101
2079639533,3,8.99895,-1.437,-0.675,1781189111111
2079639544,3,9.109051,-1.45605,-0.675,1781189111121
2079639554,3,9.11205,-1.4419501,-0.666,1781189111131
2079639564,3,9.109051,-1.452,-0.63195,1781189111141
2079639574,3,9.109051,-1.43505,-0.615,1781189111150
2079639584,3,9.19095,-1.4610001,-0.63195,1781189111162
2079639594,3,9.291,-1.473,-0.64395005,1781189111171
2079639604,3,9.378,-1.50195,-0.651,1781189111180
2079639614,3,9.427951,-1.50405,-0.69705003,1781189111191
2079639624,3,9.460951,-1.4950501,-0.70605004,1781189111202
2079639634,3,9.411,-1.47105,-0.69000006,1781189111210
2079639644,3,9.35595,-1.43295,-0.69195,1781189111222
2079639654,3,9.27705,-1.4110501,-0.69405,1781189111230
2079639664,3,9.174001,-1.3939501,-0.66105,1781189111242
2079639675,3,9.12405,-1.38705,-0.63900006,1781189111252
2079639685,3,9.1050005,-1.38495,-0.64395005,1781189111261
2079639695,3,9.126,-1.3969501,-0.642,1781189111270
2079639705,3,9.15495,-1.3990501,-0.642,1781189111280
2079639715,3,9.214951,-1.437,-0.66300005,1781189111290
2079639725,3,9.28905,-1.45605,-0.71805006,1781189111301
2079639735,3,9.363001,-1.45605,-0.75195,1781189111312
2079639745,3,9.397051,-1.473,-0.78795004,1781189111322
2079639755,3,9.330001,-1.4470501,-0.80895007,1781189111332
2079639765,3,9.226951,-1.404,-0.79305005,1781189111342
2079639775,3,9.15705,-1.3579501,-0.75405,1781189111353
2079639785,3,9.097051,-1.3249501,-0.74205005,1781189111363
2079639795,3,9.076051,-1.3270501,-0.73995006,1781189111371
2079639806,3,9.073951,-1.3420501,-0.73305005,1781189111383
2079639816,3,9.117001,-1.3560001,-0.73800004,1781189111393
2079639826,3,9.15495,-1.3969501,-0.76395005,1781189111402
2079639836,3,9.186001,-1.4250001,-0.78105,1781189111412
2079639846,3,9.30105,-1.4490001,-0.80700004,1781189111423
2079639856,3,9.375,-1.485,-0.83100003,1781189111433
2079639866,3,9.418051,-1.521,-0.83295006,1781189111443
2079639876,3,9.435,-1.5000001,-0.82095003,1781189111452
2079639886,3,9.460951,-1.5000001,-0.78300005,1781189111463
2079639896,3,9.49995,-1.4760001,-0.75900006,1781189111472
2079639906,3,9.556951,-1.50195,-0.75900006,1781189111483
2079639916,3,9.580951,-1.488,-0.75705004,1781189111494
2079639926,3,9.59805,-1.488,-0.76905006,1781189111503
2079639936,3,9.547951,-1.46595,-0.78795004,1781189111514
2079639947,3,9.424951,-1.43295,-0.735,1781189111524
2079639957,3,9.29895,-1.4490001,-0.69705003,1781189111534
2079639967,3,9.15495,-1.4490001,-0.67095006,1781189111544
2079639977,3,9.10005,-1.4830501,-0.64695,1781189111554
2079639987,3,9.126,-1.5640501,-0.69195,1781189111564
2079639997,3,9.217051,-1.6339501,-0.74700004,1781189111574
2079640007,3,9.28905,-1.6890001,-0.81195,1781189111583
2079640017,3,9.34395,-1.7340001,-0.89595,1781189111594
2079640027,3,9.36795,-1.7200501,-0.92700005,1781189111604
2079640037,3,9.259951,-1.69305,-0.99405,1781189111614
2079640047,3,9.1380005,-1.6360501,-0.9889501,1781189111624
2079640057,3,8.99505,-1.593,-0.9580501,1781189111633
2079640067,3,8.875051,-1.5450001,-0.91695005,1781189111645
2079640078,3,8.82195,-1.4779501,-0.87405,1781189111655
2079640088,3,8.797951,-1.45905,-0.81705004,1781189111665
2079640098,3,8.7960005,-1.452,-0.74700004,1781189111675
2079640108,3,8.877001,-1.473,-0.735,1781189111685
2079640118,3,8.99895,-1.5469501,-0.75705004,1781189111695
2079640128,3,9.217051,-1.605,-0.795,1781189111705
2079640138,3,9.397051,-1.6789501,-0.86205006,1781189111715
2079640148,3,9.519,-1.72905,-0.92205006,1781189111726
2079640158,3,9.571951,-1.74405,-0.9580501,1781189111734
2079640168,3,9.559951,-1.713,-0.9580501,1781189111746
2079640178,3,9.504001,-1.69605,-0.89100003,1781189111756
2079640188,3,9.459001,-1.66005,-0.84495,1781189111766
2079640198,3,9.3820505,-1.6360501,-0.79995006,1781189111775
2079640209,3,9.330001,-1.62405,-0.735,1781189111787
2079640219,3,9.24405,-1.6030501,-0.67800003,1781189111796
2079640229,3,9.226951,-1.6099501,-0.666,1781189111805
2079640239,3,9.18795,-1.6030501,-0.68505,1781189111816
2079640249,3,9.1380005,-1.61205,-0.68700004,1781189111827
2079640259,3,9.106951,-1.6140001,-0.70605004,1781189111836
2079640269,3,9.10005,-1.6530001,-0.75195,1781189111845
2079640279,3,9.10005,-1.65795,-0.74700004,1781189111856
2079640289,3,9.076051,-1.6650001,-0.77595,1781189111865
2079640299,3,9.042001,-1.6620001,-0.79995006,1781189111875
2079640309,3,9.009001,-1.6380001,-0.79005,1781189111887
2079640319,3,8.98005,-1.60695,-0.78105,1781189111896
2079640329,3,8.93505,-1.61205,-0.76095,1781189111906
2079640339,3,8.944051,-1.593,-0.72795004,1781189111917
2079640350,3,8.97105,-1.5690001,-0.75195,1781189111927
2079640360,3,9.009001,-1.5670501,-0.735,1781189111937
2079640370,3,9.033,-1.5499501,-0.72300005,1781189111947
2079640380,3,9.00195,-1.5090001,-0.69195,1781189111956
2079640390,3,9.01605,-1.50405,-0.69405,1781189111967
2079640400,3,9.03495,-1.5310501,-0.65895003,1781189111978
2079640410,3,9.106951,-1.5619501,-0.63705003,1781189111986
2079640420,3,9.196051,-1.61205,-0.61800003,1781189111997
2079640430,3,9.267,-1.6360501,-0.63000005,1781189112006
2079640440,3,9.33195,-1.62405,-0.58695,1781189112016
2079640450,3,9.39,-1.65495,-0.56505,1781189112026
2079640460,3,9.49695,-1.65495,-0.52005005,1781189112037
2079640470,3,9.526051,-1.6819501,-0.49605003,1781189112048
2079640481,3,9.49995,-1.6840501,-0.47895002,1781189112056
2079640491,3,9.47295,-1.65795,-0.47400004,1781189112066
2079640501,3,9.448951,-1.62195,-0.462,1781189112077
2079640511,3,9.411,-1.605,-0.47400004,1781189112086
2079640521,3,9.391951,-1.605,-0.49095002,1781189112098
2079640531,3,9.34605,-1.5829501,-0.51495004,1781189112107
2079640541,3,9.28695,-1.5790501,-0.55305004,1781189112118
2079640551,3,9.217051,-1.5640501,-0.56805,1781189112128
2079640561,3,9.198001,-1.5330001,-0.56805,1781189112137
2079640571,3,9.13305,-1.5280501,-0.55995005,1781189112147
2079640581,3,9.078,-1.50405,-0.56295,1781189112158
2079640591,3,9.057,-1.4899501,-0.54795,1781189112168
2079640601,3,9.061951,-1.488,-0.57000005,1781189112178
2079640612,3,9.069,-1.4779501,-0.57195,1781189112190
2079640622,3,9.09,-1.4610001,-0.60105,1781189112198
2079640632,3,9.093,-1.485,-0.61995006,1781189112207
2079640642,3,9.064051,-1.5090001,-0.61800003,1781189112218
2079640652,3,9.0400505,-1.5160501,-0.651,1781189112228
2079640662,3,9.02805,-1.54305,-0.69195,1781189112238
2079640672,3,9.069,-1.5469501,-0.71595,1781189112248
2079640682,3,9.14805,-1.593,-0.75405,1781189112258
2079640692,3,9.253051,-1.641,-0.77805007,1781189112268
2079640702,3,9.33195,-1.677,-0.78300005,1781189112278
2079640712,3,9.4140005,-1.6980001,-0.79995006,1781189112288
2079640722,3,9.47805,-1.7149501,-0.80700004,1781189112299
2079640732,3,9.471001,-1.7080501,-0.77595,1781189112310
2079640743,3,9.366,-1.6500001,-0.74505,1781189112320
2079640753,3,9.267,-1.59105,-0.70395005,1781189112328
2079640763,3,9.196051,-1.5310501,-0.68505,1781189112339
2079640773,3,9.13605,-1.4830501,-0.66105,1781189112350
2079640783,3,9.121051,-1.45605,-0.62295,1781189112360
2079640793,3,9.10005,-1.4440501,-0.59895,1781189112369
2079640803,3,9.11205,-1.44,-0.61095005,1781189112380
2079640813,3,9.12405,-1.44,-0.60300004,1781189112389
2079640823,3,9.117001,-1.4470501,-0.63900006,1781189112400
2079640833,3,9.1050005,-1.43505,-0.67095006,1781189112409
2079640843,3,9.141001,-1.4440501,-0.70905006,1781189112421
2079640853,3,9.141001,-1.47105,-0.75705004,1781189112430
2079640863,3,9.153001,-1.485,-0.79995006,1781189112439
2079640873,3,9.150001,-1.50195,-0.82605004,1781189112449
2079640884,3,9.16005,-1.5000001,-0.83595,1781189112460
2079640894,3,9.150001,-1.5090001,-0.82905006,1781189112471
2079640904,3,9.11205,-1.50195,-0.81705004,1781189112480
2079640914,3,9.118951,-1.5120001,-0.78105,1781189112490
2079640924,3,9.162001,-1.5330001,-0.78495,1781189112501
2079640934,3,9.220051,-1.57095,-0.75405,1781189112511
2079640944,3,9.279,-1.6000501,-0.77595,1781189112522
2079640954,3,9.33495,-1.6189501,-0.76395005,1781189112530
2079640964,3,9.339001,-1.6170001,-0.78495,1781189112540
2079640974,3,9.378,-1.61205,-0.78495,1781189112551
2079640984,3,9.366,-1.5810001,-0.79695004,1781189112560
2079640994,3,9.399,-1.5670501,-0.78105,1781189112570
2079641004,3,9.4470005,-1.54005,-0.77805007,1781189112580
2079641015,3,9.45405,-1.5499501,-0.73800004,1781189112590
2079641025,3,9.430051,-1.5259501,-0.73305005,1781189112602
2079641035,3,9.378,-1.50705,-0.75705004,1781189112611
2079641045,3,9.267,-1.5120001,-0.75405,1781189112621
2079641055,3,9.18795,-1.5330001,-0.76605004,1781189112631
2079641065,3,9.174001,-1.5589501,-0.80205005,1781189112641
2079641075,3,9.153001,-1.58595,-0.83595,1781189112652
2079641085,3,9.15705,-1.5829501,-0.84000003,1781189112663
2079641095,3,9.18105,-1.5949501,-0.88605005,1781189112671
2079641105,3,9.174001,-1.5829501,-0.91200006,1781189112682
2079641115,3,9.094951,-1.53495,-0.915,1781189112692
2079641125,3,9.045,-1.50405,-0.87900007,1781189112701
2079641135,3,9.033,-1.4950501,-0.855,1781189112711
2079641146,3,9.0070505,-1.4760001,-0.81195,1781189112722
2079641156,3,8.96595,-1.45605,-0.77805007,1781189112733
2079641166,3,8.961,-1.4899501,-0.76095,1781189112741
2079641176,3,9.01395,-1.53795,-0.771,1781189112752
2079641186,3,9.069,-1.5690001,-0.80205005,1781189112763
2079641196,3,9.12405,-1.5979501,-0.78105,1781189112772
2079641206,3,9.2029505,-1.6309501,-0.78795004,1781189112783
2079641216,3,9.30105,-1.6459501,-0.78105,1781189112794
2079641226,3,9.366,-1.6459501,-0.76395005,1781189112802
2079641236,3,9.373051,-1.64295,-0.76395005,1781189112813
2079641246,3,9.36795,-1.58595,-0.76095,1781189112824
2079641256,3,9.36795,-1.57095,-0.75405,1781189112834
2079641266,3,9.34395,-1.53795,-0.75195,1781189112843
2079641276,3,9.315001,-1.488,-0.73305005,1781189112854
2079641287,3,9.30105,-1.4640001,-0.69705003,1781189112863
2079641297,3,9.33705,-1.4779501,-0.69405,1781189112873
2079641307,3,9.3820505,-1.4779501,-0.68505,1781189112884
2079641317,3,9.387,-1.473,-0.66105,1781189112894
2079641327,3,9.411,-1.50705,-0.63900006,1781189112903
2079641337,3,9.366,-1.5259501,-0.65895003,1781189112914
2079641347,3,9.291,-1.5090001,-0.63900006,1781189112923
2079641357,3,9.220051,-1.53795,-0.606,1781189112934
2079641367,3,9.214951,-1.5520501,-0.62505,1781189112945
2079641377,3,9.21195,-1.5949501,-0.651,1781189112954
2079641387,3,9.184051,-1.6030501,-0.69705003,1781189112963
2079641397,3,9.174001,-1.6170001,-0.72300005,1781189112974
2079641407,3,9.16005,-1.6140001,-0.79305005,1781189112984
2079641418,3,9.129001,-1.5949501,-0.83805007,1781189112995
2079641428,3,9.088051,-1.57095,-0.82095003,1781189113005
2079641438,3,9.052051,-1.53495,-0.78495,1781189113015
2079641448,3,9.066,-1.53495,-0.76905006,1781189113025
2079641458,3,9.01605,-1.5139501,-0.74205005,1781189113035
2079641468,3,8.949,-1.4830501,-0.71400005,1781189113045
2079641478,3,8.923051,-1.4779501,-0.68700004,1781189113055
2079641488,3,8.949,-1.45395,-0.67995006,1781189113065
2079641498,3,8.944051,-1.452,-0.66795003,1781189113075
2079641508,3,8.961,-1.4419501,-0.62505,1781189113084
2079641518,3,9.01095,-1.4760001,-0.615,1781189113095
2079641528,3,9.0709505,-1.485,-0.60300004,1781189113104
2079641538,3,9.13605,-1.4899501,-0.582,1781189113114
2079641549,3,9.19305,-1.5120001,-0.58395004,1781189113124
2079641559,3,9.291,-1.5259501,-0.60300004,1781189113135
2079641569,3,9.31995,-1.54305,-0.65595,1781189113145
2079641579,3,9.253051,-1.524,-0.65595,1781189113156
2079641589,3,9.17205,-1.50195,-0.666,1781189113165
2079641599,3,9.186001,-1.5160501,-0.65895003,1781189113176
2079641609,3,9.13305,-1.54005,-0.642,1781189113185
2079641619,3,9.12405,-1.54005,-0.59205,1781189113195
2079641629,3,9.15495,-1.53495,-0.55995005,1781189113207
2079641639,3,9.246,-1.5810001,-0.57195,1781189113217
2079641649,3,9.342,-1.61205,-0.606,1781189113226
2079641659,3,9.423,-1.62405,-0.64395005,1781189113236
2079641669,3,9.44505,-1.6309501,-0.66795003,1781189113247
2079641680,3,9.436951,-1.641,-0.702,1781189113257
2079641690,3,9.35805,-1.60695,-0.70395005,1781189113266
2079641700,3,9.226951,-1.54305,-0.69405,1781189113276
2079641710,3,9.094951,-1.473,-0.65895003,1781189113288
2079641720,3,9.018001,-1.437,-0.63900006,1781189113296
2079641730,3,8.97105,-1.3939501,-0.64395005,1781189113308
2079641740,3,8.973001,-1.3920001,-0.67095006,1781189113318
2079641750,3,9.00405,-1.3969501,-0.70905006,1781189113327
2079641760,3,9.05895,-1.3990501,-0.74205005,1781189113338
2079641770,3,9.16905,-1.44,-0.80505,1781189113346
2079641780,3,9.246,-1.45905,-0.81900007,1781189113358
2079641790,3,9.31995,-1.4800501,-0.80700004,1781189113368
2079641800,3,9.387,-1.488,-0.75000006,1781189113378
2079641810,3,9.44505,-1.488,-0.69705003,1781189113387
2079641821,3,9.483001,-1.4950501,-0.67095006,1781189113397
2079641831,3,9.526051,-1.485,-0.65895003,1781189113406
2079641841,3,9.550051,-1.5139501,-0.66795003,1781189113417
2079641851,3,9.519,-1.50195,-0.65400004,1781189113427
2079641861,3,9.459001,-1.4800501,-0.666,1781189113437
2079641871,3,9.435,-1.45905,-0.642,1781189113447
2079641881,3,9.435,-1.4779501,-0.66105,1781189113458
2079641891,3,9.46905,-1.488,-0.69195,1781189113468
2079641901,3,9.49695,-1.5000001,-0.72300005,1781189113477
2079641911,3,9.48795,-1.5190501,-0.75900006,1781189113487
2079641921,3,9.504001,-1.54005,-0.81195,1781189113499
2079641931,3,9.44505,-1.53495,-0.86700004,1781189113509
2079641941,3,9.33495,-1.521,-0.90000004,1781189113517
2079641952,3,9.217051,-1.485,-0.95505005,1781189113529
2079641962,3,9.150001,-1.4830501,-0.98205006,1781189113538
2079641972,3,9.094951,-1.47105,-1.0030501,1781189113548
2079641982,3,9.049951,-1.4899501,-1.0339501,1781189113559
2079641992,3,9.061951,-1.5280501,-1.044,1781189113569
2079642002,3,9.081,-1.5670501,-1.06605,1781189113579
2079642012,3,9.1050005,-1.593,-1.04205,1781189113588
2079642022,3,9.165,-1.61205,-0.99405,1781189113598
2079642032,3,9.186001,-1.62195,-0.96000004,1781189113609
2079642042,3,9.19095,-1.6140001,-0.92205006,1781189113619
2079642052,3,9.18795,-1.5790501,-0.87405,1781189113628
2079642062,3,9.18105,-1.5670501,-0.81900007,1781189113640
2079642072,3,9.19305,-1.5469501,-0.77595,1781189113650
2079642083,3,9.238951,-1.54005,-0.75195,1781189113660
2079642093,3,9.279,-1.5520501,-0.75900006,1781189113668
2079642103,3,9.351001,-1.5450001,-0.76395005,1781189113680
2079642113,3,9.391951,-1.5469501,-0.80205005,1781189113689
2079642123,3,9.373051,-1.5589501,-0.82905006,1781189113700
2079642133,3,9.34395,-1.5469501,-0.84300005,1781189113709
2079642143,3,9.279,-1.5619501,-0.84000003,1781189113719
2079642153,3,9.238951,-1.5259501,-0.83295006,1781189113729
2079642163,3,9.22395,-1.5450001,-0.83100003,1781189113740
2079642173,3,9.17895,-1.5520501,-0.81705004,1781189113750
2079642183,3,9.162001,-1.55505,-0.82905006,1781189113759
2079642193,3,9.165,-1.557,-0.81195,1781189113771
2079642203,3,9.165,-1.57605,-0.84795004,1781189113779
2079642213,3,9.16005,-1.6140001,-0.82905006,1781189113791
2079642224,3,9.17205,-1.62405,-0.84795004,1781189113801
2079642234,3,9.18105,-1.6360501,-0.85995007,1781189113809
2079642244,3,9.17595,-1.6500001,-0.85995007,1781189113820
2079642254,3,9.15705,-1.6620001,-0.82605004,1781189113831
2079642264,3,9.13095,-1.6620001,-0.795,1781189113840
2079642274,3,9.094951,-1.6380001,-0.75405,1781189113851
2079642284,3,9.04695,-1.6099501,-0.70395005,1781189113860
2079642294,3,9.033,-1.58595,-0.63900006,1781189113871
2079642304,3,9.045,-1.57605,-0.61095005,1781189113880
2079642314,3,9.03495,-1.5640501,-0.58905005,1781189113890
2079642324,3,9.0400505,-1.557,-0.57495004,1781189113902
2079642334,3,9.082951,-1.5469501,-0.60795003,1781189113911
2079642344,3,9.13605,-1.57095,-0.651,1781189113921
2079642355,3,9.198001,-1.55505,-0.67305005,1781189113931
2079642365,3,9.279,-1.58595,-0.67800003,1781189113942
2079642375,3,9.385051,-1.626,-0.73305005,1781189113951
2079642385,3,9.4470005,-1.677,-0.75900006,1781189113960
2079642395,3,9.45195,-1.7029501,-0.735,1781189113972
2079642405,3,9.402,-1.7170501,-0.72300005,1781189113982
2079642415,3,9.3490505,-1.7050501,-0.67800003,1781189113991
2079642425,3,9.226951,-1.6890001,-0.65595,1781189114002
2079642435,3,9.118951,-1.6530001,-0.61995006,1781189114012
2079642445,3,9.01095,-1.61205,-0.55995005,1781189114021
2079642455,3,8.98005,-1.6290001,-0.54795,1781189114032
2079642465,3,8.997001,-1.6380001,-0.55095005,1781189114041
2079642475,3,9.045,-1.6650001,-0.546,1781189114051
2079642486,3,9.1050005,-1.6620001,-0.558,1781189114063
2079642496,3,9.129001,-1.65495,-0.56805,1781189114073
2079642506,3,9.088051,-1.6000501,-0.55305004,1781189114082
2079642516,3,9.00405,-1.5520501,-0.51195,1781189114093
2079642526,3,8.961,-1.5280501,-0.51495004,1781189114103
2079642536,3,8.961,-1.5280501,-0.51195,1781189114113
2079642546,3,9.01095,-1.5520501,-0.54105,1781189114122
2079642556,3,9.085951,-1.5949501,-0.57495004,1781189114132
2079642566,3,9.150001,-1.6500001,-0.60795003,1781189114142
2079642576,3,9.16905,-1.6980001,-0.63000005,1781189114153
2079642586,3,9.129001,-1.7149501,-0.61995006,1781189114164
2079642596,3,9.088051,-1.7029501,-0.58395004,1781189114173
2079642606,3,9.126,-1.713,-0.60300004,1781189114183
2079642617,3,9.184051,-1.7370001,-0.60105,1781189114193
2079642627,3,9.258,-1.7560501,-0.60105,1781189114203
2079642637,3,9.34605,-1.7629501,-0.59595,1781189114213
2079642647,3,9.4140005,-1.761,-0.59400004,1781189114224
2079642657,3,9.397051,-1.7530501,-0.58395004,1781189114234
2079642667,3,9.32295,-1.69605,-0.55095005,1781189114244
2079642677,3,9.241051,-1.6309501,-0.51000005,1781189114253
2079642687,3,9.186001,-1.5880501,-0.46695003,1781189114264
2079642697,3,9.141001,-1.5619501,-0.45000002,1781189114273
2079642707,3,9.15705,-1.5589501,-0.47205,1781189114283
2079642717,3,9.165,-1.5640501,-0.50295,1781189114294
2079642727,3,9.13605,-1.593,-0.55305004,1781189114304
2079642737,3,9.121051,-1.5979501,-0.58005005,1781189114315
2079642747,3,9.093,-1.57095,-0.59400004,1781189114323
2079642758,3,9.073951,-1.5829501,-0.59205,1781189114335
2079642768,3,9.052051,-1.5829501,-0.58695,1781189114345
2079642778,3,9.052051,-1.5810001,-0.61305004,1781189114355
2079642788,3,9.10005,-1.57395,-0.63705003,1781189114365
2079642798,3,9.12405,-1.5640501,-0.67095006,1781189114375
2079642808,3,9.15705,-1.5589501,-0.68700004,1781189114385
2079642818,3,9.16905,-1.5499501,-0.67995006,1781189114394
2079642828,3,9.19995,-1.5330001,-0.69195,1781189114404
2079642838,3,9.19095,-1.5120001,-0.702,1781189114414
2079642848,3,9.16695,-1.485,-0.68700004,1781189114424
2079642858,3,9.1380005,-1.485,-0.67800003,1781189114435
2079642868,3,9.118951,-1.4640001,-0.69000006,1781189114444
2079642878,3,9.141001,-1.4680501,-0.69000006,1781189114455
2079642889,3,9.186001,-1.4800501,-0.69195,1781189114466
2079642899,3,9.267,-1.5120001,-0.70605004,1781189114474
2079642909,3,9.318001,-1.5160501,-0.726,1781189114485
2079642919,3,9.373051,-1.53495,-0.74205005,1781189114496
2079642929,3,9.411,-1.50405,-0.75405,1781189114506
2079642939,3,9.403951,-1.49205,-0.76605004,1781189114516
2079642949,3,9.375,-1.4419501,-0.75705004,1781189114527
2079642959,3,9.3820505,-1.416,-0.74700004,1781189114536
2079642969,3,9.354,-1.3990501,-0.75000006,1781189114547
2079642979,3,9.339001,-1.401,-0.71805006,1781189114555
2079642989,3,9.33705,-1.401,-0.726,1781189114565
2079642999,3,9.34605,-1.4059501,-0.75900006,1781189114575
2079643009,3,9.387,-1.41795,-0.79995006,1781189114587
2079643020,3,9.394051,-1.437,-0.84495,1781189114597
2079643030,3,9.35805,-1.43505,-0.89100003,1781189114607
2079643040,3,9.31095,-1.4110501,-0.93105006,1781189114617
2079643050,3,9.27,-1.404,-0.94095004,1781189114627
2079643060,3,9.18795,-1.3939501,-0.93600005,1781189114636
2079643070,3,9.13095,-1.3729501,-0.96300006,1781189114646
2079643080,3,9.073951,-1.3990501,-0.95295006,1781189114657
2079643090,3,8.973001,-1.38495,-0.96000004,1781189114668
2079643100,3,8.916,-1.401,-0.95295006,1781189114677
2079643110,3,8.89395,-1.401,-0.96300006,1781189114687
2079643120,3,8.913,-1.4130001,-0.95295006,1781189114696
2079643130,3,8.99895,-1.437,-0.93405,1781189114708
2079643140,3,9.069,-1.485,-0.91995007,1781189114718
2079643150,3,9.153001,-1.5090001,-0.90795004,1781189114729
2079643161,3,9.241051,-1.5259501,-0.91995007,1781189114737
2079643171,3,9.315001,-1.5120001,-0.93600005,1781189114747
2079643181,3,9.3820505,-1.521,-0.93105006,1781189114757
2079643191,3,9.418051,-1.49205,-0.94305,1781189114767
2079643201,3,9.46605,-1.4899501,-0.90495,1781189114777
2079643211,3,9.5119505,-1.4760001,-0.90000004,1781189114787
2079643221,3,9.531,-1.473,-0.88095003,1781189114799
2079643231,3,9.507001,-1.43295,-0.855,1781189114808
2079643241,3,9.46605,-1.416,-0.82905006,1781189114818
2079643251,3,9.448951,-1.3990501,-0.80895007,1781189114828
2079643261,3,9.46905,-1.38495,-0.83100003,1781189114837
2079643271,3,9.516001,-1.416,-0.84300005,1781189114847
2079643281,3,9.592951,-1.4490001,-0.855,1781189114859
2079643292,3,9.65295,-1.485,-0.89295006,1781189114867
2079643302,3,9.691051,-1.5330001,-0.92205006,1781189114878
2079643312,3,9.6,-1.5499501,-0.90300006,1781189114889
2079643322,3,9.460951,-1.524,-0.90495,1781189114898
2079643332,3,9.250951,-1.473,-0.86700004,1781189114908
2079643342,3,9.054001,-1.43505,-0.82095003,1781189114918
2079643352,3,8.911051,-1.41795,-0.76605004,1781189114929
2079643362,3,8.75805,-1.42095,-0.726,1781189114938
2079643372,3,8.68095,-1.3969501,-0.65895003,1781189114948
2079643382,3,8.65695,-1.437,-0.61995006,1781189114958
2079643392,3,8.66895,-1.4490001,-0.61995006,1781189114970
2079643402,3,8.7289505,-1.46595,-0.61995006,1781189114979
2079643412,3,8.809951,-1.45605,-0.65595,1781189114990
2079643423,3,8.892,-1.437,-0.68205005,1781189115000
2079643433,3,9.01605,-1.44,-0.73005,1781189115010
2079643443,3,9.16695,-1.45605,-0.75405,1781189115020
2079643453,3,9.373051,-1.4950501,-0.79005,1781189115029
2079643463,3,9.5119505,-1.5810001,-0.82395005,1781189115039
2079643473,3,9.727051,-1.58595,-0.78105,1781189115050
2079643483,3,9.832951,-1.5640501,-0.75705004,1781189115060
2079643493,3,9.792001,-1.5469501,-0.675,1781189115070
2079643503,3,9.607051,-1.53495,-0.60105,1781189115079
2079643513,3,9.45705,-1.5469501,-0.53400004,1781189115091
2079643523,3,9.33705,-1.58595,-0.52005005,1781189115100
2079643533,3,9.27705,-1.6030501,-0.55095005,1781189115110
2079643543,3,9.267,-1.6339501,-0.59595,1781189115120
2079643553,3,9.258,-1.6720501,-0.63195,1781189115129
2079643564,3,9.262951,-1.7010001,-0.66795003,1781189115141
2079643574,3,9.28695,-1.7340001,-0.69195,1781189115151
2079643584,3,9.217051,-1.69305,-0.71400005,1781189115161
2079643594,3,9.082951,-1.6099501,-0.68205005,1781189115171
2079643604,3,8.89605,-1.521,-0.65400004,1781189115180
2079643614,3,8.76,-1.452,-0.57495004,1781189115191
2079643624,3,8.676001,-1.3939501,-0.51000005,1781189115201
2079643634,3,8.66205,-1.3560001,-0.49605003,1781189115211
2079643644,3,8.722051,-1.368,-0.49095002,1781189115220
2079643654,3,8.808001,-1.36995,-0.53205,1781189115231
2079643664,3,8.911051,-1.4110501,-0.57705003,1781189115243
2079643674,3,9.01095,-1.4299501,-0.61305004,1781189115252
2079643684,3,9.081,-1.45605,-0.651,1781189115261
2079643695,3,9.162001,-1.488,-0.69000006,1781189115270
2079643705,3,9.238951,-1.5120001,-0.69705003,1781189115282
2079643715,3,9.339001,-1.57095,-0.711,1781189115290
2079643725,3,9.5140505,-1.6360501,-0.73995006,1781189115301
2079643735,3,9.65295,-1.7220001,-0.78795004,1781189115312
2079643745,3,9.757951,-1.7839501,-0.79305005,1781189115322
2079643755,3,9.813001,-1.7839501,-0.81195,1781189115331
2079643765,3,9.765,-1.746,-0.79005,1781189115341
2079643775,3,9.62895,-1.71,-0.75000006,1781189115352
2079643785,3,9.44205,-1.6360501,-0.69000006,1781189115362
2079643795,3,9.31995,-1.57095,-0.63195,1781189115372
2079643805,3,9.196051,-1.54305,-0.59400004,1781189115382
2079643815,3,9.121051,-1.5090001,-0.582,1781189115391
2079643826,3,9.09,-1.5090001,-0.59400004,1781189115402
2079643836,3,9.076051,-1.50195,-0.63195,1781189115411
2079643846,3,9.042001,-1.485,-0.67305005,1781189115422
2079643856,3,9.01095,-1.4800501,-0.711,1781189115432
2079643866,3,8.923051,-1.4250001,-0.72795004,1781189115441
2079643876,3,8.868,-1.3990501,-0.76095,1781189115452
2079643886,3,8.80095,-1.3729501,-0.80505,1781189115462
2079643896,3,8.74995,-1.3609501,-0.82395005,1781189115472
2079643906,3,8.722051,-1.3750501,-0.88395005,1781189115482
2079643916,3,8.70195,-1.368,-0.92700005,1781189115494
2079643926,3,8.773951,-1.3800001,-0.93600005,1781189115503
2079643936,3,8.844001,-1.42305,-0.97905004,1781189115514
2079643946,3,8.973001,-1.4779501,-0.96000004,1781189115522
2079643957,3,9.11205,-1.53795,-0.95505005,1781189115532
2079643967,3,9.229051,-1.5829501,-0.9289501,1781189115544
2079643977,3,9.378,-1.62405,-0.88095003,1781189115554
2079643987,3,9.519,-1.6720501,-0.83100003,1781189115563
2079643997,3,9.58605,-1.69305,-0.77595,1781189115573
2079644007,3,9.648001,-1.69305,-0.75705004,1781189115583
2079644017,3,9.67905,-1.7029501,-0.70395005,1781189115594
2079644027,3,9.67695,-1.6699501,-0.675,1781189115603
2079644037,3,9.67695,-1.65795,-0.66105,1781189115613
2079644047,3,9.64095,-1.62195,-0.68700004,1781189115624
2079644057,3,9.604951,-1.6140001,-0.70395005,1781189115635
2079644067,3,9.552,-1.5810001,-0.72300005,1781189115645
2079644077,3,9.460951,-1.5469501,-0.75000006,1781189115654
2079644087,3,9.397051,-1.53795,-0.75405,1781189115664
2079644098,3,9.294001,-1.54005,-0.77805007,1781189115674
2079644108,3,9.21195,-1.521,-0.81195,1781189115685
2079644118,3,9.129001,-1.5259501,-0.78495,1781189115695
2079644128,3,9.081,-1.53795,-0.81195,1781189115705
2079644138,3,9.05895,-1.557,-0.77295005,1781189115715
2079644148,3,9.049951,-1.57605,-0.77595,1781189115727
2079644158,3,9.02805,-1.5949501,-0.72795004,1781189115735
2079644168,3,9.02805,-1.6140001,-0.735,1781189115745
2079644178,3,9.042001,-1.6500001,-0.75405,1781189115755
2079644188,3,9.042001,-1.6480501,-0.71400005,1781189115766
2079644198,3,9.073951,-1.6480501,-0.73005,1781189115774
2079644208,3,9.13305,-1.6650001,-0.74205005,1781189115786
2079644218,3,9.19305,-1.6669501,-0.76605004,1781189115796
2079644229,3,9.226951,-1.66005,-0.75705004,1781189115807
2079644239,3,9.279,-1.6480501,-0.71805006,1781189115815
2079644249,3,9.33195,-1.62405,-0.69900006,1781189115826
2079644259,3,9.34395,-1.6170001,-0.70905006,1781189115836
2079644269,3,9.36795,-1.60695,-0.68505,1781189115847
2079644279,3,9.378,-1.5949501,-0.65595,1781189115856
2079644289,3,9.40905,-1.61205,-0.63195,1781189115867
2079644299,3,9.44505,-1.6360501,-0.63000005,1781189115877
2079644309,3,9.44505,-1.65795,-0.62295,1781189115885
2079644319,3,9.418051,-1.677,-0.61305004,1781189115895
2079644329,3,9.35595,-1.65495,-0.59205,1781189115905
2079644339,3,9.327001,-1.6650001,-0.58905005,1781189115915
2079644349,3,9.31305,-1.65495,-0.58905005,1781189115925
2079644360,3,9.28905,-1.65495,-0.60105,1781189115938
2079644370,3,9.294001,-1.6699501,-0.63000005,1781189115947
2079644380,3,9.27705,-1.65495,-0.66795003,1781189115957
2079644390,3,9.265051,-1.6480501,-0.68205005,1781189115966
2079644400,3,9.238951,-1.6099501,-0.67095006,1781189115977
2079644410,3,9.196051,-1.5949501,-0.67800003,1781189115988
2079644420,3,9.13305,-1.5520501,-0.67095006,1781189115998
2079644430,3,9.09,-1.5330001,-0.62700003,1781189116006
2079644440,3,8.99895,-1.5190501,-0.61995006,1781189116018
2079644450,3,8.95905,-1.5090001,-0.61095005,1781189116027
2079644460,3,8.917951,-1.50705,-0.60795003,1781189116038
2079644470,3,8.920051,-1.5139501,-0.60105,1781189116048
2079644480,3,8.94705,-1.54305,-0.61800003,1781189116056
2079644490,3,8.974951,-1.57095,-0.62700003,1781189116066
2079644501,3,8.973001,-1.57395,-0.63900006,1781189116076
2079644511,3,8.974951,-1.57605,-0.63000005,1781189116086
2079644521,3,8.974951,-1.5619501,-0.64695,1781189116096
2079644531,3,9.02805,-1.5520501,-0.65595,1781189116107
2079644541,3,9.081,-1.5589501,-0.67305005,1781189116118
2079644551,3,9.109051,-1.5280501,-0.67800003,1781189116128
2079644561,3,9.15495,-1.5120001,-0.69195,1781189116138
2079644571,3,9.220051,-1.5280501,-0.69000006,1781189116148
2079644581,3,9.259951,-1.5190501,-0.675,1781189116158
2079644591,3,9.31305,-1.521,-0.67095006,1781189116167
2079644601,3,9.34605,-1.53495,-0.65400004,1781189116178
2079644611,3,9.397051,-1.5589501,-0.67305005,1781189116187
2079644621,3,9.402,-1.58595,-0.66300005,1781189116198
2079644632,3,9.34605,-1.59105,-0.64695,1781189116209
2079644642,3,9.315001,-1.605,-0.65400004,1781189116218
2079644652,3,9.27705,-1.6099501,-0.67305005,1781189116228
2079644662,3,9.247951,-1.62405,-0.68205005,1781189116238
2079644672,3,9.27495,-1.641,-0.711,1781189116249
2079644682,3,9.30105,-1.6669501,-0.71400005,1781189116258
2079644692,3,9.34395,-1.6840501,-0.735,1781189116268
2079644702,3,9.351001,-1.6840501,-0.74700004,1781189116277
2079644712,3,9.342,-1.6819501,-0.74205005,1781189116288
2079644722,3,9.294001,-1.6620001,-0.75705004,1781189116299
2079644732,3,9.220051,-1.6360501,-0.74505,1781189116308
2079644742,3,9.16005,-1.6380001,-0.74700004,1781189116319
2079644752,3,9.13305,-1.641,-0.771,1781189116329
2079644763,3,9.094951,-1.6530001,-0.78495,1781189116339
2079644773,3,9.085951,-1.626,-0.76905006,1781189116349
2079644783,3,9.106951,-1.674,-0.77295005,1781189116360
2079644793,3,9.165,-1.7029501,-0.79305005,1781189116370
2079644803,3,9.21,-1.7200501,-0.76605004,1781189116380
2079644813,3,9.267,-1.746,-0.79305005,1781189116390
2079644823,3,9.31995,-1.7680501,-0.76905006,1781189116400
2079644833,3,9.351001,-1.7629501,-0.75405,1781189116410
2079644843,3,9.363001,-1.7560501,-0.73305005,1781189116420
2079644853,3,9.33195,-1.7370001,-0.735,1781189116430
2079644863,3,9.306001,-1.7170501,-0.71595,1781189116440
2079644873,3,9.25605,-1.66005,-0.70905006,1781189116449
2079644883,3,9.214951,-1.6500001,-0.65400004,1781189116460
2079644894,3,9.162001,-1.6140001,-0.63705003,1781189116471
2079644904,3,9.1050005,-1.57605,-0.63495004,1781189116479
2079644914,3,9.045,-1.5310501,-0.606,1781189116491
2079644924,3,8.99205,-1.5000001,-0.56805,1781189116500
2079644934,3,8.953951,-1.46595,-0.52695,1781189116510
2079644944,3,8.917951,-1.4440501,-0.52005005,1781189116520
2079644954,3,8.889001,-1.437,-0.50805,1781189116532
2079644964,3,8.908051,-1.4299501,-0.49305,1781189116541
2079644974,3,8.950951,-1.43295,-0.52395004,1781189116551
2079644984,3,9.01095,-1.4250001,-0.546,1781189116563
2079644994,3,9.106951,-1.47105,-0.606,1781189116570
2079645004,3,9.162001,-1.45905,-0.64695,1781189116582
2079645014,3,9.22395,-1.46595,-0.65895003,1781189116592
2079645024,3,9.27705,-1.4680501,-0.642,1781189116602
2079645035,3,9.28905,-1.488,-0.60795003,1781189116612
2079645045,3,9.28695,-1.4950501,-0.56805,1781189116622
2079645055,3,9.282001,-1.5120001,-0.522,1781189116632
2079645065,3,9.253051,-1.4970001,-0.50295,1781189116642
2079645075,3,9.238951,-1.49205,-0.51705,1781189116652
2079645085,3,9.222,-1.5190501,-0.52005005,1781189116661
2079645095,3,9.196051,-1.5090001,-0.54405004,1781189116672
2079645105,3,9.186001,-1.5120001,-0.59595,1781189116682
2079645115,3,9.214951,-1.5139501,-0.666,1781189116691
2079645125,3,9.250951,-1.5330001,-0.71400005,1781189116702
2079645135,3,9.31305,-1.5330001,-0.78495,1781189116711
2079645145,3,9.363001,-1.5520501,-0.81900007,1781189116722
2079645155,3,9.354,-1.524,-0.84495,1781189116733
2079645166,3,9.33195,-1.5000001,-0.81900007,1781189116742
2079645176,3,9.29895,-1.4470501,-0.78495,1781189116754
2079645186,3,9.24405,-1.4110501,-0.75000006,1781189116763
2079645196,3,9.184051,-1.3560001,-0.70605004,1781189116772
2079645206,3,9.106951,-1.3060501,-0.675,1781189116782
2079645216,3,9.045,-1.2910501,-0.65400004,1781189116792
2079645226,3,9.03495,-1.2529501,-0.61995006,1781189116803
2079645236,3,9.04695,-1.27695,-0.582,1781189116812
2079645246,3,9.093,-1.2940501,-0.58905005,1781189116822
2079645256,3,9.141001,-1.3219501,-0.615,1781189116833
2079645266,3,9.162001,-1.3369501,-0.66105,1781189116843
2079645276,3,9.174001,-1.35405,-0.69195,1781189116853
2079645286,3,9.18105,-1.3270501,-0.74700004,1781189116864
2079645297,3,9.17895,-1.3300501,-0.79005,1781189116874
2079645307,3,9.19305,-1.332,-0.84495,1781189116882
2079645317,3,9.217051,-1.3270501,-0.89805007,1781189116894
2079645327,3,9.247951,-1.34895,-0.92205006,1781189116904
2079645337,3,9.28695,-1.35405,-0.93105006,1781189116914
2079645347,3,9.28695,-1.3630501,-0.9480001,1781189116923
2079645357,3,9.30795,-1.3969501,-0.94605005,1781189116933
2079645367,3,9.33705,-1.488,-0.9580501,1781189116944
2079645377,3,9.3490505,-1.5330001,-0.98205006,1781189116954
2079645387,3,9.394051,-1.485,-0.98700005,1781189116965
2079645397,3,9.4470005,-1.488,-1.0030501,1781189116974
2079645407,3,9.46395,-1.50195,-1.03005,1781189116985
2079645417,3,9.46605,-1.5450001,-1.044,1781189116995
2079645427,3,9.44505,-1.557,-1.0540501,1781189117004
2079645438,3,9.430051,-1.557,-1.03005,1781189117015
2079645448,3,9.35595,-1.53495,-0.9990001,1781189117024
2079645458,3,9.33495,-1.57095,-0.97905004,1781189117034
2079645468,3,9.28695,-1.57605,-0.93900007,1781189117044
2079645478,3,9.220051,-1.5880501,-0.924,1781189117053
2079645488,3,9.141001,-1.5810001,-0.91695005,1781189117064
2079645498,3,9.073951,-1.5619501,-0.91200006,1781189117074
2079645508,3,9.02805,-1.55505,-0.924,1781189117084
2079645518,3,8.986951,-1.557,-0.915,1781189117095
2079645528,3,8.986951,-1.57395,-0.95100003,1781189117105
2079645538,3,8.962951,-1.59105,-0.93900007,1781189117115
2079645548,3,8.98305,-1.593,-0.94305,1781189117125
2079645558,3,9.009001,-1.6000501,-0.95505005,1781189117135
2079645569,3,9.094951,-1.6290001,-0.97695005,1781189117145
2079645579,3,9.18105,-1.6620001,-0.98205006,1781189117154
2079645589,3,9.246,-1.6789501,-1.00605,1781189117165
2079645599,3,9.295951,-1.6860001,-0.96300006,1781189117175
2079645609,3,9.33705,-1.69095,-0.92205006,1781189117187
2079645619,3,9.378,-1.7080501,-0.8880001,1781189117197
2079645629,3,9.3820505,-1.7220001,-0.86895007,1781189117206
2079645639,3,9.402,-1.72695,-0.85995007,1781189117215
2079645649,3,9.423,-1.7080501,-0.82605004,1781189117225
2079645659,3,9.411,-1.72695,-0.79995006,1781189117236
2079645669,3,9.387,-1.7320501,-0.81900007,1781189117247
2079645679,3,9.35805,-1.72695,-0.80205005,1781189117257
2079645689,3,9.32505,-1.7010001,-0.77595,1781189117266
2079645700,3,9.267,-1.6980001,-0.75900006,1781189117276
2079645710,3,9.186001,-1.6669501,-0.72795004,1781189117287
2079645720,3,9.1050005,-1.626,-0.71400005,1781189117296
2079645730,3,9.01605,-1.6099501,-0.68205005,1781189117306
2079645740,3,8.938951,-1.5979501,-0.642,1781189117317
2079645750,3,8.911051,-1.5790501,-0.64905006,1781189117327
2079645760,3,8.916,-1.5640501,-0.65595,1781189117338
2079645770,3,8.950951,-1.5670501,-0.70395005,1781189117348
2079645780,3,9.009001,-1.5690001,-0.70605004,1781189117357
2079645790,3,9.081,-1.5790501,-0.74505,1781189117368
2079645800,3,9.13605,-1.5949501,-0.74505,1781189117378
2079645810,3,9.186001,-1.60695,-0.73005,1781189117388
2079645820,3,9.22395,-1.6140001,-0.71400005,1781189117398
2079645830,3,9.21,-1.605,-0.68700004,1781189117406
2079645841,3,9.14805,-1.6000501,-0.651,1781189117416
2079645851,3,9.102,-1.593,-0.59400004,1781189117426
2079645861,3,9.0709505,-1.5810001,-0.56505,1781189117437
2079645871,3,9.03495,-1.6030501,-0.558,1781189117446
2079645881,3,9.018001,-1.605,-0.558,1781189117458
2079645891,3,9.049951,-1.61205,-0.56295,1781189117467
2079645901,3,9.052051,-1.6140001,-0.56505,1781189117478
2079645911,3,9.0709505,-1.61205,-0.58005005,1781189117488
2079645921,3,9.121051,-1.62405,-0.59400004,1781189117499
2079645931,3,9.165,-1.6170001,-0.59205,1781189117507
2079645941,3,9.186001,-1.6290001,-0.57495004,1781189117518
2079645951,3,9.24405,-1.60695,-0.55305004,1781189117529
2079645961,3,9.265051,-1.5979501,-0.56295,1781189117538
2079645972,3,9.232051,-1.5810001,-0.53205,1781189117548
2079645982,3,9.23595,-1.5450001,-0.51495004,1781189117558
2079645992,3,9.226951,-1.5619501,-0.51705,1781189117568
2079646002,3,9.226951,-1.5640501,-0.51000005,1781189117579
2079646012,3,9.214951,-1.5690001,-0.49800003,1781189117589
2079646022,3,9.18795,-1.5810001,-0.47895002,1781189117598
2079646032,3,9.16005,-1.5949501,-0.50295,1781189117609
2079646042,3,9.16005,-1.6099501,-0.50805,1781189117618
2079646052,3,9.184051,-1.6189501,-0.52395004,1781189117629
2079646062,3,9.234,-1.65495,-0.56295,1781189117638
2079646072,3,9.238951,-1.65795,-0.58905005,1781189117648
2079646082,3,9.238951,-1.65495,-0.60105,1781189117660
2079646092,3,9.21,-1.6380001,-0.606,1781189117670
2079646103,3,9.17595,-1.6309501,-0.582,1781189117680
2079646113,3,9.15705,-1.62405,-0.582,1781189117690
2079646123,3,9.13095,-1.5949501,-0.59205,1781189117700
2079646133,3,9.121051,-1.5880501,-0.59205,1781189117710
2079646143,3,9.118951,-1.59105,-0.606,1781189117720
2079646153,3,9.117001,-1.5829501,-0.62505,1781189117730
2079646163,3,9.150001,-1.593,-0.66300005,1781189117739
2079646173,3,9.19095,-1.57605,-0.651,1781189117749
2079646183,3,9.24405,-1.58595,-0.65400004,1781189117760
2079646193,3,9.283951,-1.5880501,-0.63495004,1781189117770
2079646203,3,9.33195,-1.593,-0.62295,1781189117780
2079646213,3,9.363001,-1.6000501,-0.60795003,1781189117791
2079646223,3,9.399,-1.605,-0.59595,1781189117801
2079646234,3,9.397051,-1.5829501,-0.59400004,1781189117811
2079646244,3,9.361051,-1.5670501,-0.59400004,1781189117821
2079646254,3,9.351001,-1.55505,-0.582,1781189117830
2079646264,3,9.291,-1.57605,-0.582,1781189117841
2079646274,3,9.246,-1.5690001,-0.58905005,1781189117850
2079646284,3,9.226951,-1.58595,-0.61305004,1781189117861
2079646294,3,9.198001,-1.5949501,-0.63000005,1781189117871
2079646304,3,9.184051,-1.6360501,-0.666,1781189117880
2079646314,3,9.16695,-1.65495,-0.70605004,1781189117891
2079646324,3,9.16005,-1.69305,-0.71400005,1781189117900
2079646334,3,9.198001,-1.7149501,-0.77595,1781189117911
2079646344,3,9.262951,-1.746,-0.82395005,1781189117922
2079646354,3,9.30105,-1.7580001,-0.88605005,1781189117931
2079646364,3,9.33705,-1.7490001,-0.93405,1781189117940
2079646375,3,9.366,-1.746,-0.9580501,1781189117952
2079646385,3,9.35595,-1.7490001,-0.96000004,1781189117961
2079646395,3,9.34395,-1.7490001,-0.95505005,1781189117972
2079646405,3,9.30795,-1.69095,-0.90495,1781189117982
2079646415,3,9.232051,-1.65795,-0.87195003,1781189117991
2079646425,3,9.184051,-1.6339501,-0.80895007,1781189118002
2079646435,3,9.121051,-1.6360501,-0.75405,1781189118011
2079646445,3,9.081,-1.65495,-0.73005,1781189118022
2079646455,3,9.0400505,-1.6860001,-0.76095,1781189118032
2079646465,3,9.085951,-1.677,-0.73995006,1781189118041
2079646475,3,9.106951,-1.6819501,-0.75405,1781189118052
2079646485,3,9.13305,-1.6669501,-0.74700004,1781189118063
2079646495,3,9.15705,-1.66005,-0.74505,1781189118071
2079646506,3,9.184051,-1.6669501,-0.75705004,1781189118083
2079646516,3,9.295951,-1.6620001,-0.78495,1781189118093
2079646526,3,9.375,-1.66005,-0.79005,1781189118102
2079646536,3,9.45705,-1.626,-0.82905006,1781189118113
2079646546,3,9.40905,-1.6000501,-0.81195,1781189118123
2079646556,3,9.406051,-1.5690001,-0.79695004,1781189118133
2079646566,3,9.378,-1.50195,-0.76395005,1781189118143
2079646576,3,9.318001,-1.488,-0.73305005,1781189118152
2079646586,3,9.258,-1.485,-0.73995006,1781189118163
2079646596,3,9.17595,-1.4830501,-0.73305005,1781189118173
2079646606,3,9.14295,-1.50195,-0.72105,1781189118185
2079646616,3,9.1050005,-1.5120001,-0.72300005,1781189118194
2079646626,3,9.085951,-1.5469501,-0.72795004,1781189118204
2079646637,3,9.085951,-1.5690001,-0.72795004,1781189118214
2079646647,3,9.109051,-1.55505,-0.711,1781189118223
2079646657,3,9.088051,-1.557,-0.73005,1781189118232
2079646667,3,9.082951,-1.5589501,-0.702,1781189118243
2079646677,3,9.064051,-1.5190501,-0.711,1781189118254
2079646687,3,9.057,-1.5259501,-0.71400005,1781189118265
2079646697,3,9.057,-1.5259501,-0.71400005,1781189118274
2079646707,3,9.076051,-1.5310501,-0.72105,1781189118282
2079646717,3,9.10005,-1.53495,-0.70905006,1781189118293
2079646727,3,9.165,-1.5810001,-0.72105,1781189118303
2079646737,3,9.214951,-1.5949501,-0.735,1781189118314
2079646747,3,9.27705,-1.6290001,-0.73005,1781189118324
2079646757,3,9.3490505,-1.6620001,-0.74205005,1781189118333
2079646767,3,9.406051,-1.6890001,-0.70605004,1781189118345
2079646778,3,9.45195,-1.69605,-0.66300005,1781189118354
2079646788,3,9.47805,-1.69095,-0.65400004,1781189118365
2079646798,3,9.48495,-1.6720501,-0.61995006,1781189118375
2079646808,3,9.504001,-1.6650001,-0.60105,1781189118385
2079646818,3,9.471001,-1.6290001,-0.59595,1781189118395
2079646828,3,9.397051,-1.58595,-0.56805,1781189118404
2079646838,3,9.291,-1.5670501,-0.54405004,1781189118414
2079646848,3,9.196051,-1.53495,-0.52395004,1781189118425
2079646858,3,9.11205,-1.5190501,-0.53205,1781189118434
2079646868,3,9.05895,-1.521,-0.52395004,1781189118446
2079646878,3,9.0400505,-1.5280501,-0.53595,1781189118456
2079646888,3,9.02595,-1.5589501,-0.58005005,1781189118466
2079646898,3,9.033,-1.5670501,-0.61800003,1781189118474
2079646909,3,9.042001,-1.58595,-0.651,1781189118487
2079646919,3,9.0379505,-1.6030501,-0.702,1781189118494
2079646929,3,9.0400505,-1.557,-0.71595,1781189118505
2079646939,3,9.069,-1.5520501,-0.72300005,1781189118515
2079646949,3,9.082951,-1.53795,-0.72105,1781189118526
2079646959,3,9.088051,-1.5330001,-0.702,1781189118536
2079646969,3,9.13605,-1.5310501,-0.68505,1781189118546
2079646979,3,9.184051,-1.53795,-0.666,1781189118555
2079646989,3,9.20505,-1.53795,-0.66105,1781189118565
2079646999,3,9.267,-1.55505,-0.64905006,1781189118577
2079647009,3,9.34395,-1.57605,-0.63000005,1781189118587
2079647019,3,9.394051,-1.61205,-0.58905005,1781189118595
2079647029,3,9.44205,-1.605,-0.54105,1781189118605
2079647040,3,9.4810505,-1.6339501,-0.50505,1781189118615
2079647050,3,9.49005,-1.6500001,-0.48405004,1781189118627
2079647060,3,9.48795,-1.626,-0.44805002,1781189118637
2079647070,3,9.4810505,-1.6189501,-0.43605003,1781189118647
2079647080,3,9.43305,-1.605,-0.42405003,1781189118658
2079647090,3,9.378,-1.5880501,-0.453,1781189118668
2079647100,3,9.32295,-1.5949501,-0.46905002,1781189118677
2079647110,3,9.241051,-1.5589501,-0.50505,1781189118688
2079647120,3,9.17595,-1.557,-0.54105,1781189118698
2079647130,3,9.114,-1.53795,-0.55305004,1781189118708
2079647140,3,9.02805,-1.521,-0.59400004,1781189118718
2079647150,3,8.99505,-1.521,-0.63495004,1781189118728
2079647160,3,8.97795,-1.5160501,-0.651,1781189118737
2079647171,3,8.96595,-1.4970001,-0.69405,1781189118747
2079647181,3,8.95905,-1.50195,-0.73005,1781189118757
2079647191,3,8.96595,-1.50405,-0.75900006,1781189118769
2079647201,3,8.961,-1.4680501,-0.80700004,1781189118777
2079647211,3,8.99895,-1.49205,-0.81195,1781189118788
2079647221,3,9.069,-1.5000001,-0.795,1781189118797
2079647231,3,9.14295,-1.5090001,-0.79005,1781189118807
2079647241,3,9.184051,-1.5259501,-0.76095,1781189118817
2079647251,3,9.22395,-1.53495,-0.72300005,1781189118828
2079647261,3,9.250951,-1.54005,-0.69900006,1781189118837
2079647271,3,9.283951,-1.5670501,-0.67095006,1781189118847
2079647281,3,9.31305,-1.5670501,-0.651,1781189118857
2079647291,3,9.37005,-1.5810001,-0.62295,1781189118867
2079647301,3,9.3820505,-1.59105,-0.61800003,1781189118878
2079647312,3,9.427951,-1.5949501,-0.62700003,1781189118889
2079647322,3,9.48495,-1.60695,-0.68700004,1781189118899
2079647332,3,9.504001,-1.61205,-0.74700004,1781189118909
2079647342,3,9.493051,-1.5640501,-0.80205005,1781189118919
2079647352,3,9.507001,-1.5810001,-0.83100003,1781189118928
2079647362,3,9.459001,-1.5640501,-0.86700004,1781189118939
2079647372,3,9.397051,-1.55505,-0.87900007,1781189118949
2079647382,3,9.282001,-1.5090001,-0.88395005,1781189118959
2079647392,3,9.17205,-1.4899501,-0.87195003,1781189118969
2079647402,3,9.121051,-1.4760001,-0.85200006,1781189118978
2079647412,3,9.061951,-1.4610001,-0.82905006,1781189118988
2079647422,3,9.00405,-1.47105,-0.82605004,1781189118999
2079647432,3,8.973001,-1.45605,-0.82095003,1781189119008
2079647443,3,8.97105,-1.4800501,-0.85995007,1781189119019
2079647453,3,8.98005,-1.4950501,-0.87405,1781189119029
2079647463,3,8.99895,-1.50705,-0.93405,1781189119040
2079647473,3,9.02295,-1.5280501,-0.95505005,1781189119049
2079647483,3,9.05895,-1.54005,-0.98205006,1781189119060
2079647493,3,9.064051,-1.54005,-0.99105006,1781189119069
2079647503,3,9.085951,-1.5310501,-0.97905004,1781189119080
2079647513,3,9.073951,-1.5259501,-0.97200006,1781189119089
2079647523,3,9.088051,-1.5330001,-0.93600005,1781189119100
2079647533,3,9.1050005,-1.521,-0.91200006,1781189119110
2079647543,3,9.15495,-1.5589501,-0.87900007,1781189119120
2079647553,3,9.226951,-1.59105,-0.84495,1781189119131
2079647563,3,9.30795,-1.5979501,-0.84795004,1781189119141
2079647574,3,9.391951,-1.61205,-0.80895007,1781189119150
2079647584,3,9.43995,-1.6290001,-0.84495,1781189119160
2079647594,3,9.495001,-1.6339501,-0.84795004,1781189119171
2079647604,3,9.552,-1.62195,-0.89100003,1781189119181
2079647614,3,9.547951,-1.6170001,-0.86700004,1781189119190
2079647624,3,9.50895,-1.6030501,-0.87600005,1781189119200
2079647634,3,9.48495,-1.5979501,-0.83295006,1781189119211
2079647644,3,9.460951,-1.60695,-0.81900007,1781189119222
2079647654,3,9.403951,-1.60695,-0.81195,1781189119230
2079647664,3,9.342,-1.60695,-0.78795004,1781189119242
2079647674,3,9.291,-1.60695,-0.81405,1781189119250
2079647684,3,9.226951,-1.6030501,-0.82095003,1781189119261
2079647694,3,9.14805,-1.593,-0.80895007,1781189119270
2079647704,3,9.093,-1.605,-0.81705004,1781189119281
2079647715,3,9.0379505,-1.59105,-0.80505,1781189119291
2079647725,3,8.997001,-1.5979501,-0.795,1781189119302
2079647735,3,8.962951,-1.6140001,-0.79005,1781189119312
2079647745,3,8.920051,-1.626,-0.76095,1781189119322
2079647755,3,8.923051,-1.62195,-0.73800004,1781189119332
2079647765,3,8.923051,-1.6459501,-0.71595,1781189119342
2079647775,3,8.97105,-1.64295,-0.72105,1781189119351
2079647785,3,8.99895,-1.65495,-0.73800004,1781189119362
2079647795,3,9.042001,-1.6650001,-0.76905006,1781189119371
2079647805,3,9.073951,-1.6530001,-0.75705004,1781189119381
2079647815,3,9.057,-1.6309501,-0.75000006,1781189119392
2079647825,3,9.094951,-1.6290001,-0.75405,1781189119403
2079647835,3,9.129001,-1.64295,-0.71595,1781189119413
2079647846,3,9.19995,-1.641,-0.69705003,1781189119423
2079647856,3,9.27495,-1.6669501,-0.69195,1781189119433
2079647866,3,9.361051,-1.6840501,-0.66105,1781189119442
2079647876,3,9.43995,-1.713,-0.68505,1781189119453
2079647886,3,9.504001,-1.7029501,-0.66300005,1781189119463
2079647896,3,9.46605,-1.6890001,-0.66795003,1781189119473
2079647906,3,9.418051,-1.6620001,-0.66795003,1781189119483
2079647916,3,9.34395,-1.6290001,-0.63900006,1781189119493
2079647926,3,9.253051,-1.61205,-0.60795003,1781189119503
2079647936,3,9.186001,-1.58595,-0.59895,1781189119513
2079647946,3,9.162001,-1.5979501,-0.57495004,1781189119524
2079647956,3,9.114,-1.6170001,-0.56805,1781189119534
2079647966,3,9.049951,-1.62405,-0.58695,1781189119544
2079647977,3,9.00405,-1.62195,-0.58695,1781189119553
2079647987,3,8.944051,-1.64295,-0.60105,1781189119564
2079647997,3,8.917951,-1.64295,-0.61995006,1781189119574
2079648007,3,8.88,-1.6339501,-0.63195,1781189119584
2079648017,3,8.88405,-1.6360501,-0.63195,1781189119594
2079648027,3,8.923051,-1.6459501,-0.62700003,1781189119604
2079648037,3,8.956051,-1.6620001,-0.615,1781189119614
2079648047,3,8.997001,-1.6650001,-0.60300004,1781189119625
2079648057,3,9.04695,-1.6530001,-0.60105,1781189119633
2079648067,3,9.11205,-1.6480501,-0.59895,1781189119644
2079648077,3,9.18795,-1.626,-0.61995006,1781189119654
2079648087,3,9.196051,-1.6170001,-0.61305004,1781189119664
2079648097,3,9.25605,-1.58595,-0.60300004,1781189119675
2079648108,3,9.30795,-1.5810001,-0.57495004,1781189119685
2079648118,3,9.32295,-1.57395,-0.52395004,1781189119695
2079648128,3,9.361051,-1.5810001,-0.50505,1781189119705
2079648138,3,9.43305,-1.5810001,-0.47895002,1781189119714
2079648148,3,9.45405,-1.6099501,-0.49305,1781189119726
2079648158,3,9.44505,-1.6099501,-0.53205,1781189119735
2079648168,3,9.391951,-1.5790501,-0.52395004,1781189119744
2079648178,3,9.330001,-1.5670501,-0.51705,1781189119755
2079648188,3,9.279,-1.53795,-0.52695,1781189119764
2079648198,3,9.21,-1.5280501,-0.52005005,1781189119775
2079648208,3,9.153001,-1.5499501,-0.53895,1781189119785
2079648218,3,9.094951,-1.5190501,-0.52905005,1781189119795
2079648228,3,9.049951,-1.5139501,-0.54105,1781189119805
2079648238,3,9.0400505,-1.5139501,-0.57495004,1781189119815
2079648249,3,9.0400505,-1.5090001,-0.63000005,1781189119827
2079648259,3,9.066,-1.524,-0.642,1781189119835
2079648269,3,9.078,-1.5000001,-0.69705003,1781189119847
2079648279,3,9.109051,-1.5259501,-0.735,1781189119856
2079648289,3,9.126,-1.5469501,-0.77595,1781189119866
2079648299,3,9.114,-1.5259501,-0.79005,1781189119877
2079648309,3,9.088051,-1.524,-0.81195,1781189119887
2079648319,3,9.078,-1.50405,-0.80700004,1781189119897
2079648329,3,9.109051,-1.5190501,-0.77805007,1781189119907
2079648339,3,9.109051,-1.5310501,-0.75705004,1781189119915
2079648349,3,9.141001,-1.53495,-0.735,1781189119925
2079648359,3,9.16695,-1.57095,-0.71805006,1781189119937
2079648369,3,9.226951,-1.6099501,-0.73005,1781189119945
2079648380,3,9.29895,-1.6170001,-0.76905006,1781189119956
2079648390,3,9.391951,-1.66005,-0.81195,1781189119967
2079648400,3,9.45195,-1.674,-0.82395005,1781189119977
2079648410,3,9.5140505,-1.69305,-0.84300005,1781189119986
2079648420,3,9.5449505,-1.674,-0.85695004,1781189119996
2079648430,3,9.5449505,-1.6720501,-0.86205006,1781189120006
2079648440,3,9.507001,-1.65795,-0.86700004,1781189120016
2079648450,3,9.47805,-1.6189501,-0.84495,1781189120027
2079648460,3,9.3820505,-1.59105,-0.84795004,1781189120036
2079648470,3,9.294001,-1.55505,-0.85200006,1781189120048
2079648480,3,9.217051,-1.54305,-0.84300005,1781189120058
2079648490,3,9.15495,-1.5499501,-0.84795004,1781189120068
2079648500,3,9.15495,-1.5670501,-0.84495,1781189120078
2079648511,3,9.153001,-1.5949501,-0.85200006,1781189120087
2079648521,3,9.162001,-1.62405,-0.86205006,1781189120097
2079648531,3,9.17895,-1.641,-0.85995007,1781189120106
2079648541,3,9.16905,-1.6309501,-0.864,1781189120116
2079648551,3,9.121051,-1.6189501,-0.85995007,1781189120127
2079648561,3,9.09,-1.6000501,-0.89295006,1781189120138
2079648571,3,9.049951,-1.58595,-0.87900007,1781189120148
2079648581,3,9.02805,-1.5670501,-0.88605005,1781189120157
2079648591,3,8.99895,-1.5790501,-0.87195003,1781189120168
2079648601,3,9.00195,-1.5810001,-0.85005003,1781189120178
2079648611,3,9.021001,-1.5880501,-0.84300005,1781189120188
2079648621,3,9.057,-1.593,-0.83805007,1781189120198
2079648631,3,9.129001,-1.6140001,-0.84495,1781189120208
2079648641,3,9.16695,-1.6459501,-0.83805007,1781189120218
2079648652,3,9.238951,-1.6620001,-0.84795004,1781189120229
2079648662,3,9.27,-1.66005,-0.86700004,1781189120237
2079648672,3,9.327001,-1.674,-0.864,1781189120248
2079648682,3,9.406051,-1.6840501,-0.84495,1781189120259
2079648692,3,9.435,-1.69095,-0.81900007,1781189120268
2079648702,3,9.50895,-1.713,-0.77595,1781189120278
2079648712,3,9.543,-1.7010001,-0.75900006,1781189120288
2079648722,3,9.52095,-1.69305,-0.71805006,1781189120298
2079648732,3,9.50895,-1.69305,-0.73005,1781189120308
2079648742,3,9.44205,-1.6669501,-0.67995006,1781189120318
2079648752,3,9.339001,-1.6360501,-0.63705003,1781189120330
2079648762,3,9.250951,-1.6380001,-0.61995006,1781189120338
2079648772,3,9.17895,-1.6140001,-0.61995006,1781189120348
2079648783,3,9.11205,-1.626,-0.61800003,1781189120358
2079648793,3,9.106951,-1.6189501,-0.642,1781189120370
2079648803,3,9.052051,-1.6099501,-0.651,1781189120380
2079648813,3,9.030001,-1.60695,-0.65400004,1781189120388
2079648823,3,9.033,-1.61205,-0.69900006,1781189120399
2079648833,3,9.02805,-1.6030501,-0.70905006,1781189120410
2079648843,3,9.0379505,-1.605,-0.75705004,1781189120419
2079648853,3,9.081,-1.60695,-0.77295005,1781189120430
2079648863,3,9.088051,-1.61205,-0.76095,1781189120440
2079648873,3,9.03495,-1.605,-0.73800004,1781189120450
2079648883,3,9.00195,-1.5790501,-0.70395005,1781189120460
2079648893,3,8.974951,-1.5810001,-0.69000006,1781189120470
2079648903,3,8.985001,-1.55505,-0.66795003,1781189120481
2079648914,3,8.98005,-1.5790501,-0.66300005,1781189120490
2079648924,3,9.018001,-1.5880501,-0.64395005,1781189120501
2079648934,3,9.11205,-1.605,-0.63495004,1781189120511
2079648944,3,9.19305,-1.6500001,-0.63195,1781189120521
2079648954,3,9.29895,-1.6789501,-0.61800003,1781189120531
2079648964,3,9.363001,-1.6860001,-0.606,1781189120541
2079648974,3,9.427951,-1.674,-0.58395004,1781189120550
2079648984,3,9.495001,-1.6840501,-0.558,1781189120561
2079648994,3,9.547951,-1.6789501,-0.56295,1781189120571
2079649004,3,9.564,-1.65795,-0.54105,1781189120580
2079649014,3,9.46395,-1.626,-0.51495004,1781189120590
2079649024,3,9.339001,-1.6000501,-0.49605003,1781189120602
2079649034,3,9.247951,-1.5979501,-0.46500003,1781189120612
2079649044,3,9.17895,-1.5880501,-0.47700003,1781189120620
2079649055,3,9.12405,-1.6030501,-0.48105,1781189120632
2079649065,3,9.109051,-1.6099501,-0.52695,1781189120640
2079649075,3,9.11205,-1.6189501,-0.56295,1781189120652
2079649085,3,9.13605,-1.6459501,-0.58905005,1781189120662
2079649095,3,9.16695,-1.6500001,-0.64395005,1781189120672
2079649105,3,9.18795,-1.6500001,-0.702,1781189120682
2079649115,3,9.14505,-1.6099501,-0.69705003,1781189120692
2079649125,3,9.129001,-1.57095,-0.702,1781189120702
2079649135,3,9.10005,-1.5499501,-0.67095006,1781189120712
2079649145,3,9.0709505,-1.5090001,-0.63195,1781189120723
2079649155,3,9.069,-1.5139501,-0.59400004,1781189120732
2079649165,3,9.085951,-1.4950501,-0.582,1781189120742
2079649175,3,9.097051,-1.50705,-0.56505,1781189120751
2079649186,3,9.09,-1.5090001,-0.54105,1781189120762
2079649196,3,9.102,-1.5139501,-0.52005005,1781189120773
2079649206,3,9.1050005,-1.5160501,-0.53595,1781189120783
2079649216,3,9.15705,-1.5310501,-0.52695,1781189120793
2079649226,3,9.24405,-1.5589501,-0.53205,1781189120803
2079649236,3,9.35595,-1.5790501,-0.55995005,1781189120812
2079649246,3,9.45705,-1.5949501,-0.56805,1781189120822
2079649256,3,9.5449505,-1.5949501,-0.55605,1781189120833
2079649266,3,9.58395,-1.62405,-0.53895,1781189120843
2079649276,3,9.591001,-1.6000501,-0.55305004,1781189120852
2079649286,3,9.559951,-1.58595,-0.57195,1781189120862
2079649296,3,9.46605,-1.5499501,-0.60795003,1781189120872
2079649306,3,9.35805,-1.54005,-0.62700003,1781189120883
2079649317,3,9.27495,-1.5090001,-0.66300005,1781189120892
2079649327,3,9.222,-1.50705,-0.71400005,1781189120903
2079649337,3,9.18105,-1.5090001,-0.735,1781189120912
2079649347,3,9.085951,-1.4800501,-0.71400005,1781189120924
2079649357,3,9.030001,-1.4130001,-0.67305005,1781189120933
2079649367,3,9.018001,-1.389,-0.67095006,1781189120944
2079649377,3,8.96595,-1.3939501,-0.70905006,1781189120954
2079649387,3,8.973001,-1.38705,-0.73305005,1781189120964
2079649397,3,9.049951,-1.3939501,-0.79305005,1781189120974
2079649407,3,9.12405,-1.3770001,-0.86205006,1781189120983
2079649417,3,9.198001,-1.3920001,-0.9480001,1781189120994
2079649427,3,9.222,-1.36995,-0.9990001,1781189121004
2079649437,3,9.20505,-1.33395,-0.99105006,1781189121015
2079649448,3,9.16695,-1.284,-0.94095004,1781189121025
2079649458,3,9.150001,-1.2859501,-0.86205006,1781189121034
2079649468,3,9.12405,-1.27695,-0.80895007,1781189121044
2079649478,3,9.15495,-1.2750001,-0.75900006,1781189121055
2079649488,3,9.1380005,-1.29795,-0.71595,1781189121065
2079649498,3,9.2029505,-1.332,-0.67095006,1781189121075
2079649508,3,9.303,-1.38195,-0.69195,1781189121085
2079649518,3,9.40905,-1.44,-0.70905006,1781189121095
2079649528,3,9.568951,-1.49205,-0.81195,1781189121104
2079649538,3,9.67695,-1.50705,-0.88095003,1781189121114
2079649548,3,9.67695,-1.521,-0.95295006,1781189121126
2079649558,3,9.543,-1.44,-0.9480001,1781189121134
2079649568,3,9.373051,-1.35105,-0.91695005,1781189121146
2079649578,3,9.20505,-1.2750001,-0.85200006,1781189121155
2079649589,3,9.088051,-1.251,-0.79695004,1781189121168
2079649599,3,9.052051,-1.2720001,-0.78105,1781189121175
2079649609,3,9.02295,-1.3060501,-0.77295005,1781189121186
2079649619,3,9.00195,-1.36995,-0.79995006,1781189121196
2079649629,3,9.030001,-1.4440501,-0.82905006,1781189121205
2079649639,3,9.093,-1.4899501,-0.86895007,1781189121217
2079649649,3,9.141001,-1.5280501,-0.93900007,1781189121226
2079649659,3,9.23595,-1.5619501,-1.0030501,1781189121236
2079649669,3,9.265051,-1.5880501,-1.03695,1781189121247
2079649679,3,9.267,-1.5469501,-1.0510501,1781189121257
2079649689,3,9.265051,-1.5330001,-0.9990001,1781189121266
2079649699,3,9.226951,-1.4680501,-0.97005004,1781189121276
2079649709,3,9.208051,-1.4419501,-0.915,1781189121286
2079649720,3,9.217051,-1.437,-0.85200006,1781189121296
2079649730,3,9.19305,-1.4280001,-0.78495,1781189121307
2079649740,3,9.16005,-1.41795,-0.70395005,1781189121316
2079649750,3,9.12405,-1.41795,-0.65595,1781189121327
2079649760,3,9.121051,-1.404,-0.63495004,1781189121338
2079649770,3,9.15705,-1.38705,-0.63000005,1781189121348
2079649780,3,9.222,-1.404,-0.63195,1781189121358
2079649790,3,9.265051,-1.4299501,-0.64395005,1781189121366
2079649800,3,9.30795,-1.43295,-0.642,1781189121378
2079649810,3,9.294001,-1.437,-0.63495004,1781189121388
2079649820,3,9.306001,-1.42095,-0.65595,1781189121398
2079649830,3,9.31095,-1.4059501,-0.66795003,1781189121407
2079649840,3,9.30105,-1.4110501,-0.69705003,1781189121417
2079649851,3,9.295951,-1.4130001,-0.72300005,1781189121426
2079649861,3,9.27705,-1.416,-0.73800004,1781189121438
2079649871,3,9.241051,-1.42305,-0.76095,1781189121446
2079649881,3,9.21,-1.4250001,-0.77295005,1781189121457
2079649891,3,9.16005,-1.41795,-0.77295005,1781189121467
2079649901,3,9.094951,-1.43295,-0.75705004,1781189121477
2079649911,3,9.066,-1.4130001,-0.73305005,1781189121488
2079649921,3,9.030001,-1.4470501,-0.69705003,1781189121497
2079649931,3,9.054001,-1.4680501,-0.65400004,1781189121509
2079649941,3,9.114,-1.4970001,-0.66105,1781189121519
2079649951,3,9.162001,-1.524,-0.666,1781189121527
2079649961,3,9.16005,-1.5090001,-0.66105,1781189121539
2079649971,3,9.174001,-1.50705,-0.64695,1781189121549
2079649981,3,9.222,-1.521,-0.63900006,1781189121559
2079649992,3,9.250951,-1.5190501,-0.66300005,1781189121569
2079650002,3,9.232051,-1.488,-0.67305005,1781189121579
2079650012,3,9.198001,-1.46595,-0.65400004,1781189121589
2079650022,3,9.17205,-1.4640001,-0.651,1781189121598
2079650032,3,9.241051,-1.4640001,-0.67305005,1781189121608
2079650042,3,9.363001,-1.49205,-0.74205005,1781189121619
2079650052,3,9.411,-1.50705,-0.78105,1781189121628
2079650062,3,9.43305,-1.49205,-0.79995006,1781189121638
2079650072,3,9.43305,-1.485,-0.79995006,1781189121650
2079650082,3,9.43995,-1.488,-0.77295005,1781189121659
2079650092,3,9.44505,-1.4779501,-0.74505,1781189121668
2079650102,3,9.430051,-1.4779501,-0.72300005,1781189121680
2079650112,3,9.402,-1.4899501,-0.69000006,1781189121690
2079650123,3,9.303,-1.4950501,-0.67305005,1781189121700
2079650133,3,9.198001,-1.488,-0.615,1781189121709
2079650143,3,9.093,-1.49205,-0.61305004,1781189121720
2079650153,3,9.045,-1.4830501,-0.58695,1781189121729
2079650163,3,8.99895,-1.4779501,-0.59895,1781189121740
2079650173,3,8.985001,-1.488,-0.59205,1781189121749
2079650183,3,9.02805,-1.5310501,-0.62700003,1781189121759
2079650193,3,9.102,-1.5310501,-0.67995006,1781189121770
2079650203,3,9.14805,-1.5090001,-0.73995006,1781189121779
2079650213,3,9.162001,-1.49205,-0.75900006,1781189121789
2079650223,3,9.16905,-1.4680501,-0.79305005,1781189121800
2079650233,3,9.17595,-1.437,-0.79995006,1781189121811
2079650243,3,9.17595,-1.416,-0.79695004,1781189121819
2079650254,3,9.222,-1.4059501,-0.76395005,1781189121831
2079650264,3,9.279,-1.42305,-0.73800004,1781189121841
2079650274,3,9.330001,-1.45395,-0.75000006,1781189121851
2079650284,3,9.35595,-1.4899501,-0.76095,1781189121860
2079650294,3,9.354,-1.5259501,-0.76905006,1781189121871
2079650304,3,9.295951,-1.5619501,-0.79695004,1781189121881
2079650314,3,9.28695,-1.5949501,-0.78795004,1781189121890
2079650324,3,9.33195,-1.6309501,-0.81195,1781189121900
2079650334,3,9.33195,-1.6309501,-0.79305005,1781189121910
2079650344,3,9.32505,-1.6480501,-0.77295005,1781189121921
2079650354,3,9.32295,-1.6459501,-0.78495,1781189121930
2079650364,3,9.318001,-1.6339501,-0.79305005,1781189121942
2079650374,3,9.258,-1.626,-0.77805007,1781189121952
2079650385,3,9.2029505,-1.5880501,-0.75705004,1781189121962
2079650395,3,9.121051,-1.53795,-0.72300005,1781189121970
2079650405,3,9.082951,-1.5280501,-0.70395005,1781189121982
2079650415,3,9.093,-1.5090001,-0.69900006,1781189121992
2079650425,3,9.153001,-1.5259501,-0.73005,1781189122002
2079650435,3,9.220051,-1.53495,-0.75405,1781189122011
2079650445,3,9.238951,-1.54305,-0.77805007,1781189122021
2079650455,3,9.241051,-1.557,-0.76905006,1781189122032
2079650465,3,9.23595,-1.54005,-0.78495,1781189122042
2079650475,3,9.184051,-1.5190501,-0.73800004,1781189122053
2079650485,3,9.16005,-1.4950501,-0.73995006,1781189122063
2079650495,3,9.14505,-1.50405,-0.69405,1781189122072
2079650505,3,9.17595,-1.5330001,-0.66105,1781189122081
2079650515,3,9.220051,-1.557,-0.642,1781189122092
2079650526,3,9.271951,-1.57605,-0.67800003,1781189122103
2079650536,3,9.327001,-1.5949501,-0.70395005,1781189122113
2079650546,3,9.303,-1.5880501,-0.75705004,1781189122123
2079650556,3,9.29895,-1.5690001,-0.76095,1781189122133
2079650566,3,9.246,-1.5330001,-0.75405,1781189122143
2079650576,3,9.214951,-1.55505,-0.76605004,1781189122152
2079650586,3,9.196051,-1.5520501,-0.74205005,1781189122162
2079650596,3,9.208051,-1.54305,-0.73995006,1781189122174
2079650606,3,9.208051,-1.5469501,-0.711,1781189122183
2079650616,3,9.238951,-1.5640501,-0.71595,1781189122193
2079650626,3,9.291,-1.5979501,-0.71595,1781189122204
2079650636,3,9.306001,-1.6170001,-0.71400005,1781189122214
2079650646,3,9.294001,-1.6170001,-0.71595,1781189122223
2079650657,3,9.262951,-1.6000501,-0.69000006,1781189122232
2079650667,3,9.29895,-1.61205,-0.67800003,1781189122244
2079650677,3,9.250951,-1.62195,-0.65895003,1781189122253
2079650687,3,9.18105,-1.605,-0.65400004,1781189122263
2079650697,3,9.13095,-1.5790501,-0.64905006,1781189122272
2079650707,3,9.09,-1.55505,-0.64905006,1781189122283
2079650717,3,9.0709505,-1.53495,-0.651,1781189122294
2079650727,3,9.094951,-1.53495,-0.65595,1781189122304
2079650737,3,9.114,-1.5330001,-0.68505,1781189122313
2079650747,3,9.162001,-1.5330001,-0.73800004,1781189122323
2079650757,3,9.16695,-1.5310501,-0.75705004,1781189122335
2079650767,3,9.17205,-1.5090001,-0.76095,1781189122344
2079650777,3,9.13305,-1.50405,-0.75900006,1781189122355
2079650788,3,9.1050005,-1.50195,-0.74700004,1781189122365
2079650798,3,9.081,-1.50195,-0.73305005,1781189122374
2079650808,3,9.102,-1.5280501,-0.69405,1781189122385
2079650818,3,9.11205,-1.54005,-0.65895003,1781189122394
2079650828,3,9.082951,-1.57605,-0.64695,1781189122405
2079650838,3,9.1050005,-1.5880501,-0.61800003,1781189122415
2079650848,3,9.1380005,-1.5810001,-0.63900006,1781189122425
2079650858,3,9.220051,-1.60695,-0.64695,1781189122435
2079650868,3,9.31305,-1.6140001,-0.66300005,1781189122446
2079650878,3,9.4140005,-1.6309501,-0.65400004,1781189122454
2079650888,3,9.493051,-1.6380001,-0.68505,1781189122466
2079650898,3,9.559951,-1.6459501,-0.68205005,1781189122475
2079650908,3,9.576,-1.6189501,-0.69900006,1781189122484
2079650918,3,9.531,-1.6000501,-0.66300005,1781189122495
2079650929,3,9.43995,-1.55505,-0.64695,1781189122506
2079650939,3,9.279,-1.524,-0.63000005,1781189122516
2079650949,3,9.15495,-1.5090001,-0.582,1781189122524
2079650959,3,9.02295,-1.5000001,-0.56805,1781189122537
2079650969,3,8.944051,-1.5469501,-0.58005005,1781189122547
2079650979,3,8.904,-1.5589501,-0.60795003,1781189122556
2079650989,3,8.923051,-1.5640501,-0.615,1781189122565
2079650999,3,8.962951,-1.5829501,-0.666,1781189122575
2079651009,3,9.049951,-1.6030501,-0.726,1781189122587
2079651019,3,9.15705,-1.6500001,-0.79695004,1781189122595
2079651029,3,9.238951,-1.6459501,-0.82905006,1781189122606
2079651039,3,9.259951,-1.605,-0.82905006,1781189122615
2079651049,3,9.250951,-1.5880501,-0.81405,1781189122627
2079651060,3,9.262951,-1.5520501,-0.76395005,1781189122637
2079651070,3,9.22395,-1.521,-0.735,1781189122647
2079651080,3,9.19305,-1.5190501,-0.70395005,1781189122657
2079651090,3,9.150001,-1.5120001,-0.67800003,1781189122667
2079651100,3,9.081,-1.50195,-0.63495004,1781189122676
2079651110,3,9.052051,-1.53495,-0.60795003,1781189122688
2079651120,3,9.069,-1.59105,-0.582,1781189122698
2079651130,3,9.14805,-1.6140001,-0.60105,1781189122708
2079651140,3,9.220051,-1.66005,-0.61305004,1781189122716
2079651150,3,9.282001,-1.6860001,-0.65595,1781189122729
2079651160,3,9.354,-1.677,-0.69000006,1781189122737
2079651170,3,9.39,-1.66005,-0.71400005,1781189122748
2079651180,3,9.43305,-1.6309501,-0.76905006,1781189122758
2079651191,3,9.45405,-1.60695,-0.75405,1781189122768
2079651201,3,9.45405,-1.5589501,-0.75405,1781189122778
2079651211,3,9.40905,-1.5330001,-0.75195,1781189122787
2079651221,3,9.295951,-1.4830501,-0.72795004,1781189122797
2079651231,3,9.18105,-1.45905,-0.69405,1781189122807
2079651241,3,9.081,-1.4490001,-0.68505,1781189122817
2079651251,3,8.997001,-1.4440501,-0.66300005,1781189122828
2079651261,3,8.97795,-1.4760001,-0.651,1781189122837
2079651271,3,8.997001,-1.524,-0.64695,1781189122848
2079651281,3,9.021001,-1.5670501,-0.67095006,1781189122857
2079651291,3,9.0709505,-1.605,-0.71595,1781189122868
2079651301,3,9.184051,-1.6170001,-0.75195,1781189122879
2079651311,3,9.327001,-1.6699501,-0.79695004,1781189122889
2079651321,3,9.459001,-1.6620001,-0.85995007,1781189122899
2079651332,3,9.538051,-1.6650001,-0.87600005,1781189122907
2079651342,3,9.603001,-1.6360501,-0.88605005,1781189122918
2079651352,3,9.64605,-1.6290001,-0.855,1781189122929
2079651362,3,9.660001,-1.5829501,-0.83100003,1781189122938
2079651372,3,9.61905,-1.5790501,-0.80205005,1781189122949
2079651382,3,9.588,-1.5330001,-0.771,1781189122959
2079651392,3,9.535951,-1.5499501,-0.72300005,1781189122969
2079651402,3,9.50895,-1.5640501,-0.70605004,1781189122978
2079651412,3,9.538051,-1.59105,-0.69000006,1781189122990
2079651422,3,9.58605,-1.6360501,-0.71595,1781189122998
2079651432,3,9.591001,-1.6650001,-0.75195,1781189123008
2079651442,3,9.555,-1.6840501,-0.76395005,1781189123020
2079651452,3,9.46905,-1.6500001,-0.77595,1781189123030
2079651463,3,9.361051,-1.6290001,-0.75000006,1781189123039
2079651473,3,9.32295,-1.5979501,-0.76605004,1781189123050
2079651483,3,9.30105,-1.57395,-0.75405,1781189123060
2079651493,3,9.32505,-1.5589501,-0.76395005,1781189123070
2079651503,3,9.373051,-1.54305,-0.77805007,1781189123080
2079651513,3,9.387,-1.57605,-0.80895007,1781189123090
2079651523,3,9.40905,-1.57605,-0.80895007,1781189123100
2079651533,3,9.3820505,-1.58595,-0.84300005,1781189123110
2079651543,3,9.373051,-1.57605,-0.83100003,1781189123120
2079651553,3,9.35595,-1.5979501,-0.79695004,1781189123130
2079651563,3,9.373051,-1.5949501,-0.76395005,1781189123139
2079651573,3,9.399,-1.59105,-0.71400005,1781189123149
2079651583,3,9.4140005,-1.58595,-0.70605004,1781189123161
2079651594,3,9.46605,-1.6140001,-0.69705003,1781189123171
2079651604,3,9.535951,-1.6099501,-0.69705003,1781189123181
2079651614,3,9.559951,-1.6189501,-0.68505,1781189123191
2079651624,3,9.52095,-1.5949501,-0.67095006,1781189123201
2079651634,3,9.45705,-1.5810001,-0.66105,1781189123211
2079651644,3,9.4140005,-1.5499501,-0.642,1781189123221
2079651654,3,9.342,-1.5139501,-0.61995006,1781189123232
2079651664,3,9.37005,-1.521,-0.61800003,1781189123240
2079651674,3,9.4140005,-1.5450001,-0.62505,1781189123251
2079651684,3,9.460951,-1.5670501,-0.62295,1781189123262
2079651694,3,9.523951,-1.6000501,-0.62700003,1781189123270
2079651704,3,9.550051,-1.6189501,-0.64905006,1781189123280
2079651714,3,9.526051,-1.6099501,-0.642,1781189123291
2079651725,3,9.504001,-1.6170001,-0.63495004,1781189123301
2079651735,3,9.4810505,-1.6030501,-0.61995006,1781189123312
2079651745,3,9.504001,-1.5589501,-0.61095005,1781189123322
2079651755,3,9.49005,-1.54005,-0.606,1781189123332
2079651765,3,9.49995,-1.5520501,-0.59595,1781189123342
2079651775,3,9.46395,-1.5139501,-0.59400004,1781189123352
2079651785,3,9.427951,-1.5259501,-0.56505,1781189123361
2079651795,3,9.3490505,-1.5000001,-0.55995005,1781189123372
2079651805,3,9.339001,-1.4830501,-0.56295,1781189123383
2079651815,3,9.262951,-1.485,-0.53205,1781189123392
2079651825,3,9.21,-1.5000001,-0.51495004,1781189123401
2079651835,3,9.153001,-1.5330001,-0.49305,1781189123413
2079651845,3,9.09,-1.557,-0.50295,1781189123423
2079651855,3,9.085951,-1.5640501,-0.52905005,1781189123433
2079651866,3,9.109051,-1.59105,-0.61305004,1781189123443
2079651876,3,9.21,-1.6309501,-0.72795004,1781189123453
2079651886,3,9.253051,-1.7490001,-0.78495,1781189123462
2079651896,3,9.32505,-1.7820001,-0.77595,1781189123473
2079651906,3,9.435,-1.7989501,-0.82095003,1781189123483
2079651916,3,9.607051,-1.8010501,-0.76905006,1781189123493
2079651926,3,9.777,-1.8280501,-0.80205005,1781189123502
2079651936,3,9.91905,-1.84905,-0.81705004,1781189123512
2079651946,3,10.014001,-1.8559501,-0.84795004,1781189123523
2079651956,3,10.01895,-1.8400501,-0.87600005,1781189123534
2079651966,3,9.993,-1.8079501,-0.92205006,1781189123543
2079651976,3,9.934951,-1.7839501,-0.9580501,1781189123554
2079651986,3,9.825001,-1.71,-0.97005004,1781189123563
2079651997,3,9.67695,-1.6189501,-0.94305,1781189123574
2079652007,3,9.5140505,-1.54305,-0.91200006,1781189123583
2079652017,3,9.327001,-1.5000001,-0.83595,1781189123593
2079652027,3,9.15495,-1.437,-0.76095,1781189123604
2079652037,3,9.00405,-1.368,-0.62700003,1781189123612
2079652047,3,8.85105,-1.31505,-0.53595,1781189123624
2079652057,3,8.81505,-1.2360001,-0.41400003,1781189123634
2079652067,3,8.82195,-1.2070501,-0.35205,1781189123644
2079652077,3,8.92695,-1.15695,-0.30705002,1781189123653
2079652087,3,9.04695,-1.15995,-0.321,1781189123665
2079652097,3,9.265051,-1.2240001,-0.36405003,1781189123674
2079652107,3,9.43995,-1.3249501,-0.381,1781189123684
2079652117,3,9.535951,-1.3609501,-0.45000002,1781189123695
2079652128,3,9.543,-1.29795,-0.51705,1781189123705
2079652138,3,9.483001,-1.215,-0.58395004,1781189123714
2079652148,3,9.379951,-1.15695,-0.64905006,1781189123724
2079652158,3,9.22395,-1.1209501,-0.68505,1781189123734
2079652168,3,9.04695,-1.15995,-0.78105,1781189123743
2079652178,3,8.974951,-1.116,-0.855,1781189123754
2079652188,3,8.875051,-1.0879501,-0.90000004,1781189123764
2079652198,3,8.808001,-1.0710001,-0.97695005,1781189123775
2079652208,3,8.7960005,-1.128,-1.02495,1781189123785
2079652218,3,8.784,-1.1719501,-1.056,1781189123794
2079652228,3,8.767051,-1.1839501,-1.0129501,1781189123805
2079652238,3,8.779051,-1.18605,-0.94095004,1781189123814
2079652248,3,8.832001,-1.15005,-0.83595,1781189123824
2079652258,3,8.868,-1.15005,-0.735,1781189123836
2079652269,3,8.974951,-1.1050501,-0.642,1781189123846
2079652279,3,9.118951,-1.095,-0.54405004,1781189123856
2079652289,3,9.262951,-1.14795,-0.51000005,1781189123866
2079652299,3,9.399,-1.21695,-0.49800003,1781189123876
2079652309,3,9.580951,-1.284,-0.606,1781189123885
2079652319,3,9.694051,-1.3770001,-0.75000006,1781189123896
2079652329,3,9.736951,-1.4250001,-0.91995007,1781189123907
2079652339,3,9.66705,-1.43295,-0.9889501,1781189123915
2079652349,3,9.576,-1.38195,-1.00605,1781189123926
2079652359,3,9.523951,-1.365,-1.0009501,1781189123935
2079652369,3,9.567,-1.30305,-1.02495,1781189123947
2079652379,3,9.708,-1.3219501,-1.07505,1781189123957
2079652389,3,9.90705,-1.2409501,-1.08,1781189123967
2079652400,3,10.053,-1.18095,-1.06605,1781189123976
2079652410,3,10.189051,-1.14495,-1.1040001,1781189123987
2079652420,3,10.306951,-1.1020501,-1.128,1781189123997
2079652430,3,10.302,-1.026,-0.99105006,1781189124007
2079652440,3,10.210951,-1.00395,-0.79305005,1781189124016
2079652450,3,10.06995,-1.0540501,-0.55995005,1781189124028
2079652460,3,9.967051,-1.143,-0.30705002,1781189124037
2079652470,3,9.82995,-1.27005,-0.18405001,1781189124047
2079652480,3,9.732,-1.38705,-0.109950006,1781189124056
2079652490,3,9.77505,-1.521,-0.112950005,1781189124066
2079652500,3,9.883051,-1.641,-0.19905001,1781189124077
2079652510,3,9.997951,-1.74405,-0.26805001,1781189124087
2079652520,3,10.081051,-1.794,-0.36900002,1781189124098
2079652531,3,10.12695,-1.8060001,-0.41895002,1781189124107
2079652541,3,10.18395,-1.8349501,-0.462,1781189124118
2079652551,3,10.15095,-1.8589501,-0.56805,1781189124127
2079652561,3,10.21605,-1.866,-0.735,1781189124137
2079652571,3,10.29195,-1.8420001,-0.89100003,1781189124147
2079652581,3,10.30395,-1.8010501,-0.97905004,1781189124157
2079652591,3,10.39995,-1.84905,-1.09695,1781189124167
2079652601,3,10.6699505,-1.914,-1.14195,1781189124178
2079652611,3,11.002951,-2.043,-1.2090001,1781189124188
2079652621,3,11.38605,-2.187,-1.092,1781189124198
2079652631,3,11.644951,-2.35395,-0.93600005,1781189124208
2079652641,3,11.829,-2.5819502,-0.99405,1781189124220
2079652651,3,12.045001,-2.84295,-1.389,1781189124227
2079652662,3,12.295951,-2.9959502,-1.9950001,1781189124237
2079652672,3,12.406051,-2.77305,-2.36805,1781189124248
2079652682,3,12.35805,-2.43105,-2.67405,1781189124258
2079652692,3,12.109051,-2.115,-2.811,1781189124268
2079652702,3,11.607,-1.8199501,-2.811,1781189124277
2079652712,3,10.977,-1.5469501,-2.6820002,1781189124289
2079652722,3,10.333051,-1.3219501,-2.49195,1781189124299
2079652732,3,9.715051,-1.15995,-2.2410002,1781189124310
2079652742,3,9.076051,-1.03995,-1.84395,1781189124318
2079652752,3,8.403001,-0.94200003,-1.4059501,1781189124330
2079652762,3,7.8019505,-0.87900007,-0.9990001,1781189124338
2079652772,3,7.2850504,-0.85605,-0.74505,1781189124349
2079652782,3,6.8970003,-0.85095006,-0.58905005,1781189124360
2079652792,3,6.6580505,-0.87705004,-0.57000005,1781189124368
2079652803,3,6.5860505,-0.93705004,-0.61095005,1781189124380
2079652813,3,6.7369504,-1.0519501,-0.675,1781189124390
2079652823,3,7.038,-1.263,-0.82095003,1781189124399
2079652833,3,7.46505,-1.488,-1.07505,1781189124410
2079652843,3,8.09895,-1.7530501,-1.4269501,1781189124420
2079652853,3,8.635051,-1.87995,-1.7410501,1781189124430
2079652863,3,8.925,-1.914,-1.9609501,1781189124440
2079652873,3,9.02295,-1.84905,-1.9660501,1781189124449
2079652883,3,9.09,-1.83,-1.9060501,1781189124460
2079652893,3,9.14505,-1.8540001,-1.7119501,1781189124471
2079652903,3,9.16905,-1.8199501,-1.5280501,1781189124480
2079652913,3,9.121051,-1.71,-1.3240501,1781189124491
2079652923,3,9.02595,-1.593,-1.0699501,1781189124501
2079652934,3,8.86305,-1.4640001,-0.81705004,1781189124510
2079652944,3,8.700001,-1.3990501,-0.58695,1781189124520
2079652954,3,8.499001,-1.3219501,-0.35205,1781189124530
2079652964,3,8.266951,-1.2889501,-0.094050005,1781189124541
2079652974,3,8.037001,-1.2529501,0.147,1781189124551
2079652984,3,7.833,-1.2030001,0.32700002,1781189124561
2079652994,3,7.6710005,-1.1520001,0.48000002,1781189124571
2079653004,3,7.5750003,-1.1050501,0.64305,1781189124581
2079653014,3,7.5100503,-1.1020501,0.75495005,1781189124590
2079653024,3,7.55595,-1.0710001,0.85800004,1781189124601
2079653034,3,7.5919504,-1.04505,0.76995003,1781189124610
2079653044,3,7.73295,-0.98505,0.65505004,1781189124620
2079653054,3,7.932,-0.94905007,0.46800002,1781189124632
2079653065,3,7.9270506,-0.85800004,0.21705002,1781189124642
2079653075,3,7.82595,-0.77895004,-0.012,1781189124652
2079653085,3,7.728,-0.67095006,-0.16095,1781189124662
2079653095,3,7.7400002,-0.573,-0.26295,1781189124672
2079653105,3,7.8690004,-0.50805,-0.33495003,1781189124682
2079653115,3,8.094001,-0.537,-0.39795002,1781189124692
2079653125,3,8.41005,-0.61605,-0.42600003,1781189124701
2079653135,3,8.70705,-0.75495005,-0.55095005,1781189124712
2079653145,3,9.01605,-0.90300006,-0.64695,1781189124723
2079653155,3,9.39,-1.023,-0.75900006,1781189124731
2079653165,3,9.883051,-1.1400001,-0.89100003,1781189124743
2079653175,3,10.359,-1.26495,-1.0510501,1781189124751
2079653185,3,10.6369505,-1.3770001,-1.1590501,1781189124763
2079653195,3,10.761001,-1.4610001,-1.2360001,1781189124771
2079653206,3,10.8,-1.5090001,-1.2739501,1781189124783
2079653216,3,10.816951,-1.5190501,-1.2930001,1781189124791
2079653226,3,10.869,-1.53495,-1.33605,1781189124803
2079653236,3,10.90995,-1.5310501,-1.2910501,1781189124813
2079653246,3,10.984051,-1.5190501,-1.2570001,1781189124823
2079653256,3,11.145,-1.593,-1.212,1781189124832
2079653266,3,11.590051,-1.74405,-1.22595,1781189124842
2079653276,3,12.12405,-1.9350001,-1.36695,1781189124853
2079653286,3,12.531,-2.1390002,-1.5850501,1781189124862
2079653296,3,12.703051,-2.292,-1.6900501,1781189124873
2079653306,3,12.46605,-2.26095,-1.60395,1781189124882
2079653316,3,12.018001,-2.1010501,-1.317,1781189124894
2079653326,3,11.4199505,-1.9020001,-0.89805007,1781189124904
2079653337,3,10.785001,-1.72905,-0.522,1781189124913
2079653347,3,10.11495,-1.59105,-0.18195,1781189124924
2079653357,3,9.471001,-1.4490001,0.052050002,1781189124934
2079653367,3,9.0070505,-1.32,0.26505002,1781189124944
2079653377,3,8.628,-1.22895,0.38700002,1781189124954
2079653387,3,8.403001,-1.19595,0.432,1781189124965
2079653397,3,8.34105,-1.2100501,0.40305,1781189124974
2079653407,3,8.415,-1.27695,0.31695002,1781189124984
2079653417,3,8.544001,-1.3969501,0.16905001,1781189124994
2079653427,3,8.66895,-1.50195,-0.03795,1781189125003
2079653437,3,8.793,-1.6189501,-0.24405001,1781189125015
2079653447,3,8.865001,-1.71,-0.39495003,1781189125023
2079653457,3,8.84805,-1.7629501,-0.52005005,1781189125034
2079653468,3,8.712001,-1.79595,-0.59595,1781189125045
2079653478,3,8.54205,-1.7820001,-0.675,1781189125055
2079653488,3,8.37705,-1.7730001,-0.71400005,1781189125065
2079653498,3,8.286,-1.7820001,-0.711,1781189125075
2079653508,3,8.2570505,-1.8229501,-0.75900006,1781189125085
2079653518,3,8.286,-1.8730501,-0.87900007,1781189125094
2079653528,3,8.3220005,-1.9279501,-0.984,1781189125104
2079653538,3,8.3890505,-1.96395,-1.06095,1781189125114
2079653548,3,8.41005,-2.01705,-1.1209501,1781189125125
2079653558,3,8.36505,-2.0020502,-1.0890001,1781189125134
2079653568,3,8.191951,-1.9110001,-0.97005004,1781189125145
2079653578,3,7.9510503,-1.8679501,-0.795,1781189125154
2079653588,3,7.6660504,-1.7680501,-0.68505,1781189125166
2079653599,3,7.42605,-1.713,-0.58905005,1781189125177
2079653609,3,7.1920505,-1.6620001,-0.64695,1781189125185
2079653619,3,7.0579505,-1.6380001,-0.75195,1781189125196
2079653629,3,6.9670506,-1.6339501,-0.89100003,1781189125205
2079653639,3,6.9880505,-1.6819501,-1.09395,1781189125217
2079653649,3,7.08405,-1.725,-1.3480501,1781189125226
2079653659,3,7.2040505,-1.81095,-1.506,1781189125235
2079653669,3,7.3660502,-1.83,-1.5870001,1781189125247
2079653679,3,7.5460505,-1.8520501,-1.6330501,1781189125257
2079653689,3,7.6780505,-1.8679501,-1.5799501,1781189125267
2079653699,3,7.7209506,-1.83,-1.41795,1781189125275
2079653709,3,7.7569504,-1.7700001,-1.1710501,1781189125285
2079653719,3,7.7500505,-1.7170501,-0.91005003,1781189125296
2079653729,3,7.7260504,-1.626,-0.63900006,1781189125307
2079653740,3,7.6830006,-1.524,-0.37800002,1781189125315
2079653750,3,7.73505,-1.437,-0.20595,1781189125328
2079653760,3,7.9120502,-1.4490001,-0.13695,1781189125336
2079653770,3,8.295,-1.54005,-0.165,1781189125346
2079653780,3,8.82705,-1.6980001,-0.28305,1781189125357
2079653790,3,9.387,-1.8780001,-0.48105,1781189125367
2079653800,3,9.897,-1.9710001,-0.69000006,1781189125378
2079653810,3,10.311001,-1.9900501,-0.85005003,1781189125387
2079653820,3,10.599001,-1.93305,-0.915,1781189125398
2079653830,3,10.783051,-1.8370501,-1.0030501,1781189125408
2079653840,3,10.996051,-1.83,-1.1920501,1781189125418
2079653850,3,11.254951,-1.9189501,-1.338,1781189125428
2079653860,3,11.40495,-1.9860001,-1.473,1781189125437
2079653871,3,11.496,-2.05305,-1.57305,1781189125448
2079653881,3,11.64,-2.1319501,-1.6570501,1781189125457
2079653891,3,11.901001,-2.2800002,-1.72905,1781189125467
2079653901,3,12.330001,-2.4790502,-1.863,1781189125477
2079653911,3,12.703051,-2.6800501,-1.9609501,1781189125487
2079653921,3,12.933001,-2.7900002,-1.9150501,1781189125497
2079653931,3,13.053,-2.8210502,-1.7530501,1781189125507
2079653941,3,12.981001,-2.7540002,-1.5319501,1781189125518
2079653951,3,12.760951,-2.62695,-1.3290001,1781189125527
2079653961,3,12.366,-2.46195,-1.21605,1781189125537
2079653971,3,11.76,-2.3040001,-1.14495,1781189125548
2079653981,3,11.061001,-2.112,-1.0870501,1781189125557
2079653991,3,10.4740505,-1.9540501,-1.0819501,1781189125569
2079654002,3,10.036051,-1.8589501,-1.03005,1781189125578
2079654012,3,9.63105,-1.8280501,-0.88095003,1781189125589
2079654022,3,9.3820505,-1.87995,-0.71595,1781189125599
2079654032,3,9.226951,-1.96395,-0.57000005,1781189125608
2079654042,3,9.117001,-2.08905,-0.46695003,1781189125619
2079654052,3,9.01605,-2.223,-0.40500003,1781189125629
2079654062,3,8.953951,-2.3160002,-0.546,1781189125639
2079654072,3,8.937,-2.3809502,-0.82605004,1781189125649
2079654082,3,8.83905,-2.3710501,-1.128,1781189125658
2079654092,3,8.79105,-2.328,-1.45305,1781189125670
2079654102,3,8.67105,-2.2440002,-1.7500501,1781189125678
2079654112,3,8.51805,-2.12895,-1.9080001,1781189125690
2079654122,3,8.32695,-2.1030002,-1.9039501,1781189125700
2079654132,3,8.20905,-2.2110002,-1.82895,1781189125710
2079654143,3,8.13,-2.2699502,-1.7839501,1781189125719
2079654153,3,8.22105,-2.2009501,-1.5799501,1781189125730
2079654163,3,8.50605,-2.1100502,-1.4269501,1781189125739
2079654173,3,8.797951,-2.01405,-1.3429501,1781189125749
2079654183,3,9.078,-1.8520501,-1.30305,1781189125760
2079654193,3,9.14505,-1.6980001,-1.25205,1781189125769
2079654203,3,8.985001,-1.521,-1.2040501,1781189125780
2079654213,3,8.635051,-1.33905,-1.09395,1781189125790
2079654223,3,8.254951,-1.1380501,-0.90795004,1781189125800
2079654233,3,7.9530005,-0.90300006,-0.66300005,1781189125809
2079654243,3,7.6969504,-0.73095006,-0.381,1781189125819
2079654253,3,7.4790006,-0.63795,-0.12195001,1781189125831
2079654263,3,7.2850504,-0.60705,0.13800001,1781189125840
2079654274,3,7.20795,-0.60195005,0.31500003,1781189125851
2079654284,3,7.2229505,-0.62295,0.44205,1781189125861
2079654294,3,7.3069506,-0.64695,0.504,1781189125871
2079654304,3,7.4790006,-0.67605,0.51105005,1781189125880
2079654314,3,7.6920004,-0.83400005,0.51405,1781189125891
2079654324,3,7.8570004,-0.9799501,0.45105,1781189125901
2079654334,3,7.9819503,-1.1190001,0.39600003,1781189125910
2079654344,3,8.073,-1.1880001,0.34395,1781189125921
2079654354,3,8.17305,-1.1880001,0.28605002,1781189125931
2079654364,3,8.35005,-1.1910001,0.25995,1781189125941
2079654374,3,8.592,-1.22895,0.21705002,1781189125951
2079654384,3,8.82195,-1.2790501,0.17595,1781189125962
2079654394,3,9.02805,-1.3609501,0.15,1781189125970
2079654405,3,9.291,-1.401,0.109050006,1781189125982
2079654415,3,9.46605,-1.41795,0.10395,1781189125992
2079654425,3,9.6,-1.4760001,0.06795,1781189126002
2079654435,3,9.74895,-1.50705,-0.028950002,1781189126012
2079654445,3,9.94305,-1.5469501,-0.14895001,1781189126022
2079654455,3,10.137,-1.6000501,-0.32805002,1781189126032
2079654465,3,10.483951,-1.7029501,-0.51495004,1781189126042
2079654475,3,10.9789505,-1.8229501,-0.76605004,1781189126052
2079654485,3,11.563951,-1.9759501,-1.06095,1781189126062
2079654495,3,12.19095,-2.112,-1.365,1781189126072
2079654505,3,12.715051,-2.2729502,-1.64505,1781189126082
2079654515,3,12.969001,-2.35695,-1.8030001,1781189126091
2079654525,3,12.98295,-2.3419502,-1.8169501,1781189126103
2079654535,3,12.80595,-2.223,-1.743,1781189126113
2079654546,3,12.3820505,-2.08095,-1.5280501,1781189126122
2079654556,3,11.956051,-1.88505,-1.22595,1781189126133
2079654566,3,11.51805,-1.7490001,-0.93105006,1781189126142
2079654576,3,11.097,-1.6360501,-0.651,1781189126153
2079654586,3,10.534051,-1.5450001,-0.40500003,1781189126163
2079654596,3,9.837001,-1.416,-0.16095,1781189126172
2079654606,3,9.066,-1.2550501,0.09195001,1781189126185
2079654616,3,8.37705,-1.1329501,0.30105,1781189126194
2079654626,3,7.9150505,-1.0639501,0.44400004,1781189126203
2079654636,3,7.6080003,-1.07595,0.49005002,1781189126214
2079654646,3,7.386,-1.0830001,0.49695003,1781189126223
2079654656,3,7.2400503,-1.131,0.40605003,1781189126234
2079654666,3,7.2300005,-1.2580501,0.27195,1781189126244
2079654677,3,7.254,-1.401,0.14505,1781189126253
2079654687,3,7.29195,-1.50195,0.016050002,1781189126263
2079654697,3,7.4100003,-1.65495,-0.19905001,1781189126273
2079654707,3,7.63005,-1.8420001,-0.44505003,1781189126284
2079654717,3,7.9030504,-2.05005,-0.71400005,1781189126293
2079654727,3,8.286,-2.22705,-0.98700005,1781189126303
2079654737,3,8.68095,-2.421,-1.25205,1781189126313
2079654747,3,8.962951,-2.5510502,-1.4389501,1781189126324
2079654757,3,9.12405,-2.6149502,-1.5180001,1781189126335
2079654767,3,9.1380005,-2.56005,-1.4749501,1781189126344
2079654777,3,9.042001,-2.4019501,-1.3240501,1781189126355
2079654787,3,8.832001,-2.22495,-1.12995,1781189126365
2079654797,3,8.583,-1.9930501,-0.95295006,1781189126373
2079654808,3,8.35305,-1.7680501,-0.82095003,1781189126383
2079654818,3,8.092051,-1.5640501,-0.72795004,1781189126395
2079654828,3,7.8310504,-1.4059501,-0.61995006,1781189126404
2079654838,3,7.6009502,-1.30305,-0.606,1781189126415
2079654848,3,7.4670005,-1.212,-0.63495004,1781189126424
2079654858,3,7.347,-1.1839501,-0.73995006,1781189126434
2079654868,3,7.3710003,-1.179,-0.83805007,1781189126444
2079654878,3,7.4670005,-1.19595,-0.93600005,1781189126455
2079654888,3,7.6590004,-1.1880001,-1.08,1781189126466
2079654898,3,7.977,-1.1880001,-1.3099501,1781189126476
2079654908,3,8.331,-1.2,-1.5300001,1781189126486
2079654918,3,8.52495,-1.14495,-1.63995,1781189126495
2079654928,3,8.431951,-1.023,-1.5079501,1781189126505
2079654939,3,8.23095,-0.87705004,-1.29495,1781189126516
2079654949,3,8.014951,-0.73800004,-1.0489501,1781189126525
2079654959,3,7.8960004,-0.66195005,-0.81405,1781189126535
2079654969,3,7.8880506,-0.642,-0.63195,1781189126547
2079654979,3,8.0779505,-0.717,-0.58695,1781189126557
2079654989,3,8.476951,-0.93195003,-0.63900006,1781189126565
2079654999,3,8.95905,-1.1880001,-0.83805007,1781189126577
2079655009,3,9.46395,-1.46595,-1.10595,1781189126587
2079655019,3,9.904051,-1.713,-1.42005,1781189126596
2079655029,3,10.122001,-1.8199501,-1.5829501,1781189126607
2079655039,3,10.158001,-1.8679501,-1.52505,1781189126615
2079655049,3,10.27095,-1.84395,-1.365,1781189126627
2079655059,3,10.507951,-1.8750001,-1.19505,1781189126636
2079655069,3,10.824,-1.9660501,-1.08,1781189126647
2079655080,3,11.18805,-2.0740502,-1.0129501,1781189126657
2079655090,3,11.5990505,-2.32995,-1.1370001,1781189126668
2079655100,3,12.162001,-2.637,-1.386,1781189126678
2079655110,3,12.81105,-2.8500001,-1.6999501,1781189126687
2079655120,3,13.359,-3.0649502,-2.02605,1781189126696
2079655130,3,13.654051,-3.1249502,-2.2099502,1781189126707
2079655140,3,13.632001,-3.07695,-2.1739502,1781189126718
2079655150,3,13.40505,-2.8860002,-1.9710001,1781189126727
2079655160,3,13.042951,-2.62695,-1.6999501,1781189126737
2079655170,3,12.538051,-2.33295,-1.4269501,1781189126746
2079655180,3,11.84595,-2.0359502,-1.2240001,1781189126757
2079655190,3,11.142,-1.7770501,-1.09395,1781189126768
2079655200,3,10.584001,-1.5499501,-1.0200001,1781189126777
2079655211,3,10.15095,-1.404,-0.9670501,1781189126788
2079655221,3,9.736951,-1.31505,-0.84795004,1781189126797
2079655231,3,9.31095,-1.29795,-0.66105,1781189126807
2079655241,3,8.974951,-1.33905,-0.45705003,1781189126817
2079655251,3,8.71395,-1.41795,-0.28995,1781189126827
2079655261,3,8.52495,-1.50195,-0.26805001,1781189126838
2079655271,3,8.31705,-1.58595,-0.29895002,1781189126847
2079655281,3,8.149051,-1.6030501,-0.41205,1781189126858
2079655291,3,8.082001,-1.6500001,-0.60795003,1781189126868
2079655301,3,8.06805,-1.7149501,-0.84000003,1781189126879
2079655311,3,8.109,-1.8010501,-1.0870501,1781189126888
2079655321,3,8.19495,-1.8520501,-1.29495,1781189126898
2079655331,3,8.311951,-1.9110001,-1.4680501,1781189126909
2079655342,3,8.49195,-2.022,-1.59,1781189126919
2079655352,3,8.781,-2.1340501,-1.626,1781189126928
2079655362,3,9.01095,-2.24895,-1.57305,1781189126939
2079655372,3,9.16905,-2.328,-1.422,1781189126949
2079655382,3,9.234,-2.3760002,-1.26705,1781189126959
2079655392,3,9.21,-2.39295,-1.0890001,1781189126969
2079655402,3,9.082951,-2.3110502,-0.924,1781189126979
2079655412,3,8.83905,-2.1460502,-0.73800004,1781189126988
2079655422,3,8.523001,-1.8919501,-0.55605,1781189126998
2079655432,3,8.19495,-1.674,-0.42405003,1781189127008
2079655442,3,7.9240503,-1.47105,-0.22995001,1781189127019
2079655452,3,7.7040005,-1.3420501,-0.060000002,1781189127029
2079655462,3,7.5820503,-1.284,0.052050002,1781189127038
2079655472,3,7.5649505,-1.24605,0.13305001,1781189127050
2079655483,3,7.6420503,-1.284,0.20205002,1781189127060
2079655493,3,7.7760005,-1.34595,0.21195,1781189127070
2079655503,3,7.9270506,-1.36995,0.19995001,1781189127080
2079655513,3,8.10105,-1.332,0.15900001,1781189127090
2079655523,3,8.181001,-1.215,0.126,1781189127099
2079655533,3,8.181001,-1.0519501,0.09195001,1781189127109
2079655543,3,8.2240505,-0.85305005,0.034950003,1781189127119
2079655553,3,8.21595,-0.702,-0.07005,1781189127130
2079655563,3,8.16405,-0.55095005,-0.19395001,1781189127139
2079655573,3,8.169001,-0.432,-0.261,1781189127150
2079655583,3,8.17305,-0.34305,-0.36600003,1781189127160
2079655593,3,8.2879505,-0.3,-0.41895002,1781189127169
2079655603,3,8.415,-0.3,-0.44805002,1781189127181
2079655614,3,8.50905,-0.37395,-0.47400004,1781189127190
2079655624,3,8.6980505,-0.50100005,-0.42600003,1781189127201
2079655634,3,8.87205,-0.64005005,-0.39495003,1781189127211
2079655644,3,9.088051,-0.82005006,-0.43095002,1781189127220
2079655654,3,9.493051,-1.0570501,-0.522,1781189127231
2079655664,3,10.000051,-1.33395,-0.69705003,1781189127239
2079655674,3,10.489051,-1.5829501,-0.89595,1781189127250
2079655684,3,10.809001,-1.7839501,-1.0849501,1781189127262
2079655694,3,11.073001,-1.9879501,-1.19505,1781189127270
2079655704,3,11.427001,-2.17995,-1.3270501,1781189127280
2079655714,3,11.88405,-2.388,-1.48905,1781189127291
2079655724,3,12.258,-2.53905,-1.6660501,1781189127300
2079655734,3,12.35595,-2.6100001,-1.7070001,1781189127311
2079655745,3,12.32505,-2.565,-1.6500001,1781189127322
2079655755,3,12.21195,-2.421,-1.506,1781189127332
2079655765,3,11.875051,-2.2080002,-1.21905,1781189127341
2079655775,3,11.53005,-2.0070002,-0.855,1781189127351
2079655785,3,11.271001,-1.83,-0.55995005,1781189127361
2079655795,3,11.166,-1.69305,-0.36405003,1781189127372
2079655805,3,10.917001,-1.54005,-0.261,1781189127382
2079655815,3,10.479,-1.31505,-0.18705001,1781189127391
2079655825,3,9.934951,-1.1050501,-0.036000002,1781189127401
2079655835,3,9.399,-0.90300006,0.13095,1781189127412
2079655845,3,8.84805,-0.72900003,0.32895002,1781189127422
2079655855,3,8.37405,-0.60405004,0.49005002,1781189127432
2079655865,3,7.96995,-0.54405004,0.60705,1781189127442
2079655876,3,7.6180506,-0.53205,0.65505004,1781189127452
2079655886,3,7.3230004,-0.57105005,0.684,1781189127463
2079655896,3,7.18905,-0.62805,0.65505004,1781189127472
2079655906,3,7.1680503,-0.77400005,0.59505004,1781189127482
2079655916,3,7.1940002,-0.97305006,0.46800002,1781189127492
2079655926,3,7.3110003,-1.2270001,0.23805001,1781189127503
2079655936,3,7.49595,-1.5259501,-0.048,1781189127512
2079655946,3,7.73505,-1.8060001,-0.37800002,1781189127522
2079655956,3,8.04405,-2.0380502,-0.74205005,1781189127534
2079655966,3,8.427,-2.2729502,-1.12995,1781189127542
2079655976,3,8.73795,-2.46,-1.485,1781189127552
2079655986,3,8.844001,-2.53905,-1.6810501,1781189127562
2079655996,3,8.752951,-2.46195,-1.7530501,1781189127572
2079656006,3,8.571,-2.28195,-1.64295,1781189127584
2079656017,3,8.346001,-2.079,-1.4460001,1781189127594
2079656027,3,8.082001,-1.9230001,-1.2,1781189127604
2079656037,3,7.8,-1.8180001,-0.9990001,1781189127614
2079656047,3,7.5940504,-1.72905,-0.8880001,1781189127623
2079656057,3,7.4689503,-1.62195,-0.86700004,1781189127633
2079656067,3,7.4070005,-1.50705,-0.92205006,1781189127643
2079656077,3,7.4449506,-1.34595,-1.008,1781189127654
2079656087,3,7.5649505,-1.22895,-1.15695,1781189127664
2079656097,3,7.7470503,-1.1689501,-1.401,1781189127673
2079656107,3,7.9480505,-1.128,-1.6350001,1781189127685
2079656117,3,8.0779505,-1.06605,-1.7550001,1781189127693
2079656127,3,8.04405,-0.9580501,-1.7070001,1781189127703
2079656137,3,7.89795,-0.87705004,-1.4820001,1781189127714
2079656148,3,7.76595,-0.81000006,-1.14195,1781189127724
2079656158,3,7.6900506,-0.822,-0.79695004,1781189127734
2079656168,3,7.6750503,-0.85605,-0.48105,1781189127745
2079656178,3,7.73295,-0.90300006,-0.14895001,1781189127755
2079656188,3,8.02005,-0.9990001,0.09,1781189127765
2079656198,3,8.511001,-1.1550001,0.28095,1781189127774
2079656208,3,9.162001,-1.3300501,0.33600003,1781189127785
2079656218,3,9.849001,-1.5949501,0.11595,1781189127796
2079656228,3,10.467001,-1.8040501,-0.216,1781189127806
2079656238,3,10.977,-1.93095,-0.558,1781189127815
2079656248,3,11.36505,-1.9230001,-0.85200006,1781189127826
2079656258,3,11.626051,-1.8400501,-1.1329501,1781189127836
2079656268,3,11.740951,-1.794,-1.3579501,1781189127846
2079656279,3,11.772,-1.8180001,-1.56105,1781189127856
2079656289,3,11.784,-1.8319501,-1.71,1781189127866
2079656299,3,11.752951,-1.7770501,-1.7530501,1781189127875
2079656309,3,11.868001,-1.7580001,-1.84395,1781189127885
2079656319,3,12.274951,-1.8870001,-2.02095,1781189127895
2079656329,3,12.748951,-2.1390002,-2.32005,1781189127906
2079656339,3,13.192051,-2.4070501,-2.538,1781189127915
2079656349,3,13.49295,-2.59395,-2.60295,1781189127926
2079656359,3,13.483951,-2.6940002,-2.4780002,1781189127936
2079656369,3,13.198951,-2.59605,-2.232,1781189127945
2079656379,3,12.68595,-2.43105,-2.028,1781189127957
2079656389,3,12.076051,-2.2470002,-1.84395,1781189127966
2079656399,3,11.391001,-2.01705,-1.69305,1781189127975
2079656409,3,10.75695,-1.8400501,-1.52505,1781189127986
2079656420,3,10.189051,-1.7050501,-1.30005,1781189127996
2079656430,3,9.721951,-1.6309501,-1.04205,1781189128008
2079656440,3,9.315001,-1.62405,-0.702,1781189128017
2079656450,3,8.99205,-1.69605,-0.37605003,1781189128027
2079656460,3,8.68605,-1.7700001,-0.12495001,1781189128036
2079656470,3,8.38395,-1.83,0.043950003,1781189128046
2079656480,3,8.142,-1.9039501,0.087000005,1781189128056
2079656490,3,7.9579506,-1.9710001,-0.024,1781189128066
2079656500,3,7.9600506,-2.0050502,-0.26595002,1781189128078
2079656510,3,8.073,-2.06205,-0.61095005,1781189128086
2079656520,3,8.154,-2.1319501,-1.06095,1781189128097
2079656530,3,8.2240505,-2.1700501,-1.4749501,1781189128107
2079656540,3,8.307,-2.2080002,-1.79595,1781189128118
2079656551,3,8.437051,-2.2699502,-2.181,1781189128126
2079656561,3,8.56095,-2.29695,-2.38995,1781189128137
2079656571,3,8.67105,-2.3449502,-2.4130502,1781189128147
2079656581,3,8.772,-2.4090002,-2.3779502,1781189128157
2079656591,3,8.805,-2.457,-2.2080002,1781189128168
2079656601,3,8.83695,-2.5080001,-1.9800001,1781189128177
2079656611,3,8.844001,-2.493,-1.72395,1781189128187
2079656621,3,8.81505,-2.42895,-1.5010501,1781189128198
2079656631,3,8.772,-2.33295,-1.26195,1781189128208
2079656641,3,8.66895,-2.1750002,-1.0699501,1781189128218
2079656651,3,8.500951,-1.9980001,-0.88605005,1781189128228
2079656661,3,8.38605,-1.81095,-0.68205005,1781189128237
2079656671,3,8.17305,-1.6030501,-0.43605003,1781189128248
2079656682,3,7.9339504,-1.4059501,-0.261,1781189128258
2079656692,3,7.6849504,-1.1880001,-0.07005,1781189128270
2079656702,3,7.4359503,-0.98700005,0.126,1781189128279
2079656712,3,7.1959505,-0.81000006,0.31695002,1781189128288
2079656722,3,7.1130004,-0.73095006,0.47100002,1781189128298
2079656732,3,7.2679505,-0.71400005,0.55905,1781189128309
2079656742,3,7.5010505,-0.73095006,0.60495,1781189128318
2079656752,3,7.8450003,-0.78795004,0.55905,1781189128329
2079656762,3,8.166,-0.79995006,0.44400004,1781189128339
2079656772,3,8.307,-0.75495005,0.29595003,1781189128350
2079656782,3,8.335951,-0.70500004,0.21405001,1781189128358
2079656792,3,8.379001,-0.63000005,0.16605,1781189128370
2079656802,3,8.44095,-0.58695,0.16395001,1781189128380
2079656812,3,8.487,-0.55095005,0.186,1781189128388
2079656823,3,8.604,-0.58305,0.22395001,1781189128399
2079656833,3,8.80095,-0.63495004,0.22395001,1781189128408
2079656843,3,9.018001,-0.76005006,0.21405001,1781189128419
2079656853,3,9.294001,-0.91305006,0.162,1781189128429
2079656863,3,9.76095,-1.09695,0.028050002,1781189128440
2079656873,3,10.218,-1.30095,-0.19605,1781189128449
2079656883,3,10.587001,-1.488,-0.462,1781189128461
2079656893,3,10.969951,-1.6699501,-0.69195,1781189128469
2079656903,3,11.346001,-1.81095,-0.94605005,1781189128480
2079656913,3,11.656951,-1.9110001,-1.149,1781189128490
2079656923,3,11.925,-2.02905,-1.2790501,1781189128501
2079656933,3,12.15495,-2.2110002,-1.45095,1781189128510
2079656943,3,12.32505,-2.35695,-1.5319501,1781189128521
2079656954,3,12.615001,-2.50005,-1.5799501,1781189128530
2079656964,3,12.8539505,-2.6149502,-1.6470001,1781189128541
2079656974,3,12.937951,-2.6130002,-1.6500001,1781189128551
2079656984,3,12.98595,-2.5549502,-1.5870001,1781189128561
2079656994,3,12.98295,-2.4520502,-1.5300001,1781189128570
2079657004,3,12.639001,-2.24895,-1.41495,1781189128581
2079657014,3,11.887051,-2.0050502,-1.149,1781189128591
2079657024,3,10.927051,-1.7080501,-0.77805007,1781189128600
2079657034,3,9.95205,-1.4089501,-0.30195,1781189128611
2079657044,3,9.00405,-1.1550001,0.13800001,1781189128622
2079657054,3,8.17605,-0.95595,0.47295,1781189128630
2079657064,3,7.4809504,-0.82005006,0.66705,1781189128642
2079657074,3,6.9280505,-0.76905006,0.79905003,1781189128652
2079657085,3,6.5070004,-0.71895003,0.85095006,1781189128662
2079657095,3,6.25605,-0.753,0.78405005,1781189128672
2079657105,3,6.1930504,-0.85995007,0.64095,1781189128682
2079657115,3,6.3130503,-1.0519501,0.43905002,1781189128692
2079657125,3,6.4999504,-1.2529501,0.15900001,1781189128701
2079657135,3,6.7560005,-1.485,-0.18705001,1781189128712
2079657145,3,7.0650005,-1.713,-0.62505,1781189128722
2079657155,3,7.5480003,-1.9879501,-1.08,1781189128731
2079657165,3,8.08695,-2.2440002,-1.5469501,1781189128742
2079657175,3,8.51805,-2.4019501,-1.8870001,1781189128753
2079657185,3,8.743051,-2.457,-2.11395,1781189128763
2079657195,3,8.7310505,-2.4,-2.0740502,1781189128772
2079657205,3,8.575951,-2.25105,-1.91805,1781189128781
2079657216,3,8.42895,-2.091,-1.7119501,1781189128794
2079657226,3,8.290951,-1.89495,-1.4749501,1781189128803
2079657236,3,8.106,-1.69305,-1.269,1781189128812
2079657246,3,7.8450003,-1.45905,-1.0849501,1781189128822
2079657256,3,7.6390505,-1.248,-0.96300006,1781189128833
2079657266,3,7.46505,-1.0639501,-0.86205006,1781189128843
2079657276,3,7.3549504,-0.88695,-0.81405,1781189128853
2079657286,3,7.3330503,-0.81495005,-0.83295006,1781189128862
2079657296,3,7.4050503,-0.76905006,-0.855,1781189128873
2079657306,3,7.5679502,-0.76005006,-0.90795004,1781189128882
2079657316,3,7.7809505,-0.753,-0.95505005,1781189128892
2079657326,3,8.073,-0.79095006,-1.02495,1781189128903
2079657336,3,8.35305,-0.82695,-1.1010001,1781189128913
2079657346,3,8.487,-0.822,-1.0890001,1781189128922
2079657357,3,8.46105,-0.79800004,-1.02495,1781189128932
2079657367,3,8.406,-0.82695,-0.91005003,1781189128944
2079657377,3,8.323951,-0.85800004,-0.80205005,1781189128954
2079657387,3,8.331,-0.93495005,-0.72300005,1781189128964
2079657397,3,8.53005,-1.0710001,-0.69000006,1781189128974
2079657407,3,8.892,-1.2529501,-0.69195,1781189128983
2079657417,3,9.34605,-1.473,-0.76095,1781189128995
2079657427,3,9.916051,-1.677,-0.86205006,1781189129004
2079657437,3,10.483951,-1.863,-0.92205006,1781189129014
2079657447,3,10.884001,-1.9900501,-0.91695005,1781189129023
2079657457,3,11.109,-2.01405,-0.83295006,1781189129034
2079657467,3,11.155951,-1.9350001,-0.66105,1781189129045
2079657477,3,11.152051,-1.8780001,-0.60300004,1781189129053
2079657488,3,11.190001,-1.8709501,-0.56805,1781189129065
2079657498,3,11.20905,-1.81605,-0.56505,1781189129075
2079657508,3,11.44095,-1.8780001,-0.66795003,1781189129085
2079657518,3,11.868001,-2.0410502,-0.90495,1781189129094
2079657528,3,12.31095,-2.259,-1.29795,1781189129104
2079657538,3,12.828001,-2.56305,-1.7310001,1781189129114
2079657548,3,13.210951,-2.80905,-2.1360002,1781189129125
2079657558,3,13.239,-2.86695,-2.3389502,1781189129135
2079657568,3,12.898951,-2.7469501,-2.3080502,1781189129145
2079657578,3,12.330001,-2.5819502,-2.12595,1781189129154
2079657588,3,11.68095,-2.4049501,-1.9080001,1781189129165
2079657598,3,11.06595,-2.3110502,-1.6620001,1781189129176
2079657608,3,10.491,-2.26305,-1.44105,1781189129186
2079657619,3,9.93795,-2.21805,-1.2379501,1781189129196
2079657629,3,9.4140005,-2.1360002,-1.0890001,1781189129207
2079657639,3,8.962951,-2.01195,-0.97005004,1781189129217
2079657649,3,8.608951,-1.93305,-0.89295006,1781189129225
2079657659,3,8.34105,-1.8780001,-0.88095003,1781189129236
2079657669,3,8.145,-1.88505,-0.91005003,1781189129245
2079657679,3,7.9170003,-1.8780001,-0.89595,1781189129255
2079657689,3,7.73505,-1.87995,-0.84300005,1781189129268
2079657699,3,7.668,-1.9399501,-0.82905006,1781189129278
2079657709,3,7.7230506,-2.01705,-0.82905006,1781189129285
2079657719,3,7.9150505,-2.1700501,-0.93600005,1781189129296
2079657729,3,8.161051,-2.3470502,-1.0870501,1781189129306
2079657739,3,8.44905,-2.493,-1.2709501,1781189129315
2079657749,3,8.7619505,-2.60805,-1.4320501,1781189129326
2079657760,3,9.01605,-2.63895,-1.55595,1781189129336
2079657770,3,9.258,-2.6490002,-1.6350001,1781189129346
2079657780,3,9.47805,-2.6130002,-1.65495,1781189129358
2079657790,3,9.6,-2.5459502,-1.59,1781189129367
2079657800,3,9.67395,-2.5170002,-1.4610001,1781189129377
2079657810,3,9.61695,-2.4790502,-1.36695,1781189129388
2079657820,3,9.45405,-2.3689501,-1.1689501,1781189129396
2079657830,3,9.282001,-2.32095,-1.0320001,1781189129408
2079657840,3,9.066,-2.22705,-0.89295006,1781189129418
2079657850,3,8.82705,-1.9470001,-0.72300005,1781189129428
2079657860,3,8.53005,-1.5979501,-0.55605,1781189129438
2079657870,3,8.269051,-1.27005,-0.31395,1781189129447
2079657880,3,7.9870505,-1.18605,-0.096,1781189129458
2079657891,3,7.668,-1.2580501,0.06795,1781189129468
2079657901,3,7.55595,-1.3369501,0.09,1781189129476
2079657911,3,7.60305,-1.36995,0.18795002,1781189129487
2079657921,3,7.7089505,-1.3920001,0.26505002,1781189129497
2079657931,3,7.79295,-1.3969501,0.27405003,1781189129509
2079657941,3,7.8310504,-1.4250001,0.25995,1781189129517
2079657951,3,7.9170003,-1.416,0.18105,1781189129528
2079657961,3,8.06595,-1.42095,0.064050004,1781189129538
2079657971,3,8.269051,-1.404,-0.031050002,1781189129547
2079657981,3,8.52495,-1.3770001,-0.12705001,1781189129558
2079657991,3,8.743051,-1.3270501,-0.21795002,1781189129569
2079658001,3,8.86005,-1.2910501,-0.30195,1781189129578
2079658011,3,8.89395,-1.2409501,-0.34500003,1781189129588
2079658022,3,8.941951,-1.14795,-0.36600003,1781189129599
2079658032,3,9.01395,-1.09305,-0.321,1781189129609
2079658042,3,9.16005,-1.0489501,-0.30195,1781189129618
2079658052,3,9.526051,-1.0879501,-0.31395,1781189129629
2079658062,3,9.95205,-1.2100501,-0.43305,1781189129638
2079658072,3,10.29195,-1.401,-0.651,1781189129647
2079658082,3,10.5390005,-1.5619501,-0.93105006,1781189129658
2079658092,3,10.785001,-1.72905,-1.24995,1781189129669
2079658102,3,11.04405,-1.8319501,-1.5640501,1781189129679
2079658112,3,11.451,-1.9420501,-1.8030001,1781189129688
2079658122,3,11.791051,-2.04795,-2.04195,1781189129699
2079658132,3,11.88405,-2.1700501,-2.1330001,1781189129708
2079658142,3,11.92695,-2.223,-2.11695,1781189129718
2079658153,3,11.923051,-2.187,-2.02605,1781189129728
2079658163,3,11.779051,-2.0650501,-1.8510001,1781189129738
2079658173,3,11.676001,-1.9780501,-1.5679501,1781189129749
2079658183,3,11.665951,-1.9039501,-1.3050001,1781189129759
2079658193,3,11.595,-1.8280501,-1.05795,1781189129768
2079658203,3,11.24295,-1.6890001,-0.74505,1781189129778
2079658213,3,10.6699505,-1.5499501,-0.43800002,1781189129788
2079658223,3,9.96195,-1.3579501,-0.112950005,1781189129800
2079658233,3,9.27705,-1.1520001,0.23595001,1781189129810
2079658243,3,8.652,-0.94905007,0.54,1781189129820
2079658253,3,8.149051,-0.83400005,0.74595004,1781189129829
2079658263,3,7.7110505,-0.77205,0.873,1781189129839
2079658273,3,7.3620005,-0.73800004,0.94695,1781189129849
2079658283,3,7.0939503,-0.80505,0.95400006,1781189129860
2079658294,3,6.9019504,-0.85605,0.90105003,1781189129869
2079658304,3,6.8209505,-0.94395006,0.80805004,1781189129879
2079658314,3,6.80595,-1.09695,0.64500004,1781189129890
2079658324,3,6.8950505,-1.2430501,0.42000002,1781189129900
2079658334,3,7.1059504,-1.4800501,0.09705,1781189129910
2079658344,3,7.4119506,-1.7080501,-0.29205,1781189129919
2079658354,3,7.8210006,-1.9660501,-0.70605004,1781189129931
2079658364,3,8.2570505,-2.2009501,-1.09695,1781189129941
2079658374,3,8.54895,-2.3419502,-1.3770001,1781189129951
2079658384,3,8.700001,-2.39505,-1.52295,1781189129961
2079658394,3,8.69295,-2.3500502,-1.506,1781189129971
2079658404,3,8.602051,-2.22495,-1.38405,1781189129981
2079658414,3,8.511001,-2.05005,-1.22595,1781189129992
2079658425,3,8.39805,-1.89495,-1.07295,1781189130002
2079658435,3,8.236051,-1.725,-0.9670501,1781189130011
2079658445,3,8.089951,-1.5499501,-0.89295006,1781189130020
2079658455,3,7.965,-1.3800001,-0.90495,1781189130031
2079658465,3,7.9219503,-1.23405,-0.98205006,1781189130042
2079658475,3,7.8739505,-1.11195,-1.128,1781189130052
2079658485,3,7.8550506,-1.0519501,-1.24995,1781189130062
2079658495,3,7.8120003,-1.00905,-1.3270501,1781189130072
2079658505,3,7.7779503,-0.9799501,-1.34595,1781189130083
2079658515,3,7.8690004,-1.03005,-1.3549501,1781189130096
2079658525,3,7.93905,-1.08105,-1.2910501,1781189130102
2079658535,3,7.9939504,-1.12395,-1.1590501,1781189130111
2079658545,3,8.03895,-1.1550001,-1.0129501,1781189130123
2079658556,3,8.104051,-1.19295,-0.84300005,1781189130133
2079658566,3,8.20905,-1.248,-0.726,1781189130142
2079658576,3,8.32905,-1.33395,-0.61095005,1781189130152
2079658586,3,8.559,-1.4680501,-0.58395004,1781189130163
2079658596,3,8.88195,-1.6480501,-0.651,1781189130173
2079658606,3,9.198001,-1.78005,-0.75900006,1781189130183
2079658616,3,9.47295,-1.8970501,-0.84000003,1781189130193
2079658626,3,9.62205,-1.9039501,-0.87405,1781189130203
2079658636,3,9.67395,-1.8829501,-0.85200006,1781189130212
2079658646,3,9.75105,-1.84695,-0.80505,1781189130222
2079658656,3,9.94305,-1.87995,-0.83805007,1781189130234
2079658666,3,10.24695,-1.9470001,-0.88095003,1781189130243
2079658676,3,10.660951,-2.02905,-0.98700005,1781189130252
2079658686,3,11.058001,-2.1010501,-1.149,1781189130264
2079658697,3,11.40495,-2.148,-1.2930001,1781189130278
2079658707,3,11.81505,-2.151,-1.4440501,1781189130283
2079658717,3,12.306001,-2.2369502,-1.626,1781189130292
2079658727,3,12.753,-2.3779502,-1.8319501,1781189130303
2079658737,3,13.089001,-2.5150502,-1.95105,1781189130312
2079658747,3,13.29195,-2.5770001,-1.968,1781189130323
2079658757,3,13.213051,-2.4859502,-1.8319501,1781189130334
2079658767,3,12.97395,-2.3110502,-1.6309501,1781189130344
2079658777,3,12.579,-2.12205,-1.4389501,1781189130355
2079658787,3,11.980051,-1.9540501,-1.248,1781189130363
2079658797,3,11.179951,-1.8319501,-1.08,1781189130375
2079658807,3,10.48095,-1.7220001,-0.93900007,1781189130385
2079658817,3,9.8560505,-1.674,-0.79695004,1781189130395
2079658828,3,9.291,-1.641,-0.651,1781189130404
2079658838,3,8.911051,-1.6789501,-0.50805,1781189130415
2079658848,3,8.7289505,-1.76505,-0.402,1781189130424
2079658858,3,8.68605,-1.93095,-0.32295,1781189130434
2079658868,3,8.748,-2.11695,-0.354,1781189130444
2079658878,3,8.82705,-2.29905,-0.53895,1781189130455
2079658888,3,8.889001,-2.4400501,-0.77595,1781189130464
2079658898,3,8.868,-2.5170002,-1.07295,1781189130474
2079658908,3,8.797951,-2.5080001,-1.365,1781189130486
2079658918,3,8.769,-2.4739501,-1.6639501,1781189130495
2079658928,3,8.70195,-2.4169502,-1.88205,1781189130504
2079658938,3,8.69295,-2.292,-2.06205,1781189130516
2079658948,3,8.781,-2.15805,-2.2099502,1781189130524
2079658959,3,8.961,-2.02395,-2.25795,1781189130536
2079658969,3,9.15495,-1.9350001,-2.16195,1781189130547
2079658979,3,9.330001,-1.8400501,-1.9780501,1781189130556
2079658989,3,9.46605,-1.8079501,-1.76505,1781189130565
2079658999,3,9.44205,-1.8040501,-1.48695,1781189130576
2079659009,3,9.28905,-1.7869501,-1.2760501,1781189130586
2079659019,3,9.073951,-1.77495,-1.09905,1781189130596
2079659029,3,8.83905,-1.7320501,-0.9670501,1781189130607
2079659039,3,8.50905,-1.6339501,-0.82095003,1781189130616
2079659049,3,8.178,-1.5670501,-0.675,1781189130627
2079659059,3,7.8550506,-1.4800501,-0.51000005,1781189130635
2079659069,3,7.5390005,-1.4280001,-0.28305,1781189130647
2079659079,3,7.2900004,-1.3770001,-0.04095,1781189130655
2079659090,3,7.06995,-1.32,0.21900001,1781189130668
2079659100,3,6.97095,-1.29795,0.43500003,1781189130677
2079659110,3,6.9859505,-1.33395,0.58995,1781189130688
2079659120,3,7.0669503,-1.3990501,0.648,1781189130698
2079659130,3,7.18905,-1.4680501,0.59505004,1781189130707
2079659140,3,7.4410505,-1.5139501,0.43905002,1781189130716
2079659150,3,7.73295,-1.5450001,0.27405003,1781189130727
2079659160,3,7.9870505,-1.5310501,0.094950005,1781189130737
2079659170,3,8.283,-1.5450001,-0.03795,1781189130748
2079659180,3,8.65005,-1.5499501,-0.17295001,1781189130756
2079659190,3,8.88195,-1.5310501,-0.261,1781189130766
2079659200,3,8.99895,-1.47105,-0.32805002,1781189130777
2079659210,3,9.045,-1.3990501,-0.30705002,1781189130786
2079659220,3,9.01605,-1.296,-0.321,1781189130796
2079659231,3,8.973001,-1.176,-0.261,1781189130807
2079659241,3,8.938951,-1.08105,-0.24405001,1781189130817
2079659251,3,9.0379505,-0.9799501,-0.24195,1781189130826
2079659261,3,9.25605,-0.98205006,-0.37605003,1781189130837
2079659271,3,9.523951,-1.107,-0.606,1781189130846
2079659281,3,9.8560505,-1.2430501,-0.97005004,1781189130857
2079659291,3,10.321051,-1.4089501,-1.3429501,1781189130867
2079659301,3,10.845,-1.57095,-1.6519501,1781189130877
2079659311,3,11.44095,-1.7410501,-1.8750001,1781189130887
2079659321,3,12.01605,-1.9020001,-2.02605,1781189130898
2079659331,3,12.366,-1.9860001,-2.028,1781189130909
2079659341,3,12.5119505,-1.9570501,-1.88205,1781189130917
2079659351,3,12.66495,-1.9399501,-1.71,1781189130927
2079659362,3,12.780001,-1.88505,-1.52505,1781189130939
2079659372,3,12.62205,-1.8250501,-1.2280501,1781189130949
2079659382,3,12.30105,-1.7320501,-0.90795004,1781189130958
2079659392,3,11.932051,-1.6170001,-0.57705003,1781189130969
2079659402,3,11.334001,-1.4830501,-0.29205,1781189130979
2079659412,3,10.41705,-1.30095,-0.036000002,1781189130989
2079659422,3,9.459001,-1.1190001,0.19305001,1781189130999
2079659432,3,8.608951,-0.94905007,0.39600003,1781189131008
2079659442,3,7.9459505,-0.86505,0.58095,1781189131018
2079659452,3,7.5480003,-0.906,0.67605,1781189131028
2079659462,3,7.3549504,-0.99705005,0.69105005,1781189131039
2079659472,3,7.2559505,-1.116,0.66195005,1781189131048
2079659482,3,7.2040505,-1.2360001,0.59295005,1781189131058
2079659493,3,7.15605,-1.38705,0.51105005,1781189131068
2079659503,3,7.149,-1.5499501,0.35595003,1781189131079
2079659513,3,7.22805,-1.7340001,0.109050006,1781189131089
2079659523,3,7.3570504,-1.9420501,-0.13695,1781189131099
2079659533,3,7.6009502,-2.19405,-0.49605003,1781189131110
2079659543,3,7.9630504,-2.4090002,-0.89295006,1781189131120
2079659553,3,8.406,-2.63895,-1.2760501,1781189131129
2079659563,3,8.808001,-2.7210002,-1.55595,1781189131140
2079659573,3,9.045,-2.69895,-1.67595,1781189131149
2079659583,3,9.16005,-2.67,-1.6159501,1781189131159
2079659593,3,9.13605,-2.56995,-1.4320501,1781189131171
2079659603,3,9.00405,-2.4450002,-1.2,1781189131179
2079659613,3,8.805,-2.2800002,-1.0339501,1781189131189
2079659623,3,8.57295,-2.0650501,-0.92700005,1781189131201
2079659634,3,8.319,-1.8180001,-0.90495,1781189131211
2079659644,3,8.03895,-1.5589501,-0.975,1781189131220
2079659654,3,7.79505,-1.38195,-1.092,1781189131230
2079659664,3,7.6470003,-1.2580501,-1.2550501,1781189131240
2079659674,3,7.5510006,-1.2070501,-1.3579501,1781189131251
2079659684,3,7.5720005,-1.215,-1.41495,1781189131261
2079659694,3,7.6920004,-1.2889501,-1.4100001,1781189131269
2079659704,3,7.7730002,-1.3270501,-1.38405,1781189131280
2079659714,3,7.7539506,-1.31295,-1.2430501,1781189131290
2079659724,3,7.7089505,-1.284,-1.116,1781189131302
2079659734,3,7.7110505,-1.26495,-0.96000004,1781189131310
2079659744,3,7.8139505,-1.22895,-0.75705004,1781189131321
2079659754,3,7.9410005,-1.251,-0.57195,1781189131332
2079659765,3,8.13,-1.365,-0.462,1781189131342
2079659775,3,8.41005,-1.5469501,-0.37605003,1781189131352
2079659785,3,8.68305,-1.69605,-0.30900002,1781189131362
2079659795,3,8.937,-1.8180001,-0.28995,1781189131372
2079659805,3,9.21195,-1.8520501,-0.30900002,1781189131381
2079659815,3,9.5119505,-1.7920501,-0.28695002,1781189131392
2079659825,3,9.777,-1.7509501,-0.28695002,1781189131402
2079659835,3,10.077001,-1.76505,-0.36195,1781189131412
2079659845,3,10.326,-1.78005,-0.45000002,1781189131422
2079659855,3,10.498051,-1.7820001,-0.52395004,1781189131432
2079659865,3,10.651051,-1.7010001,-0.53400004,1781189131442
2079659875,3,10.88805,-1.6380001,-0.52005005,1781189131451
2079659885,3,11.08695,-1.6699501,-0.75900006,1781189131462
2079659896,3,11.290951,-1.8400501,-1.12995,1781189131473
2079659906,3,11.56095,-2.05995,-1.6500001,1781189131483
2079659916,3,11.962951,-2.2780502,-2.148,1781189131493
2079659926,3,12.34605,-2.4070501,-2.5090501,1781189131503
2079659936,3,12.4800005,-2.5099502,-2.6839502,1781189131513
2079659946,3,12.397051,-2.5530002,-2.607,1781189131523
2079659956,3,12.19095,-2.56995,-2.3850002,1781189131533
2079659966,3,11.956051,-2.5480502,-2.19105,1781189131542
2079659976,3,11.68305,-2.4810002,-2.028,1781189131553
2079659986,3,11.334001,-2.424,-1.9110001,1781189131562
2079659996,3,11.01795,-2.364,-1.8270001,1781189131574
2079660006,3,10.72305,-2.3400002,-1.7569501,1781189131582
2079660016,3,10.500001,-2.36595,-1.7020501,1781189131592
2079660026,3,10.306951,-2.4049501,-1.60395,1781189131603
2079660037,3,10.09305,-2.4760501,-1.2910501,1781189131614
2079660047,3,9.792001,-2.63205,-0.63900006,1781189131623
2079660057,3,9.37005,-2.7970502,-0.117000006,1781189131634
2079660067,3,8.917951,-2.871,0.075,1781189131644
2079660077,3,8.535001,-2.7280502,0.018000001,1781189131654
2079660087,3,8.26395,-2.5480502,-0.16095,1781189131664
2079660097,3,8.157001,-2.328,-0.43800002,1781189131673
2079660107,3,8.286,-2.1049502,-0.79695004,1781189131684
2079660117,3,8.48205,-2.055,-1.3069501,1781189131695
2079660127,3,8.5990505,-2.0770502,-1.8030001,1781189131704
2079660137,3,8.635051,-2.1990001,-2.1739502,1781189131715
2079660147,3,8.619,-2.26305,-2.29395,1781189131725
2079660157,3,8.67105,-2.2420502,-2.3730001,1781189131734
2079660168,3,8.82705,-2.1990001,-2.2720501,1781189131743
2079660178,3,9.009001,-2.1720002,-2.0689502,1781189131754
2079660188,3,9.16905,-2.1649501,-1.7770501,1781189131764
2079660198,3,9.291,-2.25105,-1.4940001,1781189131774
2079660208,3,9.424951,-2.33295,-1.2240001,1781189131784
2079660218,3,9.48795,-2.364,-0.99600005,1781189131794
2079660228,3,9.5119505,-2.31795,-0.85200006,1781189131804
2079660238,3,9.397051,-2.1700501,-0.77295005,1781189131814
2079660248,3,9.15705,-1.9759501,-0.70395005,1781189131826
2079660258,3,8.781,-1.7730001,-0.61095005,1781189131834
2079660268,3,8.394,-1.5690001,-0.50805,1781189131845
2079660278,3,8.02995,-1.41795,-0.36195,1781189131854
2079660288,3,7.7590504,-1.30305,-0.18405001,1781189131866
2079660299,3,7.5919504,-1.248,0.03195,1781189131875
2079660309,3,7.4500504,-1.2390001,0.30105,1781189131887
2079660319,3,7.431,-1.2600001,0.50205004,1781189131895
2079660329,3,7.5079503,-1.2910501,0.62100005,1781189131906
2079660339,3,7.6200004,-1.2889501,0.65205,1781189131915
2079660349,3,7.833,-1.27695,0.63105005,1781189131925
2079660359,3,8.001,-1.2409501,0.57795,1781189131937
2079660369,3,8.161051,-1.1910001,0.47805002,1781189131947
2079660379,3,8.346001,-1.128,0.42000002,1781189131955
2079660389,3,8.544001,-1.0849501,0.31995,1781189131965
2079660399,3,8.712001,-1.0710001,0.22905001,1781189131977
2079660409,3,8.86005,-1.0570501,0.15705001,1781189131986
2079660419,3,8.99205,-1.0879501,0.126,1781189131997
2079660430,3,9.018001,-1.1190001,0.09900001,1781189132007
2079660440,3,9.054001,-1.14495,0.05595,1781189132017
2079660450,3,9.153001,-1.179,-0.048,1781189132026
2079660460,3,9.214951,-1.23105,-0.17295001,1781189132037
2079660470,3,9.35805,-1.296,-0.32295,1781189132047
2079660480,3,9.523951,-1.4110501,-0.52005005,1781189132057
2079660490,3,9.727051,-1.53795,-0.72105,1781189132068
2079660500,3,9.97095,-1.6980001,-0.99105006,1781189132077
2079660510,3,10.207951,-1.83,-1.2930001,1781189132086
2079660520,3,10.510051,-1.9780501,-1.5520501,1781189132098
2079660530,3,11.026951,-2.127,-1.8100501,1781189132108
2079660540,3,11.671051,-2.3500502,-2.0760002,1781189132116
2079660550,3,12.081,-2.49795,-2.2360501,1781189132126
2079660560,3,12.32505,-2.56995,-2.3080502,1781189132138
2079660571,3,12.4129505,-2.53095,-2.265,1781189132148
2079660581,3,12.283951,-2.39505,-2.1000001,1781189132157
2079660591,3,11.961,-2.1720002,-1.7500501,1781189132167
2079660601,3,11.63805,-1.9759501,-1.3549501,1781189132177
2079660611,3,11.382001,-1.78005,-1.0009501,1781189132187
2079660621,3,10.927051,-1.593,-0.65895003,1781189132197
2079660631,3,10.290001,-1.389,-0.32595003,1781189132207
2079660641,3,9.483001,-1.167,0.016050002,1781189132218
2079660651,3,8.647051,-0.94905007,0.35295,1781189132227
2079660661,3,7.82595,-0.70695,0.67905,1781189132238
2079660671,3,7.1800504,-0.55905,0.94005007,1781189132249
2079660681,3,6.80595,-0.53895,1.0879501,1781189132257
2079660691,3,6.68205,-0.609,1.131,1781189132270
2079660702,3,6.7270503,-0.76695,1.098,1781189132278
2079660712,3,6.912,-1.00905,0.91800004,1781189132290
2079660722,3,7.1250005,-1.2,0.693,1781189132298
2079660732,3,7.3069506,-1.416,0.40800002,1781189132308
2079660742,3,7.6200004,-1.61205,0.123,1781189132318
2079660752,3,8.158951,-1.8610501,-0.22500001,1781189132329
2079660762,3,8.805,-2.12205,-0.59595,1781189132339
2079660772,3,9.37005,-2.3470502,-0.91995007,1781189132348
2079660782,3,9.769951,-2.4760501,-1.21905,1781189132359
2079660792,3,9.94005,-2.493,-1.42005,1781189132368
2079660802,3,9.876,-2.3730001,-1.437,1781189132379
2079660812,3,9.65505,-2.2009501,-1.36695,1781189132388
2079660822,3,9.32295,-1.9740001,-1.19505,1781189132400
2079660833,3,8.949,-1.7509501,-1.02195,1781189132409
2079660843,3,8.623051,-1.53495,-0.87600005,1781189132420
2079660853,3,8.32905,-1.33395,-0.795,1781189132430
2079660863,3,8.104051,-1.2580501,-0.77295005,1781189132440
2079660873,3,7.9429502,-1.29795,-0.78495,1781189132450
2079660883,3,7.8570004,-1.3770001,-0.79305005,1781189132459
2079660893,3,7.8,-1.437,-0.79005,1781189132470
2079660903,3,7.7779503,-1.50195,-0.84000003,1781189132480
2079660913,3,7.7500505,-1.4950501,-0.89100003,1781189132490
2079660923,3,7.7779503,-1.50195,-1.0129501,1781189132500
2079660933,3,7.8210006,-1.5280501,-1.14495,1781189132511
2079660943,3,7.872,-1.5640501,-1.3050001,1781189132520
2079660953,3,7.9120502,-1.6030501,-1.35,1781189132531
2079660963,3,7.9030504,-1.60695,-1.317,1781189132539
2079660974,3,7.9339504,-1.60695,-1.2709501,1781189132551
2079660984,3,8.0130005,-1.58595,-1.19505,1781189132560
2079660994,3,8.118,-1.53795,-1.1179501,1781189132571
2079661004,3,8.31495,-1.50195,-1.05795,1781189132581
2079661014,3,8.470051,-1.43295,-1.008,1781189132591
2079661024,3,8.66895,-1.4130001,-0.96495,1781189132600
2079661034,3,8.937,-1.42095,-0.92205006,1781189132611
2079661044,3,9.259951,-1.47105,-0.95100003,1781189132621
2079661054,3,9.588,-1.5190501,-1.03005,1781189132630
2079661064,3,9.94305,-1.5829501,-1.1209501,1781189132642
2079661074,3,10.222951,-1.62195,-1.2240001,1781189132652
2079661084,3,10.309051,-1.593,-1.2280501,1781189132662
2079661094,3,10.335,-1.5829501,-1.197,1781189132672
2079661105,3,10.44795,-1.6170001,-1.1710501,1781189132682
2079661115,3,10.630051,-1.76505,-1.2210001,1781189132690
2079661125,3,10.896001,-1.9540501,-1.30005,1781189132702
2079661135,3,11.302951,-2.23005,-1.4749501,1781189132712
2079661145,3,11.937,-2.59095,-1.7050501,1781189132722
2079661155,3,12.574051,-2.9670002,-1.9750501,1781189132732
2079661165,3,13.072051,-3.24495,-2.1979501,1781189132742
2079661175,3,13.395,-3.3769503,-2.2459502,1781189132751
2079661185,3,13.395,-3.31905,-2.1090002,1781189132761
2079661195,3,13.156051,-3.144,-1.87995,1781189132772
2079661205,3,12.757951,-2.874,-1.6570501,1781189132783
2079661215,3,12.22395,-2.53905,-1.434,1781189132791
2079661225,3,11.568001,-2.24895,-1.26705,1781189132801
2079661236,3,11.022,-2.02905,-1.128,1781189132813
2079661246,3,10.540951,-1.914,-0.9889501,1781189132822
2079661256,3,10.06005,-1.8610501,-0.85695004,1781189132833
2079661266,3,9.556951,-1.8420001,-0.65895003,1781189132843
2079661276,3,9.078,-1.7560501,-0.462,1781189132853
2079661286,3,8.712001,-1.7149501,-0.34695002,1781189132863
2079661296,3,8.53005,-1.7530501,-0.31395,1781189132873
2079661306,3,8.463,-1.8589501,-0.40005,1781189132883
2079661316,3,8.470051,-1.983,-0.55095005,1781189132893
2079661326,3,8.476951,-2.127,-0.78300005,1781189132903
2079661336,3,8.49195,-2.26305,-1.092,1781189132912
2079661346,3,8.52495,-2.3449502,-1.3600501,1781189132924
2079661356,3,8.52495,-2.352,-1.5589501,1781189132933
2079661367,3,8.590051,-2.33505,-1.7070001,1781189132944
2079661377,3,8.70705,-2.3059502,-1.8319501,1781189132954
2079661387,3,8.88405,-2.292,-1.8679501,1781189132964
2079661397,3,9.102,-2.3160002,-1.8460501,1781189132973
2079661407,3,9.339001,-2.3779502,-1.79805,1781189132984
2079661417,3,9.568951,-2.433,-1.7809501,1781189132993
2079661427,3,9.703051,-2.4480002,-1.743,1781189133003
2079661437,3,9.651,-2.3449502,-1.6660501,1781189133014
2079661447,3,9.49695,-2.18205,-1.5490501,1781189133024
2079661457,3,9.21,-1.9540501,-1.38195,1781189133035
2079661467,3,8.829,-1.7490001,-1.19505,1781189133044
2079661477,3,8.431951,-1.54305,-0.96300006,1781189133054
2079661487,3,8.05395,-1.38495,-0.73800004,1781189133065
2079661497,3,7.7299504,-1.2550501,-0.50100005,1781189133075
2079661508,3,7.48395,-1.1550001,-0.30405003,1781189133085
2079661518,3,7.3500004,-1.1050501,-0.076950006,1781189133094
2079661528,3,7.4290504,-1.11405,0.079950005,1781189133105
2079661538,3,7.6110005,-1.2049501,0.094950005,1781189133115
2079661548,3,7.7380505,-1.3060501,0.126,1781189133125
2079661558,3,7.8930006,-1.401,0.094950005,1781189133135
2079661568,3,7.932,-1.45905,0.03195,1781189133145
2079661578,3,7.9200006,-1.4299501,-0.012,1781189133155
2079661588,3,7.932,-1.35105,-0.003,1781189133166
2079661598,3,8.049001,-1.263,0.028050002,1781189133175
2079661608,3,8.20695,-1.18095,0.11895001,1781189133185
2079661618,3,8.311951,-1.12605,0.16905001,1781189133194
2079661628,3,8.48505,-1.0830001,0.21405001,1781189133207
2079661639,3,8.62605,-0.97005004,0.21900001,1781189133215
2079661649,3,8.710051,-0.86505,0.162,1781189133225
2079661659,3,8.79105,-0.81000006,0.05595,1781189133235
2079661669,3,8.916,-0.777,-0.072000004,1781189133247
2079661679,3,9.021001,-0.76695,-0.19905001,1781189133256
2079661689,3,9.222,-0.80295,-0.29205,1781189133268
2079661699,3,9.5119505,-0.87705004,-0.43305,1781189133275
2079661709,3,9.832951,-1.026,-0.60795003,1781189133285
2079661719,3,10.161,-1.19805,-0.78495,1781189133297
2079661729,3,10.540951,-1.35405,-1.04205,1781189133306
2079661739,3,10.993951,-1.524,-1.269,1781189133316
2079661749,3,11.53995,-1.725,-1.4460001,1781189133327
2079661759,3,12.0709505,-1.9740001,-1.57305,1781189133337
2079661770,3,12.418051,-2.2080002,-1.6830001,1781189133347
2079661780,3,12.50895,-2.29905,-1.65495,1781189133357
2079661790,3,12.409051,-2.29005,-1.57305,1781189133367
2079661800,3,12.069,-2.1649501,-1.434,1781189133376
2079661810,3,11.757001,-1.9900501,-1.233,1781189133388
2079661820,3,11.656951,-1.8679501,-1.0819501,1781189133398
2079661830,3,11.463,-1.8079501,-0.99405,1781189133406
2079661840,3,10.972051,-1.6789501,-0.81405,1781189133418
2079661850,3,10.321051,-1.50405,-0.57705003,1781189133426
2079661860,3,9.595051,-1.2889501,-0.29205,1781189133438
2079661870,3,8.92695,-1.07805,0.049050003,1781189133448
2079661880,3,8.31,-0.91800004,0.36795002,1781189133458
2079661890,3,7.8430505,-0.81705004,0.588,1781189133467
2079661900,3,7.4620504,-0.777,0.69795,1781189133477
2079661911,3,7.1680503,-0.77205,0.72705,1781189133487
2079661921,3,6.95205,-0.79095006,0.69795,1781189133496
2079661931,3,6.9,-0.86295,0.588,1781189133510
2079661941,3,7.0260005,-0.99000007,0.38895002,1781189133518
2079661951,3,7.18695,-1.15695,0.15900001,1781189133528
2079661961,3,7.4170504,-1.3440001,-0.112950005,1781189133538
2079661971,3,7.7400002,-1.557,-0.39795002,1781189133547
2079661981,3,8.142,-1.7730001,-0.73005,1781189133557
2079661991,3,8.62605,-2.01,-1.044,1781189133568
2079662001,3,9.13095,-2.256,-1.3600501,1781189133578
2079662011,3,9.46605,-2.4049501,-1.5799501,1781189133588
2079662021,3,9.58395,-2.433,-1.623,1781189133597
2079662031,3,9.430051,-2.28495,-1.50405,1781189133608
2079662042,3,9.10005,-2.055,-1.26705,1781189133619
2079662052,3,8.785951,-1.8540001,-1.0320001,1781189133629
2079662062,3,8.427,-1.677,-0.87405,1781189133639
2079662072,3,8.05095,-1.524,-0.80505,1781189133649
2079662082,3,7.728,-1.3770001,-0.80205005,1781189133659
2079662092,3,7.4890504,-1.29795,-0.864,1781189133669
2079662102,3,7.3740005,-1.2360001,-0.98700005,1781189133678
2079662112,3,7.4020505,-1.23105,-1.1730001,1781189133688
2079662122,3,7.4890504,-1.2720001,-1.3770001,1781189133698
2079662132,3,7.6180506,-1.30305,-1.4770501,1781189133709
2079662142,3,7.833,-1.3920001,-1.60395,1781189133719
2079662152,3,8.02995,-1.42095,-1.6330501,1781189133729
2079662162,3,8.19705,-1.4110501,-1.5640501,1781189133738
2079662173,3,8.32695,-1.3920001,-1.4080501,1781189133750
2079662183,3,8.439,-1.38495,-1.2790501,1781189133758
2079662193,3,8.556001,-1.31805,-1.13505,1781189133769
2079662203,3,8.652,-1.1880001,-0.95100003,1781189133779
2079662213,3,8.79105,-1.059,-0.75705004,1781189133788
2079662223,3,9.02595,-0.99000007,-0.606,1781189133799
2079662233,3,9.28695,-0.9799501,-0.44505003,1781189133811
2079662243,3,9.595051,-1.0849501,-0.34995002,1781189133820
2079662253,3,9.909,-1.2600001,-0.27495003,1781189133831
2079662263,3,10.207951,-1.437,-0.24900001,1781189133840
2079662273,3,10.39995,-1.5619501,-0.18,1781189133850
2079662283,3,10.563001,-1.6620001,-0.11505,1781189133860
2079662293,3,10.72095,-1.7410501,-0.109950006,1781189133871
2079662304,3,10.939051,-1.8589501,-0.18705001,1781189133881
2079662314,3,11.314951,-1.99995,-0.36405003,1781189133889
2079662324,3,11.820001,-2.26305,-0.666,1781189133901
2079662334,3,12.241051,-2.53605,-1.0849501,1781189133911
2079662344,3,12.399,-2.73,-1.4130001,1781189133921
2079662354,3,12.351001,-2.8189502,-1.6470001,1781189133930
2079662364,3,12.351001,-2.9239502,-1.932,1781189133940
2079662374,3,12.46605,-3.04395,-2.22,1781189133951
2079662384,3,12.49995,-3.111,-2.3419502,1781189133961
2079662394,3,12.415951,-3.11595,-2.325,1781189133971
2079662404,3,12.265051,-3.04095,-2.1690001,1781189133982
2079662414,3,12.02595,-2.9479501,-1.9849501,1781189133991
2079662424,3,11.652,-2.7610502,-1.8360001,1781189134002
2079662434,3,11.173051,-2.529,-1.6999501,1781189134011
2079662445,3,10.57695,-2.3160002,-1.6470001,1781189134022
2079662455,3,10.026,-2.11695,-1.60695,1781189134031
2079662465,3,9.672001,-1.9980001,-1.6330501,1781189134041
2079662475,3,9.4470005,-2.0070002,-1.6309501,1781189134052
2079662485,3,9.271951,-2.0740502,-1.51995,1781189134061
2079662495,3,9.085951,-2.09805,-1.3099501,1781189134072
2079662505,3,8.853001,-2.1100502,-1.1010001,1781189134082
2079662515,3,8.71905,-2.1010501,-0.94605005,1781189134094
2079662525,3,8.712001,-2.1750002,-0.86895007,1781189134101
2079662535,3,8.67405,-2.2150502,-0.864,1781189134114
2079662545,3,8.55195,-2.29695,-0.80895007,1781189134123
2079662555,3,8.413051,-2.3470502,-0.75900006,1781189134133
2079662565,3,8.20395,-2.3710501,-0.77595,1781189134141
2079662576,3,8.06295,-2.36595,-0.771,1781189134151
2079662586,3,8.00805,-2.364,-0.90000004,1781189134162
2079662596,3,8.089951,-2.3760002,-1.06095,1781189134172
2079662606,3,8.281051,-2.3850002,-1.2910501,1781189134182
2079662616,3,8.619,-2.4379501,-1.5370501,1781189134193
2079662626,3,8.96595,-2.5459502,-1.7860501,1781189134203
2079662636,3,9.21195,-2.6419501,-1.8169501,1781189134214
2079662646,3,9.291,-2.9550002,-1.9969501,1781189134222
2079662656,3,9.21195,-2.8950002,-1.9039501,1781189134232
2079662666,3,9.078,-2.66295,-1.659,1781189134243
2079662676,3,8.962951,-2.38995,-1.40295,1781189134254
2079662686,3,8.76,-2.0380502,-1.13505,1781189134264
2079662696,3,8.592,-1.78005,-0.82395005,1781189134273
2079662707,3,8.401051,-1.69605,-0.55095005,1781189134282
2079662717,3,8.23305,-1.6309501,-0.41700003,1781189134293
2079662727,3,8.116051,-1.50405,-0.26805001,1781189134303
2079662737,3,8.121,-1.416,-0.120000005,1781189134314
2079662747,3,8.146951,-1.31505,-0.06705,1781189134322
2079662757,3,8.106,-1.251,-0.00705,1781189134332
2079662767,3,8.04405,-1.1520001,0.034950003,1781189134343
2079662777,3,8.037001,-1.1020501,0.075,1781189134353
2079662787,3,8.037001,-1.07295,0.10395,1781189134364
2079662797,3,8.085,-1.0489501,0.12105001,1781189134374
2079662807,3,8.166,-1.03995,0.11100001,1781189134383
2079662817,3,8.293051,-0.9990001,0.13800001,1781189134393
2079662827,3,8.3550005,-0.92505,0.13995,1781189134403
2079662837,3,8.394,-0.86505,0.12795001,1781189134415
2079662848,3,8.488951,-0.82695,0.078,1781189134425
2079662858,3,8.63805,-0.77895004,0.00405,1781189134435
2079662868,3,8.73795,-0.74100006,-0.055050004,1781189134445
2079662878,3,8.69295,-0.74505,-0.12900001,1781189134455
2079662888,3,8.69505,-0.71895003,-0.18,1781189134464
2079662898,3,8.797951,-0.76500005,-0.18705001,1781189134475
2079662908,3,9.109051,-0.84795004,-0.25605002,1781189134485
2079662918,3,9.556951,-0.99705005,-0.37800002,1781189134494
2079662928,3,10.054951,-1.19595,-0.55305004,1781189134504
2079662938,3,10.564951,-1.416,-0.78795004,1781189134514
2079662948,3,11.038951,-1.6669501,-0.99600005,1781189134527
2079662958,3,11.463,-1.8559501,-1.17795,1781189134536
2079662968,3,11.86305,-2.0359502,-1.3069501,1781189134544
2079662979,3,12.19995,-2.15595,-1.4490001,1781189134554
2079662989,3,12.406051,-2.1769502,-1.5079501,1781189134565
2079662999,3,12.547951,-2.1079502,-1.5300001,1781189134576
2079663009,3,12.483001,-1.9930501,-1.53495,1781189134585
2079663019,3,12.12405,-1.8199501,-1.41495,1781189134595
2079663029,3,11.608951,-1.605,-1.2400501,1781189134605
2079663039,3,11.182951,-1.4299501,-1.02705,1781189134616
2079663049,3,10.837951,-1.3099501,-0.81405,1781189134627
2079663059,3,10.378051,-1.19805,-0.606,1781189134636
2079663069,3,9.732,-1.07295,-0.37605003,1781189134645
2079663079,3,9.081,-0.95400006,-0.16995001,1781189134657
2079663089,3,8.476951,-0.82695,0.022950001,1781189134667
2079663099,3,8.082001,-0.76005006,0.186,1781189134676
2079663110,3,7.7880006,-0.75705004,0.22605,1781189134686
2079663120,3,7.5870004,-0.762,0.25695002,1781189134696
2079663130,3,7.31895,-0.80505,0.26205,1781189134707
2079663140,3,7.0740004,-0.85995007,0.25305,1781189134717
2079663150,3,6.9090004,-0.93900007,0.22200002,1781189134727
2079663160,3,6.8920503,-1.04505,0.13095,1781189134735
2079663170,3,7.0650005,-1.1910001,-0.02205,1781189134747
2079663180,3,7.35195,-1.3969501,-0.25395,1781189134756
2079663190,3,7.6849504,-1.5949501,-0.51000005,1781189134767
2079663200,3,8.06595,-1.8540001,-0.795,1781189134776
2079663210,3,8.50605,-2.04795,-1.07505,1781189134787
2079663220,3,9.054001,-2.22495,-1.353,1781189134799
2079663230,3,9.45195,-2.328,-1.55595,1781189134809
2079663241,3,9.591001,-2.3500502,-1.5799501,1781189134816
2079663251,3,9.493051,-2.2750502,-1.4650501,1781189134827
2079663261,3,9.262951,-2.112,-1.2739501,1781189134837
2079663271,3,9.009001,-1.8900001,-1.09395,1781189134847
2079663281,3,8.6980505,-1.6669501,-0.94095004,1781189134856
2079663291,3,8.379001,-1.4640001,-0.84300005,1781189134867
2079663301,3,8.08005,-1.28205,-0.81195,1781189134877
2079663311,3,7.833,-1.1380501,-0.855,1781189134888
2079663321,3,7.6780505,-1.026,-0.9480001,1781189134898
2079663331,3,7.6180506,-0.98700005,-1.0489501,1781189134908
2079663341,3,7.6540504,-0.99195004,-1.10895,1781189134918
2079663351,3,7.7140503,-1.0570501,-1.128,1781189134927
2079663361,3,7.728,-1.0879501,-1.08,1781189134939
2079663371,3,7.76205,-1.0900501,-0.984,1781189134949
2079663382,3,7.8289504,-1.116,-0.9580501,1781189134959
2079663392,3,7.9339504,-1.1400001,-0.98700005,1781189134969
2079663402,3,8.061001,-1.21695,-1.03695,1781189134979
2079663412,3,8.145,-1.26495,-1.04595,1781189134988
2079663422,3,8.18295,-1.2940501,-1.0180501,1781189134999
2079663432,3,8.202001,-1.3249501,-0.96300006,1781189135008
2079663442,3,8.23305,-1.34895,-0.89595,1781189135019
2079663452,3,8.36205,-1.3750501,-0.89295006,1781189135028
2079663462,3,8.5990505,-1.41795,-0.88605005,1781189135038
2079663472,3,8.96595,-1.488,-0.94605005,1781189135049
2079663482,3,9.471001,-1.57605,-1.10895,1781189135059
2079663492,3,9.913951,-1.69095,-1.21905,1781189135069
2079663502,3,10.213051,-1.7410501,-1.10895,1781189135079
2079663513,3,10.431001,-1.7730001,-0.91005003,1781189135088
2079663523,3,10.62495,-1.7410501,-0.69195,1781189135098
2079663533,3,10.88805,-1.7580001,-0.522,1781189135109
2079663543,3,11.18805,-1.84695,-0.41400003,1781189135120
2079663553,3,11.41695,-2.01705,-0.53400004,1781189135130
2079663563,3,11.626051,-2.2390501,-0.71595,1781189135139
2079663573,3,11.982,-2.457,-0.96000004,1781189135150
2079663583,3,12.39,-2.7250502,-1.30005,1781189135160
2079663593,3,12.922951,-3.0370502,-1.67595,1781189135170
2079663603,3,13.408951,-3.3649502,-1.9990501,1781189135180
2079663613,3,13.705951,-3.5470502,-2.18595,1781189135189
2079663623,3,13.737,-3.55905,-2.1760502,1781189135201
2079663633,3,13.432951,-3.4129503,-2.08095,1781189135211
2079663644,3,12.861001,-3.108,-1.8889501,1781189135220
2079663654,3,12.126,-2.7280502,-1.7310001,1781189135231
2079663664,3,11.346001,-2.39505,-1.623,1781189135241
2079663674,3,10.6369505,-2.12895,-1.5439501,1781189135251
2079663684,3,9.993,-1.93305,-1.41495,1781189135262
2079663694,3,9.385051,-1.794,-1.22595,1781189135271
2079663704,3,8.905951,-1.6620001,-1.02705,1781189135279
2079663714,3,8.568001,-1.62405,-0.84300005,1781189135290
2079663724,3,8.38395,-1.6699501,-0.69405,1781189135300
2079663734,3,8.23095,-1.7410501,-0.59400004,1781189135312
2079663744,3,8.070001,-1.8730501,-0.60795003,1781189135320
2079663754,3,7.9240503,-1.9470001,-0.675,1781189135332
2079663764,3,7.8690004,-2.055,-0.75195,1781189135340
2079663774,3,7.9030504,-2.148,-0.915,1781189135352
2079663785,3,7.965,-2.2350001,-1.1329501,1781189135362
2079663795,3,8.11095,-2.3040001,-1.3770001,1781189135371
2079663805,3,8.34795,-2.4,-1.6189501,1781189135381
2079663815,3,8.722051,-2.5080001,-1.8030001,1781189135391
2079663825,3,9.073951,-2.634,-1.9369501,1781189135402
2079663835,3,9.258,-2.7250502,-1.9800001,1781189135412
2079663845,3,9.291,-2.7829502,-1.8199501,1781189135421
2079663855,3,9.19305,-2.871,-1.7380501,1781189135431
2079663865,3,8.99205,-2.77305,-1.57095,1781189135441
2079663875,3,8.767051,-2.496,-1.365,1781189135452
2079663885,3,8.535001,-2.12205,-1.13505,1781189135461
2079663895,3,8.2879505,-1.866,-0.855,1781189135472
2079663905,3,8.026951,-1.7700001,-0.61095005,1781189135481
2079663916,3,7.7830505,-1.6840501,-0.48900002,1781189135492
2079663926,3,7.6849504,-1.605,-0.30195,1781189135503
2079663936,3,7.6510506,-1.5160501,-0.117000006,1781189135513
2079663946,3,7.5700502,-1.4419501,0.054,1781189135524
2079663956,3,7.5030003,-1.35105,0.15,1781189135533
2079663966,3,7.491,-1.3080001,0.21900001,1781189135543
2079663976,3,7.6270504,-1.284,0.21000001,1781189135553
2079663986,3,7.73295,-1.23105,0.16905001,1781189135562
2079663996,3,7.9120502,-1.23105,0.13095,1781189135574
2079664006,3,8.118,-1.2270001,0.09,1781189135582
2079664016,3,8.3220005,-1.21695,0.034950003,1781189135594
2079664026,3,8.55195,-1.2100501,-0.03795,1781189135602
2079664036,3,8.736,-1.19805,-0.096,1781189135614
2079664047,3,8.805,-1.176,-0.156,1781189135624
2079664057,3,8.88405,-1.1020501,-0.16305001,1781189135633
2079664067,3,8.86005,-1.0489501,-0.16995001,1781189135644
2079664077,3,8.773951,-0.9580501,-0.15105,1781189135654
2079664087,3,8.785951,-0.88905007,-0.09105001,1781189135664
2079664097,3,8.889001,-0.906,-0.109950006,1781189135674
2079664107,3,9.049951,-0.9990001,-0.18900001,1781189135685
2079664117,3,9.33195,-1.1520001,-0.28005,1781189135694
2079664127,3,9.744,-1.3939501,-0.47400004,1781189135707
2079664137,3,10.2300005,-1.6309501,-0.702,1781189135715
2079664147,3,10.72305,-1.8280501,-0.915,1781189135723
2079664157,3,11.20005,-2.04495,-1.164,1781189135733
2079664167,3,11.559001,-2.2470002,-1.3789501,1781189135744
2079664178,3,11.88195,-2.397,-1.5660001,1781189135753
2079664188,3,12.2029505,-2.5120502,-1.7260501,1781189135764
2079664198,3,12.283951,-2.53605,-1.8030001,1781189135774
2079664208,3,12.082951,-2.4070501,-1.7310001,1781189135786
2079664218,3,11.757001,-2.1769502,-1.5949501,1781189135794
2079664228,3,11.3890505,-1.9450501,-1.3770001,1781189135803
2079664238,3,11.049001,-1.7200501,-1.0819501,1781189135814
2079664248,3,10.828051,-1.57395,-0.79695004,1781189135824
2079664258,3,10.73805,-1.485,-0.606,1781189135835
2079664268,3,10.42905,-1.3990501,-0.45705003,1781189135845
2079664278,3,9.84,-1.24605,-0.30195,1781189135856
2079664288,3,9.222,-1.11195,-0.12195001,1781189135864
2079664298,3,8.710051,-0.97800004,0.06105,1781189135876
2079664308,3,8.299951,-0.87705004,0.25995,1781189135884
2079664319,3,7.9939504,-0.82695,0.37995002,1781189135896
2079664329,3,7.7470503,-0.83895004,0.44700003,1781189135907
2079664339,3,7.5460505,-0.85995007,0.47805002,1781189135915
2079664349,3,7.42395,-0.93000007,0.48000002,1781189135925
2079664359,3,7.314,-1.014,0.40605003,1781189135935
2079664369,3,7.2679505,-1.1400001,0.29595003,1781189135946
2079664379,3,7.314,-1.296,0.135,1781189135957
2079664389,3,7.4929504,-1.4640001,-0.06705,1781189135967
2079664399,3,7.7970004,-1.6669501,-0.33495003,1781189135977
2079664409,3,8.166,-1.89495,-0.64695,1781189135987
2079664419,3,8.52795,-2.09295,-0.9480001,1781189135997
2079664429,3,8.80095,-2.25405,-1.19505,1781189136007
2079664439,3,9.01395,-2.32305,-1.34595,1781189136015
2079664450,3,9.073951,-2.32305,-1.3789501,1781189136026
2079664460,3,8.95905,-2.2350001,-1.26705,1781189136036
2079664470,3,8.74995,-2.115,-1.09395,1781189136048
2079664480,3,8.523001,-1.9759501,-0.93900007,1781189136057
2079664490,3,8.298,-1.8540001,-0.864,1781189136068
2079664500,3,8.0460005,-1.7010001,-0.79995006,1781189136075
2079664510,3,7.7899504,-1.5310501,-0.76605004,1781189136086
2079664520,3,7.596,-1.3609501,-0.80700004,1781189136098
2079664530,3,7.5319505,-1.19805,-0.91995007,1781189136106
2079664540,3,7.5990005,-1.131,-1.044,1781189136116
2079664550,3,7.7970004,-1.10895,-1.2040501,1781189136128
2079664560,3,8.05605,-1.19805,-1.3740001,1781189136136
2079664570,3,8.293051,-1.2600001,-1.4440501,1781189136147
2079664581,3,8.50395,-1.27695,-1.44105,1781189136158
2079664591,3,8.563951,-1.23405,-1.33605,1781189136167
2079664601,3,8.48205,-1.179,-1.125,1781189136176
2079664611,3,8.367001,-1.0999501,-0.95295006,1781189136189
2079664621,3,8.27595,-1.0710001,-0.82395005,1781189136197
2079664631,3,8.22795,-1.095,-0.72300005,1781189136207
2079664641,3,8.24295,-1.15005,-0.69000006,1781189136218
2079664651,3,8.358001,-1.2390001,-0.726,1781189136228
2079664661,3,8.5990505,-1.3990501,-0.82605004,1781189136237
2079664671,3,8.956051,-1.57605,-1.00995,1781189136247
2079664681,3,9.34395,-1.72905,-1.161,1781189136258
2079664691,3,9.663,-1.8709501,-1.2709501,1781189136270
2079664701,3,9.84405,-1.9020001,-1.3050001,1781189136279
2079664711,3,9.876,-1.8559501,-1.22595,1781189136289
2079664722,3,9.832951,-1.7820001,-1.09395,1781189136298
2079664732,3,9.901951,-1.7530501,-0.98700005,1781189136307
2079664742,3,10.122001,-1.7700001,-0.9480001,1781189136319
2079664752,3,10.41705,-1.8730501,-1.0489501,1781189136327
2079664762,3,10.75395,-1.9879501,-1.2019501,1781189136338
2079664772,3,11.170951,-2.0959501,-1.4629501,1781189136349
2079664782,3,11.74995,-2.22,-1.8270001,1781189136358
2079664792,3,12.351001,-2.3760002,-2.124,1781189136369
2079664802,3,12.84,-2.5080001,-2.3730001,1781189136378
2079664812,3,13.090951,-2.634,-2.4180002,1781189136390
2079664822,3,13.1320505,-2.70105,-2.2360501,1781189136398
2079664832,3,12.934951,-2.7109501,-1.8889501,1781189136410
2079664842,3,12.591001,-2.6460001,-1.5160501,1781189136419
2079664853,3,12.15705,-2.53095,-1.176,1781189136431
2079664863,3,11.689951,-2.3730001,-0.94305,1781189136438
2079664873,3,11.20005,-2.2699502,-0.81705004,1781189136450
2079664883,3,10.824,-2.18205,-0.76395005,1781189136460
2079664893,3,10.54605,-2.16,-0.75900006,1781189136470
2079664903,3,10.290001,-2.15595,-0.771,1781189136480
2079664913,3,9.916051,-2.115,-0.70605004,1781189136490
2079664923,3,9.47295,-1.99995,-0.57495004,1781189136501
2079664933,3,9.11205,-1.9159501,-0.37605003,1781189136509
2079664943,3,8.865001,-1.9039501,-0.27105,1781189136521
2079664953,3,8.66895,-1.9350001,-0.261,1781189136531
2079664963,3,8.523001,-1.9660501,-0.36405003,1781189136541
2079664973,3,8.35005,-1.95,-0.59595,1781189136551
2079664984,3,8.290951,-1.9230001,-0.83295006,1781189136559
2079664994,3,8.35995,-1.96905,-1.149,1781189136571
2079665004,3,8.47305,-2.01405,-1.4770501,1781189136580
2079665014,3,8.499001,-2.0070002,-1.7050501,1781189136590
2079665024,3,8.48505,-1.9519501,-1.8559501,1781189136602
2079665034,3,8.51595,-1.93305,-1.9270501,1781189136611
2079665044,3,8.54895,-1.9519501,-1.8940501,1781189136621
2079665054,3,8.620951,-1.9519501,-1.7740501,1781189136631
2079665064,3,8.67405,-2.055,-1.5799501,1781189136642
2079665074,3,8.6980505,-2.22,-1.5010501,1781189136651
2079665084,3,8.71695,-2.256,-1.4100001,1781189136662
2079665094,3,8.80095,-2.28195,-1.36995,1781189136670
2079665104,3,8.84595,-2.1679502,-1.3770001,1781189136682
2079665115,3,8.89395,-2.05305,-1.3050001,1781189136691
2079665125,3,8.817,-2.0310001,-1.2090001,1781189136702
2079665135,3,8.647051,-2.043,-1.09695,1781189136712
2079665145,3,8.49195,-2.01705,-0.91995007,1781189136722
2079665155,3,8.379001,-1.9110001,-0.642,1781189136733
2079665165,3,8.260051,-1.794,-0.41205,1781189136741
2079665175,3,8.15205,-1.7200501,-0.20595,1781189136752
2079665185,3,8.15205,-1.6699501,-0.055050004,1781189136762
2079665195,3,8.190001,-1.61205,0.052050002,1781189136771
2079665205,3,8.181001,-1.5690001,0.11100001,1781189136781
2079665215,3,8.142,-1.4640001,0.09,1781189136793
2079665225,3,8.133,-1.3939501,0.066,1781189136802
2079665235,3,8.166,-1.3249501,0.00795,1781189136813
2079665245,3,8.266951,-1.23405,0.0,1781189136823
2079665256,3,8.413051,-1.15995,-0.031050002,1781189136832
2079665266,3,8.563951,-1.1400001,-0.055050004,1781189136843
2079665276,3,8.70495,-1.11195,-0.08205,1781189136853
2079665286,3,8.70705,-1.1020501,-0.10095,1781189136863
2079665296,3,8.620951,-1.0540501,-0.13905,1781189136873
2079665306,3,8.47305,-1.0020001,-0.12705001,1781189136883
2079665316,3,8.35995,-0.91800004,-0.076950006,1781189136892
2079665326,3,8.343,-0.882,-0.049950004,1781189136903
2079665336,3,8.4199505,-0.91095006,-0.064950004,1781189136912
2079665346,3,8.736,-1.02795,-0.165,1781189136922
2079665356,3,9.184051,-1.18095,-0.31605002,1781189136934
2079665366,3,9.67905,-1.3729501,-0.48600003,1781189136943
2079665376,3,10.161,-1.53795,-0.64695,1781189136954
2079665387,3,10.60305,-1.7410501,-0.83805007,1781189136962
2079665397,3,11.07705,-1.9069501,-1.0129501,1781189136974
2079665407,3,11.559001,-2.0719502,-1.1880001,1781189136983
2079665417,3,12.01605,-2.256,-1.3620001,1781189136994
2079665427,3,12.277051,-2.328,-1.4940001,1781189137004
2079665437,3,12.47805,-2.39295,-1.54005,1781189137014
2079665447,3,12.588,-2.3760002,-1.5870001,1781189137024
2079665457,3,12.423,-2.2440002,-1.57305,1781189137034
2079665467,3,12.097051,-2.0050502,-1.3909501,1781189137044
2079665477,3,11.803051,-1.7989501,-1.1689501,1781189137053
2079665487,3,11.391001,-1.60695,-0.92700005,1781189137065
2079665497,3,10.72605,-1.3920001,-0.711,1781189137073
2079665507,3,10.053,-1.24605,-0.462,1781189137083
2079665518,3,9.373051,-1.1020501,-0.22005,1781189137095
2079665528,3,8.73795,-0.95400006,0.028050002,1781189137105
2079665538,3,8.21205,-0.85605,0.22395001,1781189137115
2079665548,3,7.7160006,-0.79995006,0.41505003,1781189137124
2079665558,3,7.3399506,-0.76005006,0.52995,1781189137135
2079665568,3,7.0530005,-0.77895004,0.58095,1781189137146
2079665578,3,6.912,-0.83595,0.60195005,1781189137154
2079665588,3,6.8610005,-0.98205006,0.54705,1781189137165
2079665598,3,6.9469504,-1.143,0.44205,1781189137175
2079665608,3,7.1320505,-1.33905,0.19305001,1781189137185
2079665618,3,7.3710003,-1.5979501,-0.09105001,1781189137194
2079665628,3,7.7400002,-1.8750001,-0.50295,1781189137205
2079665638,3,8.166,-2.12205,-0.89805007,1781189137215
2079665649,3,8.6310005,-2.3760002,-1.2859501,1781189137224
2079665659,3,9.00405,-2.5549502,-1.59195,1781189137235
2079665669,3,9.20505,-2.59095,-1.6980001,1781189137247
2079665679,3,9.214951,-2.53095,-1.6570501,1781189137256
2079665689,3,9.088051,-2.3730001,-1.47,1781189137267
2079665699,3,8.937,-2.18895,-1.2019501,1781189137276
2079665709,3,8.764951,-2.02605,-0.98700005,1781189137285
2079665719,3,8.57295,-1.8559501,-0.82395005,1781189137295
2079665729,3,8.40795,-1.6480501,-0.75405,1781189137307
2079665739,3,8.262,-1.43505,-0.73305005,1781189137317
2079665749,3,8.11095,-1.2790501,-0.79305005,1781189137326
2079665759,3,7.9840503,-1.1520001,-0.92205006,1781189137338
2079665769,3,7.9150505,-1.09305,-1.05795,1781189137350
2079665779,3,7.9200006,-1.07595,-1.2040501,1781189137357
2079665790,3,7.965,-1.0830001,-1.33605,1781189137366
2079665800,3,8.08005,-1.15995,-1.41495,1781189137375
2079665810,3,8.15205,-1.2270001,-1.473,1781189137385
2079665820,3,8.20005,-1.28205,-1.386,1781189137395
2079665830,3,8.169001,-1.32,-1.281,1781189137406
2079665840,3,8.11305,-1.3270501,-1.1370001,1781189137416
2079665850,3,8.002951,-1.296,-0.99405,1781189137427
2079665860,3,7.8600006,-1.263,-0.86700004,1781189137436
2079665870,3,7.76595,-1.23105,-0.76395005,1781189137447
2079665880,3,7.7880006,-1.2270001,-0.73305005,1781189137458
2079665890,3,7.8960004,-1.284,-0.74505,1781189137466
2079665900,3,8.085,-1.34595,-0.73305005,1781189137479
2079665910,3,8.35305,-1.43505,-0.78105,1781189137486
2079665921,3,8.68305,-1.57605,-0.84300005,1781189137496
2079665931,3,9.01605,-1.6890001,-0.91695005,1781189137506
2079665941,3,9.361051,-1.7770501,-1.008,1781189137517
2079665951,3,9.624001,-1.8079501,-1.01505,1781189137527
2079665961,3,9.901951,-1.8229501,-1.02705,1781189137537
2079665971,3,10.213051,-1.863,-1.03005,1781189137547
2079665981,3,10.534051,-1.9350001,-0.97005004,1781189137557
2079665991,3,10.821,-2.055,-0.915,1781189137567
2079666001,3,11.122951,-2.148,-0.87600005,1781189137579
2079666011,3,11.470051,-2.2440002,-0.8880001,1781189137587
2079666021,3,11.743051,-2.3160002,-0.9480001,1781189137599
2079666031,3,12.0060005,-2.46405,-1.04205,1781189137607
2079666041,3,12.21195,-2.63895,-1.14195,1781189137619
2079666052,3,12.418051,-2.83605,-1.33395,1781189137628
2079666062,3,12.636001,-3.0010502,-1.4970001,1781189137638
2079666072,3,12.864,-3.1200001,-1.6470001,1781189137648
2079666082,3,12.94995,-3.1230001,-1.7569501,1781189137659
2079666092,3,12.801001,-3.00795,-1.7910001,1781189137670
2079666102,3,12.385051,-2.70105,-1.7359501,1781189137679
2079666112,3,11.788951,-2.4,-1.6159501,1781189137690
2079666122,3,11.140051,-2.1990001,-1.4250001,1781189137698
2079666132,3,10.479,-2.02605,-1.1370001,1781189137710
2079666142,3,9.813001,-1.8829501,-0.864,1781189137718
2079666152,3,9.17205,-1.7680501,-0.59595,1781189137728
2079666162,3,8.67405,-1.6480501,-0.39795002,1781189137738
2079666172,3,8.323951,-1.5979501,-0.30405003,1781189137748
2079666182,3,8.13,-1.5810001,-0.28305,1781189137758
2079666193,3,8.03895,-1.6530001,-0.30405003,1781189137769
2079666203,3,7.97205,-1.7730001,-0.381,1781189137779
2079666213,3,7.977,-1.93095,-0.48900002,1781189137789
2079666223,3,7.965,-2.1030002,-0.60795003,1781189137799
2079666233,3,7.9890003,-2.2369502,-0.77805007,1781189137809
2079666243,3,8.085,-2.35695,-1.00995,1781189137819
2079666253,3,8.27595,-2.4090002,-1.2709501,1781189137830
2079666263,3,8.55405,-2.421,-1.54005,1781189137839
2079666273,3,8.92695,-2.42595,-1.7380501,1781189137850
2079666283,3,9.262951,-2.46405,-1.95105,1781189137859
2079666293,3,9.4810505,-2.5189502,-2.08995,1781189137871
2079666303,3,9.52095,-2.5120502,-2.0740502,1781189137881
2079666313,3,9.3820505,-2.42595,-1.9350001,1781189137889
2079666324,3,9.141001,-2.2750502,-1.7530501,1781189137900
2079666334,3,8.89395,-2.05995,-1.49205,1781189137910
2079666344,3,8.647051,-1.8750001,-1.28295,1781189137920
2079666354,3,8.47995,-1.7080501,-1.0699501,1781189137930
2079666364,3,8.379001,-1.5640501,-0.90300006,1781189137942
2079666374,3,8.302951,-1.45395,-0.74700004,1781189137950
2079666384,3,8.21595,-1.3939501,-0.58395004,1781189137961
2079666394,3,8.154,-1.3729501,-0.46905002,1781189137971
2079666404,3,8.07495,-1.4059501,-0.34995002,1781189137982
2079666414,3,7.8880506,-1.34595,-0.15300001,1781189137991
2079666424,3,7.7209506,-1.28205,0.006,1781189138002
2079666434,3,7.6390505,-1.21905,0.21195,1781189138012
2079666444,3,7.6870503,-1.19295,0.33405003,1781189138022
2079666455,3,7.7590504,-1.15695,0.42000002,1781189138031
2079666465,3,7.8139505,-1.15005,0.40305,1781189138042
2079666475,3,7.9200006,-1.12395,0.31305,1781189138051
2079666485,3,8.049001,-1.1380501,0.19005,1781189138062
2079666495,3,8.18505,-1.15005,0.025050001,1781189138071
2079666505,3,8.20905,-1.15005,-0.12705001,1781189138082
2079666515,3,8.266951,-1.143,-0.15300001,1781189138092
2079666525,3,8.403001,-1.09305,-0.19395001,1781189138101
2079666535,3,8.54205,-1.0639501,-0.22500001,1781189138112
2079666545,3,8.623051,-1.08105,-0.26805001,1781189138123
2079666555,3,8.776951,-1.0900501,-0.34305,1781189138131
2079666565,3,9.03495,-1.1910001,-0.46905002,1781189138141
2079666575,3,9.366,-1.2940501,-0.62505,1781189138152
2079666586,3,9.658051,-1.389,-0.76605004,1781189138162
2079666596,3,9.804001,-1.45905,-0.855,1781189138173
2079666606,3,9.816001,-1.4950501,-0.94605005,1781189138191
2079666616,3,9.877951,-1.5450001,-1.02195,1781189138193
2079666626,3,10.038,-1.5880501,-1.0849501,1781189138204
2079666636,3,10.338,-1.6459501,-1.1920501,1781189138212
2079666646,3,10.693951,-1.6980001,-1.2790501,1781189138223
2079666656,3,11.140051,-1.77495,-1.422,1781189138232
2079666666,3,11.65005,-1.9069501,-1.56105,1781189138244
2079666676,3,12.15705,-2.06205,-1.71,1781189138253
2079666686,3,12.48795,-2.1390002,-1.8319501,1781189138263
2079666696,3,12.48795,-2.11995,-1.82895,1781189138273
2079666706,3,12.208051,-1.9980001,-1.6570501,1781189138283
2079666716,3,11.803051,-1.8010501,-1.3939501,1781189138294
2079666727,3,11.583,-1.677,-1.09395,1781189138304
2079666737,3,11.451,-1.6000501,-0.90000004,1781189138314
2079666747,3,11.202001,-1.54305,-0.77295005,1781189138324
2079666757,3,10.860001,-1.45605,-0.66105,1781189138334
2079666767,3,10.40505,-1.365,-0.51195,1781189138343
2079666777,3,9.78495,-1.22895,-0.35205,1781189138354
2079666787,3,9.09,-1.08105,-0.12195001,1781189138363
2079666797,3,8.379001,-0.90105003,0.08505,1781189138373
2079666807,3,7.7730002,-0.78405005,0.25995,1781189138384
2079666817,3,7.2970505,-0.71895003,0.39600003,1781189138395
2079666827,3,6.9430504,-0.73605,0.44700003,1781189138405
2079666837,3,6.6649504,-0.80505,0.44205,1781189138413
2079666847,3,6.5140505,-0.91095006,0.34395,1781189138425
2079666858,3,6.6120005,-1.11405,0.186,1781189138433
2079666868,3,6.8569503,-1.38705,0.010950001,1781189138445
2079666878,3,7.17705,-1.65495,-0.18195,1781189138455
2079666888,3,7.668,-1.9230001,-0.40500003,1781189138465
2079666898,3,8.293051,-2.2150502,-0.65595,1781189138475
2079666908,3,8.84595,-2.457,-0.87195003,1781189138485
2079666918,3,9.21,-2.634,-1.0890001,1781189138494
2079666928,3,9.5449505,-2.8330503,-1.2019501,1781189138506
2079666938,3,9.556951,-2.8639503,-1.2739501,1781189138514
2079666948,3,9.246,-2.7229502,-1.233,1781189138526
2079666958,3,8.911051,-2.4430501,-1.0890001,1781189138534
2079666968,3,8.568001,-2.16,-0.89805007,1781189138545
2079666978,3,8.24295,-1.9090501,-0.735,1781189138556
2079666989,3,7.9549503,-1.72695,-0.62295,1781189138567
2079666999,3,7.8169503,-1.5310501,-0.51705,1781189138576
2079667009,3,7.7569504,-1.4470501,-0.52395004,1781189138587
2079667019,3,7.7380505,-1.3800001,-0.58695,1781189138596
2079667029,3,7.82595,-1.2580501,-0.59895,1781189138605
2079667039,3,7.965,-1.15995,-0.67995006,1781189138616
2079667049,3,8.169001,-1.18605,-0.83805007,1781189138625
2079667059,3,8.44905,-1.2550501,-1.06305,1781189138637
2079667069,3,8.667001,-1.248,-1.19505,1781189138645
2079667079,3,8.832001,-1.215,-1.2210001,1781189138655
2079667089,3,8.96805,-1.1740501,-1.1329501,1781189138665
2079667099,3,8.950951,-1.0879501,-0.93105006,1781189138676
2079667109,3,8.83695,-1.00905,-0.71595,1781189138685
2079667119,3,8.724,-1.00605,-0.54105,1781189138695
2079667130,3,8.602051,-0.96795005,-0.43305,1781189138706
2079667140,3,8.511001,-0.94695,-0.41700003,1781189138716
2079667150,3,8.568001,-0.9990001,-0.44805002,1781189138727
2079667160,3,8.773951,-1.095,-0.60105,1781189138736
2079667170,3,9.088051,-1.2859501,-0.771,1781189138746
2079667180,3,9.436951,-1.4950501,-0.9480001,1781189138756
2079667190,3,9.8230505,-1.6890001,-1.08,1781189138768
2079667200,3,10.189051,-1.9069501,-1.1659501,1781189138777
2079667210,3,10.548,-2.04495,-1.2739501,1781189138787
2079667220,3,10.849951,-2.15595,-1.3290001,1781189138798
2079667230,3,11.04405,-2.19405,-1.33095,1781189138808
2079667240,3,11.185051,-2.19105,-1.3270501,1781189138818
2079667250,3,11.311951,-2.23005,-1.3410001,1781189138827
2079667261,3,11.434051,-2.3059502,-1.3770001,1781189138836
2079667271,3,11.628,-2.46405,-1.47,1781189138846
2079667281,3,11.938951,-2.6890502,-1.60695,1781189138857
2079667291,3,12.250951,-2.88105,-1.8169501,1781189138869
2079667301,3,12.47805,-3.015,-1.9950001,1781189138877
2079667311,3,12.62205,-3.0370502,-2.05395,1781189138888
2079667321,3,12.552001,-2.9620502,-1.9420501,1781189138896
2079667331,3,12.307951,-2.871,-1.72395,1781189138906
2079667341,3,11.986951,-2.7829502,-1.48905,1781189138917
2079667351,3,11.52795,-2.66295,-1.33095,1781189138928
2079667361,3,11.02995,-2.4400501,-1.2019501,1781189138938
2079667371,3,10.48095,-2.1750002,-1.0819501,1781189138947
2079667381,3,9.981001,-1.9380001,-0.97695005,1781189138958
2079667392,3,9.519,-1.7560501,-0.78495,1781189138968
2079667402,3,9.085951,-1.626,-0.67095006,1781189138978
2079667412,3,8.78895,-1.5790501,-0.64905006,1781189138988
2079667422,3,8.6640005,-1.6480501,-0.57705003,1781189138999
2079667432,3,8.563951,-1.8010501,-0.582,1781189139008
2079667442,3,8.47995,-2.0050502,-0.63705003,1781189139019
2079667452,3,8.36205,-2.09805,-0.702,1781189139029
2079667462,3,8.23095,-2.1649501,-0.82395005,1781189139038
2079667472,3,8.166,-2.26095,-0.9670501,1781189139049
2079667482,3,8.190001,-2.3110502,-1.19505,1781189139058
2079667492,3,8.23095,-2.361,-1.3909501,1781189139069
2079667502,3,8.334001,-2.3419502,-1.5850501,1781189139078
2079667512,3,8.571,-2.3809502,-1.7530501,1781189139090
2079667523,3,8.85105,-2.424,-1.9270501,1781189139100
2079667533,3,9.081,-2.4859502,-2.05695,1781189139110
2079667543,3,9.222,-2.53905,-2.09295,1781189139120
2079667553,3,9.27495,-2.52705,-2.0020502,1781189139130
2079667563,3,9.23595,-2.43105,-1.8319501,1781189139139
2079667573,3,9.184051,-2.3500502,-1.6519501,1781189139150
2079667583,3,9.14505,-2.28195,-1.473,1781189139159
2079667593,3,9.09,-2.15805,-1.26705,1781189139170
2079667603,3,8.97105,-2.05305,-1.10895,1781189139179
2079667613,3,8.793,-1.9450501,-0.95295006,1781189139190
2079667623,3,8.544001,-1.8229501,-0.80895007,1781189139199
2079667633,3,8.2879505,-1.7050501,-0.68505,1781189139211
2079667643,3,8.082001,-1.5790501,-0.58005005,1781189139222
2079667653,3,7.8360004,-1.43295,-0.462,1781189139230
2079667664,3,7.60305,-1.3080001,-0.31605002,1781189139239
2079667674,3,7.45695,-1.21695,-0.13395001,1781189139250
2079667684,3,7.5049505,-1.1839501,0.00405,1781189139260
2079667694,3,7.6110005,-1.2390001,0.12795001,1781189139270
2079667704,3,7.8240004,-1.284,0.13800001,1781189139280
2079667714,3,8.002951,-1.33905,0.06795,1781189139290
2079667724,3,8.104051,-1.3270501,0.0,1781189139300
2079667734,3,8.181001,-1.284,-0.072000004,1781189139311
2079667744,3,8.283,-1.212,-0.07395,1781189139322
2079667754,3,8.34795,-1.1839501,-0.12195001,1781189139331
2079667764,3,8.35305,-1.1329501,-0.17505,1781189139340
2079667774,3,8.42205,-1.0710001,-0.18195,1781189139352
2079667784,3,8.54895,-1.023,-0.24000001,1781189139362
2079667795,3,8.7289505,-0.9799501,-0.29895002,1781189139372
2079667805,3,8.86305,-0.96105003,-0.36405003,1781189139380
2079667815,3,9.069,-0.98700005,-0.46695003,1781189139391
2079667825,3,9.33705,-1.0210501,-0.55095005,1781189139401
2079667835,3,9.682051,-1.11195,-0.63705003,1781189139412
2079667845,3,10.06005,-1.212,-0.73995006,1781189139422
2079667855,3,10.323001,-1.296,-0.82395005,1781189139432
2079667865,3,10.42605,-1.3420501,-0.89805007,1781189139441
2079667875,3,10.552951,-1.3750501,-0.95295006,1781189139452
2079667885,3,10.761001,-1.3920001,-1.0009501,1781189139462
2079667895,3,11.2240505,-1.416,-1.0489501,1781189139471
2079667905,3,11.788951,-1.58595,-1.14495,1781189139481
2079667915,3,12.379951,-1.77495,-1.2589501,1781189139492
2079667926,3,12.928051,-1.9450501,-1.4250001,1781189139502
2079667936,3,12.970951,-2.0359502,-1.4680501,1781189139512
2079667946,3,12.459001,-1.9759501,-1.3050001,1781189139522
2079667956,3,11.757001,-1.7509501,-1.03005,1781189139532
2079667966,3,11.23095,-1.5310501,-0.74205005,1781189139543
2079667976,3,10.666051,-1.3750501,-0.53400004,1781189139553
2079667986,3,10.09305,-1.263,-0.32295,1781189139563
2079667996,3,9.543,-1.176,-0.117000006,1781189139573
2079668006,3,9.082951,-1.1329501,0.109050006,1781189139583
2079668016,3,8.70495,-1.1190001,0.30795002,1781189139593
2079668026,3,8.41005,-1.1550001,0.47805002,1781189139602
2079668036,3,8.17605,-1.167,0.55005,1781189139614
2079668046,3,7.9630504,-1.1910001,0.56595004,1781189139624
2079668057,3,7.7689505,-1.1910001,0.46305,1781189139632
2079668067,3,7.5919504,-1.1910001,0.26205,1781189139644
2079668077,3,7.4740505,-1.2049501,-0.003,1781189139653
2079668087,3,7.3660502,-1.2430501,-0.273,1781189139663
2079668097,3,7.386,-1.31805,-0.546,1781189139673
2079668107,3,7.5439506,-1.4470501,-0.86895007,1781189139684
2079668117,3,7.7710505,-1.60695,-1.1590501,1781189139693
2079668127,3,8.026951,-1.7989501,-1.3909501,1781189139703
2079668137,3,8.31,-1.93305,-1.53495,1781189139714
2079668147,3,8.56095,-2.055,-1.5850501,1781189139723
2079668157,3,8.752951,-2.1720002,-1.50405,1781189139735
2079668167,3,8.83395,-2.2750502,-1.389,1781189139745
2079668177,3,8.809951,-2.2750502,-1.245,1781189139754
2079668187,3,8.73795,-2.256,-1.1370001,1781189139764
2079668198,3,8.611051,-2.151,-1.0870501,1781189139775
2079668208,3,8.48505,-2.022,-1.125,1781189139783
2079668218,3,8.35995,-1.84395,-1.1659501,1781189139793
2079668228,3,8.260051,-1.6720501,-1.2210001,1781189139804
2079668238,3,8.178,-1.5450001,-1.2739501,1781189139814
2079668248,3,8.082001,-1.43505,-1.26705,1781189139825
2079668258,3,7.9429502,-1.31505,-1.2090001,1781189139834
2079668268,3,7.8409505,-1.248,-1.09905,1781189139845
2079668278,3,7.80705,-1.2030001,-1.01505,1781189139854
2079668288,3,7.872,-1.2100501,-0.94605005,1781189139865
2079668298,3,7.9870505,-1.2550501,-0.92205006,1781189139875
2079668308,3,8.161051,-1.31295,-0.87195003,1781189139886
2079668318,3,8.298,-1.4089501,-0.96000004,1781189139896
2079668329,3,8.476951,-1.485,-1.0200001,1781189139906
2079668339,3,8.44095,-1.47105,-0.99600005,1781189139915
2079668349,3,8.302951,-1.4250001,-0.84795004,1781189139926
2079668359,3,8.169001,-1.3800001,-0.69705003,1781189139936
2079668369,3,8.109,-1.38195,-0.51705,1781189139947
2079668379,3,8.14005,-1.3440001,-0.36900002,1781189139956
2079668389,3,8.323951,-1.365,-0.27795002,1781189139967
2079668399,3,8.647051,-1.4490001,-0.25605002,1781189139977
2079668409,3,8.98305,-1.5619501,-0.29205,1781189139985
2079668419,3,9.354,-1.66005,-0.36600003,1781189139997
2079668429,3,9.66495,-1.7560501,-0.42195,1781189140006
2079668439,3,10.086,-1.8040501,-0.52695,1781189140016
2079668449,3,10.48095,-1.8750001,-0.60795003,1781189140026
2079668460,3,10.80195,-1.9210501,-0.675,1781189140037
2079668470,3,11.092051,-1.9980001,-0.78495,1781189140046
2079668480,3,11.334001,-2.08395,-0.90495,1781189140056
2079668490,3,11.532001,-2.18895,-1.04595,1781189140066
2079668500,3,11.785951,-2.30205,-1.1920501,1781189140077
2079668510,3,12.16005,-2.4450002,-1.3939501,1781189140088
2079668520,3,12.562051,-2.66805,-1.6639501,1781189140096
2079668530,3,12.933001,-2.93805,-1.8960001,1781189140107
2079668540,3,13.1629505,-3.1639502,-2.04495,1781189140116
2079668550,3,13.078951,-3.2400002,-2.05005,1781189140126
2079668560,3,12.61005,-3.1609502,-1.9060501,1781189140138
2079668570,3,11.99205,-2.943,-1.71405,1781189140149
2079668580,3,11.40495,-2.6850002,-1.56105,1781189140158
2079668590,3,10.88805,-2.4550502,-1.4490001,1781189140167
2079668601,3,10.500001,-2.28495,-1.38195,1781189140177
2079668611,3,10.23495,-2.163,-1.3099501,1781189140187
2079668621,3,10.045951,-2.187,-1.161,1781189140197
2079668631,3,9.849001,-2.3089502,-0.8880001,1781189140207
2079668641,3,9.519,-2.39295,-0.59400004,1781189140220
2079668651,3,9.184051,-2.46195,-0.35700002,1781189140227
2079668661,3,8.88405,-2.4520502,-0.321,1781189140237
2079668671,3,8.602051,-2.421,-0.41700003,1781189140249
2079668681,3,8.305051,-2.36595,-0.55305004,1781189140260
2079668691,3,8.14005,-2.361,-0.69705003,1781189140268
2079668701,3,8.05095,-2.33505,-0.93900007,1781189140278
2079668711,3,8.0130005,-2.33295,-1.1850001,1781189140289
2079668721,3,8.049001,-2.3419502,-1.4290501,1781189140297
2079668732,3,8.125051,-2.352,-1.76205,1781189140309
2079668742,3,8.31,-2.35695,-2.0710502,1781189140318
2079668752,3,8.54205,-2.4169502,-2.28195,1781189140329
2079668762,3,8.841001,-2.5770001,-2.466,1781189140339
2079668772,3,9.106951,-2.6509502,-2.56005,1781189140349
2079668782,3,9.23595,-2.6539502,-2.5120502,1781189140358
2079668792,3,9.282001,-2.52195,-2.3440502,1781189140368
2079668802,3,9.220051,-2.3730001,-2.052,1781189140378
2079668812,3,9.073951,-2.2780502,-1.6999501,1781189140388
2079668822,3,8.917951,-2.184,-1.3429501,1781189140398
2079668832,3,8.76,-2.0770502,-1.00995,1781189140410
2079668842,3,8.6310005,-1.983,-0.71400005,1781189140420
2079668852,3,8.50905,-1.899,-0.43305,1781189140428
2079668863,3,8.38395,-1.8079501,-0.22800002,1781189140440
2079668873,3,8.20695,-1.7340001,-0.072000004,1781189140450
2079668883,3,8.05095,-1.6789501,0.075,1781189140460
2079668893,3,7.9080005,-1.6140001,0.17400001,1781189140470
2079668903,3,7.7419505,-1.50195,0.23295002,1781189140480
2079668913,3,7.6200004,-1.3969501,0.32895002,1781189140489
2079668923,3,7.52895,-1.2859501,0.34605002,1781189140500
2079668933,3,7.55595,-1.22895,0.34395,1781189140511
2079668943,3,7.6080003,-1.212,0.28605002,1781189140520
2079668953,3,7.7640004,-1.1689501,0.15900001,1781189140530
2079668963,3,7.9120502,-1.0830001,0.078,1781189140541
2079668973,3,7.9200006,-0.96105003,0.054,1781189140551
2079668983,3,7.9200006,-0.777,0.016050002,1781189140560
2079668994,3,7.8739505,-0.60405004,0.05595,1781189140569
2079669004,3,7.82595,-0.42000002,0.09900001,1781189140581
2079669014,3,7.7970004,-0.32595003,0.123,1781189140591
2079669024,3,7.8840003,-0.28995,0.12105001,1781189140600
2079669034,3,8.04195,-0.30195,0.06105,1781189140610
2079669044,3,8.2879505,-0.35505003,-0.04095,1781189140621
2079669054,3,8.614051,-0.441,-0.192,1781189140631
2079669064,3,9.097051,-0.56805,-0.37395,1781189140640
2079669074,3,9.703051,-0.78405005,-0.63705003,1781189140650
2079669084,3,10.290001,-1.00905,-0.91695005,1781189140660
2079669094,3,10.783051,-1.2240001,-1.1730001,1781189140670
2079669104,3,10.969951,-1.35105,-1.3270501,1781189140682
2079669114,3,10.9150505,-1.4280001,-1.3069501,1781189140692
2079669124,3,10.816951,-1.42095,-1.1689501,1781189140702
2079669135,3,10.85505,-1.4899501,-1.0849501,1781189140712
2079669145,3,11.21895,-1.6480501,-1.056,1781189140722
2079669155,3,11.748,-1.8870001,-1.12995,1781189140733
2079669165,3,12.217051,-2.184,-1.2550501,1781189140742
2079669175,3,12.61005,-2.46705,-1.3980001,1781189140750
2079669185,3,12.78495,-2.634,-1.52505,1781189140762
2079669195,3,12.46395,-2.53905,-1.422,1781189140771
2079669205,3,11.68305,-2.2750502,-1.07505,1781189140781
2079669215,3,10.905001,-1.95,-0.63900006,1781189140792
2079669225,3,10.161,-1.6720501,-0.28305,1781189140803
2079669235,3,9.45705,-1.44,-0.010050001,1781189140813
2079669245,3,8.80095,-1.2409501,0.18795002,1781189140823
2079669255,3,8.311951,-1.10895,0.291,1781189140831
2079669266,3,8.0779505,-1.07805,0.31305,1781189140841
2079669276,3,8.058001,-1.14495,0.26505002,1781189140852
2079669286,3,8.146951,-1.26495,0.162,1781189140863
2079669296,3,8.35005,-1.42305,-0.049950004,1781189140872
2079669306,3,8.51295,-1.5670501,-0.29205,1781189140882
2079669316,3,8.55195,-1.6339501,-0.44505003,1781189140892
2079669326,3,8.52795,-1.6459501,-0.558,1781189140903
2079669336,3,8.464951,-1.6290001,-0.62295,1781189140912
2079669346,3,8.44095,-1.6309501,-0.66795003,1781189140922
2079669356,3,8.53995,-1.6819501,-0.78300005,1781189140934
2079669366,3,8.752951,-1.7389501,-0.87900007,1781189140942
2079669376,3,8.99205,-1.8229501,-1.03005,1781189140954
2079669386,3,9.165,-1.899,-1.164,1781189140963
2079669397,3,9.28905,-1.9710001,-1.248,1781189140972
2079669407,3,9.366,-2.0380502,-1.33605,1781189140984
2079669417,3,9.361051,-2.02905,-1.35,1781189140994
2079669427,3,9.247951,-1.95,-1.317,1781189141002
2079669437,3,9.01395,-1.78005,-1.21605,1781189141014
2079669447,3,8.83395,-1.64295,-1.0890001,1781189141023
2079669457,3,8.580001,-1.5120001,-0.975,1781189141034
2079669467,3,8.281051,-1.3969501,-0.86700004,1781189141043
2079669477,3,8.04195,-1.2750001,-0.80700004,1781189141055
2079669487,3,7.8090005,-1.1839501,-0.78105,1781189141065
2079669497,3,7.66305,-1.167,-0.83595,1781189141075
2079669507,3,7.6489506,-1.19295,-0.91695005,1781189141084
2079669517,3,7.7760005,-1.2790501,-1.14705,1781189141093
2079669527,3,7.9549503,-1.38705,-1.338,1781189141104
2079669538,3,8.022,-1.43505,-1.4749501,1781189141115
2079669548,3,8.026951,-1.4299501,-1.4629501,1781189141125
2079669558,3,7.8760505,-1.38705,-1.401,1781189141134
2079669568,3,7.6420503,-1.296,-1.1880001,1781189141145
2079669578,3,7.4070005,-1.167,-0.95100003,1781189141154
2079669588,3,7.24695,-1.08105,-0.72300005,1781189141164
2079669598,3,7.2250504,-1.0350001,-0.453,1781189141174
2079669608,3,7.35195,-1.0350001,-0.28005,1781189141185
2079669618,3,7.623,-1.1380501,-0.18,1781189141194
2079669628,3,8.03205,-1.32,-0.22005,1781189141206
2079669638,3,8.535001,-1.5670501,-0.44805002,1781189141218
2079669648,3,9.109051,-1.7890501,-0.77595,1781189141224
2079669658,3,9.559951,-1.8829501,-1.05795,1781189141234
2079669669,3,9.816001,-1.8679501,-1.1920501,1781189141247
2079669679,3,9.98595,-1.8060001,-1.2040501,1781189141255
2079669689,3,10.113001,-1.72905,-1.113,1781189141265
2079669699,3,10.2949505,-1.7050501,-0.98700005,1781189141275
2079669709,3,10.54395,-1.72695,-0.85695004,1781189141285
2079669719,3,10.809001,-1.8079501,-0.81900007,1781189141296
2079669729,3,10.996051,-1.9279501,-0.82095003,1781189141306
2079669739,3,11.17605,-2.08905,-0.86895007,1781189141316
2079669749,3,11.500951,-2.33295,-1.0339501,1781189141325
2079669759,3,11.99205,-2.62695,-1.36695,1781189141337
2079669769,3,12.562051,-2.93805,-1.7689501,1781189141347
2079669779,3,12.997951,-3.18,-2.121,1781189141355
2079669789,3,13.279951,-3.3259501,-2.3110502,1781189141367
2079669800,3,13.246951,-3.3120003,-2.29395,1781189141375
2079669810,3,12.904051,-3.1660502,-2.124,1781189141387
2079669820,3,12.23595,-2.8930502,-1.8750001,1781189141396
2079669830,3,11.379001,-2.5819502,-1.6279501,1781189141408
2079669840,3,10.672951,-2.35695,-1.401,1781189141416
2079669850,3,10.2300005,-2.29005,-1.2379501,1781189141426
2079669860,3,9.892051,-2.3500502,-1.113,1781189141436
2079669870,3,9.648001,-2.42895,-0.99405,1781189141448
2079669880,3,9.4470005,-2.46,-0.88395005,1781189141458
2079669890,3,9.250951,-2.42895,-0.79005,1781189141468
2079669900,3,9.081,-2.3710501,-0.72795004,1781189141478
2079669910,3,9.018001,-2.3449502,-0.69705003,1781189141488
2079669920,3,8.953951,-2.4169502,-0.771,1781189141498
2079669931,3,8.779051,-2.50305,-0.85695004,1781189141506
2079669941,3,8.602051,-2.56305,-0.95295006,1781189141517
2079669951,3,8.488951,-2.5840502,-1.0510501,1781189141528
2079669961,3,8.431951,-2.5510502,-1.2070501,1781189141538
2079669971,3,8.4529505,-2.5510502,-1.3620001,1781189141546
2079669981,3,8.628,-2.56005,-1.5300001,1781189141557
2079669991,3,8.87205,-2.5170002,-1.6999501,1781189141567
2079670001,3,9.14505,-2.5549502,-1.8600001,1781189141577
2079670011,3,9.363001,-2.59095,-1.91295,1781189141588
2079670021,3,9.44505,-2.53605,-1.863,1781189141598
2079670031,3,9.36795,-2.42895,-1.7500501,1781189141607
2079670041,3,9.229051,-2.29005,-1.5780001,1781189141619
2079670051,3,9.018001,-2.0959501,-1.41495,1781189141629
2079670061,3,8.80305,-1.93305,-1.2,1781189141638
2079670072,3,8.614051,-1.7490001,-0.98700005,1781189141649
2079670082,3,8.464951,-1.5520501,-0.87900007,1781189141658
2079670092,3,8.346001,-1.365,-0.73995006,1781189141668
2079670102,3,8.22795,-1.23405,-0.59595,1781189141679
2079670112,3,8.16405,-1.12605,-0.45000002,1781189141688
2079670122,3,8.13,-1.0540501,-0.34305,1781189141699
2079670132,3,8.073,-1.0330501,-0.25605002,1781189141708
2079670142,3,8.03895,-1.02795,-0.17295001,1781189141719
2079670152,3,8.06805,-1.03695,-0.16800001,1781189141728
2079670162,3,8.149051,-1.0489501,-0.141,1781189141739
2079670172,3,8.286,-1.08105,-0.15795001,1781189141749
2079670182,3,8.418,-1.0900501,-0.20400001,1781189141758
2079670192,3,8.46105,-1.15695,-0.25395,1781189141770
2079670203,3,8.27595,-1.1880001,-0.29895002,1781189141779
2079670213,3,8.092051,-1.18605,-0.29205,1781189141788
2079670223,3,8.034,-1.18605,-0.22800002,1781189141798
2079670233,3,7.9750504,-1.18605,-0.105000004,1781189141810
2079670243,3,7.9909506,-1.176,0.028050002,1781189141820
2079670253,3,8.001,-1.19295,0.11400001,1781189141830
2079670263,3,8.058001,-1.23105,0.19995001,1781189141840
2079670273,3,8.14005,-1.3219501,0.19800001,1781189141850
2079670283,3,8.379001,-1.3939501,0.16395001,1781189141860
2079670293,3,8.722051,-1.5190501,0.11595,1781189141869
2079670303,3,9.21,-1.6480501,-0.0049500004,1781189141881
2079670313,3,9.694051,-1.81095,-0.18705001,1781189141891
2079670323,3,10.189051,-1.9759501,-0.42600003,1781189141901
2079670334,3,10.55805,-2.08605,-0.73005,1781189141911
2079670344,3,10.812,-2.1010501,-0.99405,1781189141919
2079670354,3,11.03205,-2.019,-1.1880001,1781189141929
2079670364,3,11.331,-1.9189501,-1.3099501,1781189141941
2079670374,3,11.740951,-1.8919501,-1.3219501,1781189141951
2079670384,3,12.18795,-1.8870001,-1.3240501,1781189141960
2079670394,3,12.507001,-1.8919501,-1.3240501,1781189141970
2079670404,3,12.727051,-1.8520501,-1.28805,1781189141980
2079670414,3,12.7560005,-1.7490001,-1.212,1781189141990
2079670424,3,12.631051,-1.5979501,-1.1040001,1781189142002
2079670434,3,12.40095,-1.43505,-0.96495,1781189142011
2079670444,3,11.962951,-1.27005,-0.83805007,1781189142021
2079670454,3,11.259001,-1.0900501,-0.67095006,1781189142032
2079670465,3,10.410001,-0.90795004,-0.45495003,1781189142042
2079670475,3,9.49695,-0.76005006,-0.177,1781189142050
2079670485,3,8.70495,-0.597,0.11400001,1781189142062
2079670495,3,8.02995,-0.54705,0.33900002,1781189142072
2079670505,3,7.5799503,-0.549,0.50595003,1781189142082
2079670515,3,7.3570504,-0.669,0.55905,1781189142092
2079670525,3,7.26105,-0.79095006,0.564,1781189142102
2079670535,3,7.2349505,-0.96105003,0.42705002,1781189142112
2079670545,3,7.1959505,-1.1400001,0.29805002,1781189142122
2079670555,3,7.1989503,-1.3630501,0.09195001,1781189142132
2079670565,3,7.3380003,-1.5949501,-0.16995001,1781189142143
2079670575,3,7.55805,-1.8319501,-0.47895002,1781189142151
2079670585,3,7.8840003,-2.1030002,-0.864,1781189142162
2079670595,3,8.2879505,-2.3400002,-1.281,1781189142172
2079670606,3,8.65695,-2.5410001,-1.6879501,1781189142182
2079670616,3,8.925,-2.6149502,-1.983,1781189142191
2079670626,3,9.057,-2.6179502,-2.1409502,1781189142205
2079670636,3,9.054001,-2.5099502,-2.09295,1781189142213
2079670646,3,9.02595,-2.3470502,-1.9200001,1781189142223
2079670656,3,8.98995,-2.232,-1.71,1781189142231
2079670666,3,8.98305,-2.1010501,-1.5109501,1781189142243
2079670676,3,8.911051,-1.9350001,-1.31505,1781189142252
2079670686,3,8.7619505,-1.74405,-1.15695,1781189142264
2079670696,3,8.578051,-1.5499501,-1.0699501,1781189142272
2079670706,3,8.413051,-1.368,-1.056,1781189142284
2079670716,3,8.274,-1.2270001,-1.09695,1781189142293
2079670726,3,8.18805,-1.11195,-1.14705,1781189142303
2079670737,3,8.118,-1.0690501,-1.21605,1781189142314
2079670747,3,8.17095,-1.07805,-1.30005,1781189142323
2079670757,3,8.24505,-1.131,-1.28805,1781189142334
2079670767,3,8.31,-1.1910001,-1.2019501,1781189142344
2079670777,3,8.319,-1.24605,-1.0680001,1781189142354
2079670787,3,8.27595,-1.2720001,-0.89805007,1781189142364
2079670797,3,8.19705,-1.2720001,-0.72105,1781189142374
2079670807,3,8.05605,-1.2270001,-0.57195,1781189142383
2079670817,3,7.9530005,-1.19295,-0.45000002,1781189142395
2079670827,3,7.932,-1.1839501,-0.36600003,1781189142404
2079670837,3,8.001,-1.2049501,-0.34005,1781189142415
2079670847,3,8.20695,-1.2940501,-0.42600003,1781189142425
2079670857,3,8.443951,-1.3969501,-0.59400004,1781189142434
2079670868,3,8.68995,-1.5090001,-0.80505,1781189142444
2079670878,3,8.86305,-1.5469501,-0.984,1781189142455
2079670888,3,8.98995,-1.5829501,-1.1520001,1781189142464
2079670898,3,9.1050005,-1.57095,-1.28805,1781189142475
2079670908,3,9.22395,-1.54005,-1.3789501,1781189142484
2079670918,3,9.33495,-1.5619501,-1.3980001,1781189142496
2079670928,3,9.448951,-1.57605,-1.38405,1781189142504
2079670938,3,9.64305,-1.641,-1.4610001,1781189142515
2079670948,3,9.859051,-1.725,-1.5130501,1781189142526
2079670958,3,10.066951,-1.83,-1.5850501,1781189142535
2079670968,3,10.390051,-1.9620001,-1.69305,1781189142546
2079670978,3,10.824,-2.12895,-1.9009501,1781189142556
2079670988,3,11.4199505,-2.38995,-2.15505,1781189142566
2079670998,3,12.069,-2.73705,-2.4420002,1781189142574
2079671009,3,12.543,-3.015,-2.6100001,1781189142586
2079671019,3,12.768001,-3.11805,-2.56395,1781189142596
2079671029,3,12.721951,-3.07995,-2.3080502,1781189142607
2079671039,3,12.543,-3.015,-1.9900501,1781189142616
2079671049,3,12.289051,-2.9190001,-1.6999501,1781189142627
2079671059,3,12.01605,-2.8330503,-1.37205,1781189142635
2079671069,3,11.769001,-2.7589502,-1.21905,1781189142647
2079671079,3,11.63805,-2.7610502,-1.09395,1781189142656
2079671089,3,11.614051,-2.8189502,-0.94605005,1781189142667
2079671099,3,11.53695,-2.93595,-0.771,1781189142675
2079671109,3,11.140051,-2.9170501,-0.56295,1781189142685
2079671119,3,10.420951,-2.7250502,-0.32595003,1781189142695
2079671129,3,9.59805,-2.4400501,-0.117000006,1781189142706
2079671140,3,8.899051,-2.18895,0.14505,1781189142717
2079671150,3,8.302951,-2.019,0.31005,1781189142727
2079671160,3,7.8190503,-1.9020001,0.35805002,1781189142736
2079671170,3,7.4770503,-1.8060001,0.32895002,1781189142748
2079671180,3,7.3429503,-1.74405,0.15900001,1781189142756
2079671190,3,7.4020505,-1.7490001,-0.072000004,1781189142766
2079671200,3,7.6009502,-1.725,-0.31905,1781189142777
2079671210,3,7.8859506,-1.7989501,-0.63495004,1781189142786
2079671220,3,8.283,-1.89495,-1.0200001,1781189142797
2079671230,3,8.623051,-1.9759501,-1.35,1781189142807
2079671240,3,8.88195,-2.04795,-1.56105,1781189142817
2079671250,3,9.12405,-2.112,-1.65495,1781189142826
2079671260,3,9.418051,-2.2060502,-1.7220001,1781189142838
2079671271,3,9.736951,-2.28705,-1.8030001,1781189142846
2079671281,3,9.92595,-2.292,-1.8649501,1781189142856
2079671291,3,9.91905,-2.2030501,-1.9150501,1781189142867
2079671301,3,9.72,-2.02395,-1.9009501,1781189142877
2079671311,3,9.33705,-1.81605,-1.7890501,1781189142886
2079671321,3,8.974951,-1.65795,-1.57605,1781189142897
2079671331,3,8.712001,-1.5790501,-1.37205,1781189142907
2079671341,3,8.544001,-1.557,-1.161,1781189142917
2079671351,3,8.458051,-1.5330001,-0.90495,1781189142928
2079671361,3,8.439,-1.5640501,-0.67095006,1781189142938
2079671371,3,8.458051,-1.57605,-0.52905005,1781189142948
2079671381,3,8.464951,-1.5790501,-0.39495003,1781189142958
2079671391,3,8.464951,-1.6000501,-0.28305,1781189142968
2079671402,3,8.427,-1.6170001,-0.17295001,1781189142978
2079671412,3,8.40795,-1.6140001,-0.097950004,1781189142987
2079671422,3,8.4199505,-1.6339501,-0.031050002,1781189142999
2079671432,3,8.458051,-1.66005,0.0,1781189143009
2079671442,3,8.439,-1.6459501,-0.01695,1781189143019
2079671452,3,8.39805,-1.6380001,-0.04605,1781189143028
2079671462,3,8.311951,-1.6030501,-0.096,1781189143038
2079671472,3,8.25,-1.53795,-0.049950004,1781189143048
2079671482,3,8.24505,-1.473,0.028050002,1781189143059
2079671492,3,8.33895,-1.4470501,0.17805001,1781189143069
2079671502,3,8.575951,-1.46595,0.26895002,1781189143079
2079671512,3,8.889001,-1.5520501,0.30105,1781189143088
2079671522,3,9.10005,-1.65495,0.25500003,1781189143100
2079671532,3,9.234,-1.7490001,0.171,1781189143110
2079671543,3,9.31995,-1.77495,0.12105001,1781189143120
2079671553,3,9.378,-1.7839501,0.12105001,1781189143130
2079671563,3,9.45705,-1.7560501,0.15405001,1781189143140
2079671573,3,9.579,-1.7220001,0.147,1781189143150
2079671583,3,9.67905,-1.677,0.075,1781189143159
2079671593,3,9.78195,-1.65495,-0.034050003,1781189143170
2079671603,3,9.94005,-1.6480501,-0.18405001,1781189143179
2079671613,3,10.186951,-1.7080501,-0.39495003,1781189143191
2079671623,3,10.46895,-1.746,-0.642,1781189143200
2079671633,3,10.749001,-1.7839501,-0.95295006,1781189143210
2079671643,3,10.872001,-1.7730001,-1.2070501,1781189143220
2079671653,3,10.975051,-1.69095,-1.38195,1781189143230
2079671663,3,11.09895,-1.62405,-1.5520501,1781189143239
2079671674,3,11.11305,-1.57395,-1.6879501,1781189143250
2079671684,3,10.998,-1.50405,-1.6879501,1781189143260
2079671694,3,10.749001,-1.416,-1.5469501,1781189143271
2079671704,3,10.326,-1.2889501,-1.26705,1781189143279
2079671714,3,9.7560005,-1.15695,-0.85995007,1781189143291
2079671724,3,9.17595,-1.014,-0.48600003,1781189143300
2079671734,3,8.614051,-0.87495005,-0.14400001,1781189143309
2079671744,3,8.092051,-0.74295,0.10395,1781189143322
2079671754,3,7.69395,-0.71205,0.22605,1781189143331
2079671764,3,7.42395,-0.70905006,0.24795002,1781189143341
2079671774,3,7.2370505,-0.78405005,0.10395,1781189143351
2079671784,3,7.2130504,-0.87495005,-0.02205,1781189143360
2079671794,3,7.3759503,-1.03005,-0.36600003,1781189143372
2079671805,3,7.5510006,-1.2,-0.72795004,1781189143382
2079671815,3,7.728,-1.34595,-1.0180501,1781189143390
2079671825,3,7.9669504,-1.50195,-1.2760501,1781189143402
2079671835,3,8.19705,-1.62405,-1.4650501,1781189143412
2079671845,3,8.4199505,-1.725,-1.5780001,1781189143422
2079671855,3,8.614051,-1.7560501,-1.623,1781189143432
2079671865,3,8.764951,-1.7509501,-1.5780001,1781189143442
2079671875,3,8.92695,-1.7490001,-1.47,1781189143451
2079671885,3,9.106951,-1.725,-1.3770001,1781189143462
2079671895,3,9.232051,-1.7149501,-1.26705,1781189143471
2079671905,3,9.31305,-1.69095,-1.1899501,1781189143483
2079671915,3,9.46905,-1.6380001,-1.1040001,1781189143493
2079671925,3,9.591001,-1.5790501,-1.0870501,1781189143503
2079671936,3,9.59805,-1.4970001,-1.056,1781189143513
2079671946,3,9.47295,-1.4130001,-1.00605,1781189143522
2079671956,3,9.295951,-1.31295,-0.97200006,1781189143533
2079671966,3,9.088051,-1.23105,-0.91995007,1781189143543
2079671976,3,8.86305,-1.1740501,-0.89805007,1781189143553
2079671986,3,8.69505,-1.1359501,-0.88395005,1781189143562
2079671996,3,8.623051,-1.16205,-0.88095003,1781189143573
2079672006,3,8.556001,-1.2270001,-0.89100003,1781189143583
2079672016,3,8.52495,-1.3060501,-0.91200006,1781189143592
2079672026,3,8.57295,-1.437,-0.94605005,1781189143603
2079672036,3,8.6310005,-1.5979501,-0.97905004,1781189143614
2079672046,3,8.58495,-1.66005,-0.90795004,1781189143623
2079672056,3,8.49405,-1.677,-0.79695004,1781189143634
2079672066,3,8.3890505,-1.6789501,-0.66105,1781189143644
2079672077,3,8.358001,-1.6699501,-0.61995006,1781189143654
2079672087,3,8.31705,-1.65795,-0.615,1781189143663
2079672097,3,8.293051,-1.6480501,-0.615,1781189143674
2079672107,3,8.334001,-1.6140001,-0.69705003,1781189143683
2079672117,3,8.431951,-1.605,-0.76605004,1781189143693
2079672127,3,8.595,-1.57395,-0.87600005,1781189143703
2079672137,3,8.71395,-1.557,-0.97695005,1781189143713
2079672147,3,8.86995,-1.5810001,-1.1230501,1781189143724
2079672157,3,9.066,-1.593,-1.23105,1781189143736
2079672167,3,9.21195,-1.5469501,-1.3050001,1781189143745
2079672177,3,9.33705,-1.53795,-1.28805,1781189143754
2079672187,3,9.436951,-1.5310501,-1.2589501,1781189143763
2079672197,3,9.550051,-1.524,-1.1920501,1781189143774
2079672208,3,9.69795,-1.5310501,-1.15695,1781189143784
2079672218,3,9.80595,-1.5589501,-1.0680001,1781189143794
2079672228,3,9.93795,-1.6189501,-1.10595,1781189143804
2079672238,3,10.09605,-1.7410501,-1.176,1781189143815
2079672248,3,10.168051,-1.8319501,-1.2739501,1781189143826
2079672258,3,10.15305,-1.89495,-1.281,1781189143835
2079672268,3,9.991051,-1.9210501,-1.22595,1781189143846
2079672278,3,9.804001,-1.9780501,-1.14495,1781189143854
2079672288,3,9.69795,-2.06205,-1.06095,1781189143864
2079672298,3,9.73005,-2.19405,-1.02195,1781189143874
2079672308,3,9.90705,-2.35905,-1.02495,1781189143886
2079672318,3,10.14105,-2.4859502,-1.0849501,1781189143895
2079672328,3,10.441051,-2.6149502,-1.18305,1781189143905
2079672339,3,10.795051,-2.7130501,-1.338,1781189143914
2079672349,3,10.93395,-2.76795,-1.401,1781189143926
2079672359,3,10.74705,-2.62695,-1.30305,1781189143936
2079672369,3,10.323001,-2.39505,-1.0870501,1781189143947
2079672379,3,9.916051,-2.2080002,-0.82095003,1781189143956
2079672389,3,9.547951,-2.01195,-0.61305004,1781189143966
2079672399,3,9.217051,-1.88505,-0.48105,1781189143976
2079672409,3,8.95905,-1.8199501,-0.321,1781189143986
2079672419,3,8.7619505,-1.81605,-0.21105,1781189143995
2079672429,3,8.6640005,-1.8610501,-0.12495001,1781189144005
2079672439,3,8.616,-1.9710001,-0.04095,1781189144015
2079672449,3,8.712001,-2.11995,0.00795,1781189144025
2079672459,3,8.925,-2.3110502,-0.031050002,1781189144037
2079672470,3,9.16905,-2.3809502,-0.096,1781189144046
2079672480,3,9.435,-2.4760501,-0.31905,1781189144058
2079672490,3,9.736951,-2.53905,-0.53205,1781189144066
2079672500,3,9.981001,-2.565,-0.80205005,1781189144078
2079672510,3,10.086,-2.5099502,-1.0680001,1781189144086
2079672520,3,10.10505,-2.3730001,-1.2910501,1781189144098
2079672530,3,10.12695,-2.232,-1.4970001,1781189144108
2079672540,3,10.086,-2.1030002,-1.6330501,1781189144118
2079672550,3,9.997951,-1.9900501,-1.7020501,1781189144127
2079672560,3,9.873,-1.88505,-1.69305,1781189144136
2079672570,3,9.736951,-1.7770501,-1.6309501,1781189144149
2079672580,3,9.6,-1.7200501,-1.4820001,1781189144156
2079672590,3,9.507001,-1.65795,-1.33095,1781189144167
2079672600,3,9.44205,-1.60695,-1.176,1781189144177
2079672611,3,9.39,-1.58595,-0.98700005,1781189144188
2079672621,3,9.30105,-1.5090001,-0.82605004,1781189144199
2079672631,3,9.16905,-1.4440501,-0.63195,1781189144207
2079672641,3,9.0070505,-1.365,-0.44805002,1781189144217
2079672651,3,8.856,-1.296,-0.27495003,1781189144226
2079672661,3,8.722051,-1.296,-0.14895001,1781189144238
2079672671,3,8.677951,-1.3249501,-0.052950002,1781189144249
2079672681,3,8.773951,-1.3770001,0.0,1781189144259
2079672691,3,8.949,-1.4490001,0.054,1781189144267
2079672701,3,9.118951,-1.5190501,0.06795,1781189144277
2079672711,3,9.165,-1.5280501,0.078,1781189144288
2079672721,3,9.17205,-1.54005,0.10695001,1781189144298
2079672731,3,9.16905,-1.5330001,0.087000005,1781189144309
2079672742,3,9.16695,-1.4830501,0.052050002,1781189144319
2079672752,3,9.14295,-1.4299501,-0.010050001,1781189144328
2079672762,3,9.094951,-1.3219501,-0.055050004,1781189144338
2079672772,3,9.141001,-1.2550501,-0.141,1781189144348
2079672782,3,9.27705,-1.1839501,-0.33495003,1781189144359
2079672792,3,9.27495,-1.1209501,-0.54795,1781189144369
2079672802,3,9.021001,-1.00905,-0.72795004,1781189144379
2079672812,3,8.74995,-0.84405005,-0.795,1781189144388
2079672822,3,8.55195,-0.72105,-0.795,1781189144398
2079672832,3,8.46105,-0.657,-0.77595,1781189144410
2079672842,3,8.49705,-0.67095006,-0.71805006,1781189144420
2079672852,3,8.544001,-0.70905006,-0.73800004,1781189144430
2079672862,3,8.619,-0.75000006,-0.72300005,1781189144440
2079672873,3,8.67405,-0.75705004,-0.74505,1781189144450
2079672883,3,8.844001,-0.83895004,-0.75000006,1781189144460
2079672893,3,9.082951,-0.94200003,-0.75900006,1781189144470
2079672903,3,9.253051,-1.03695,-0.80895007,1781189144480
2079672913,3,9.361051,-1.1190001,-0.90795004,1781189144490
2079672923,3,9.402,-1.1209501,-0.99600005,1781189144499
2079672933,3,9.378,-1.11405,-1.02705,1781189144509
2079672943,3,9.262951,-1.1380501,-1.0819501,1781189144519
2079672953,3,9.064051,-1.167,-1.07805,1781189144530
2079672963,3,8.86995,-1.16205,-1.0849501,1781189144540
2079672973,3,8.70705,-1.15995,-1.0890001,1781189144551
2079672983,3,8.54205,-1.1880001,-1.11105,1781189144561
2079672993,3,8.40795,-1.2240001,-1.10595,1781189144571
2079673003,3,8.41005,-1.35405,-1.09905,1781189144579
2079673014,3,8.50395,-1.5259501,-1.10595,1781189144591
2079673024,3,8.65005,-1.6860001,-1.1230501,1781189144601
2079673034,3,8.7619505,-1.81305,-1.164,1781189144611
2079673044,3,8.7310505,-1.9069501,-1.233,1781189144621
2079673054,3,8.956051,-2.0310001,-1.3620001,1781189144631
2079673064,3,9.097051,-2.1340501,-1.3240501,1781189144641
2079673074,3,9.198001,-2.2150502,-1.2930001,1781189144651
2079673084,3,9.283951,-2.2080002,-1.2930001,1781189144660
2079673094,3,9.271951,-2.1319501,-1.2859501,1781189144670
2079673104,3,9.27495,-2.0310001,-1.2430501,1781189144682
2079673114,3,9.214951,-1.9230001,-1.19505,1781189144692
2079673124,3,9.21,-1.8520501,-1.09695,1781189144702
2079673134,3,9.232051,-1.7869501,-1.03005,1781189144711
2079673145,3,9.30795,-1.7839501,-0.93405,1781189144721
2079673155,3,9.435,-1.7770501,-0.88605005,1781189144732
2079673165,3,9.523951,-1.7890501,-0.86205006,1781189144743
2079673175,3,9.471001,-1.7340001,-0.81900007,1781189144752
2079673185,3,9.436951,-1.6360501,-0.74700004,1781189144761
2079673195,3,9.363001,-1.54305,-0.63495004,1781189144771
2079673205,3,9.247951,-1.45395,-0.55095005,1781189144781
2079673215,3,9.16005,-1.41795,-0.46695003,1781189144793
2079673225,3,9.042001,-1.3969501,-0.39000002,1781189144803
2079673235,3,8.917951,-1.3800001,-0.34305,1781189144811
2079673245,3,8.93505,-1.4110501,-0.39000002,1781189144823
2079673255,3,8.950951,-1.4440501,-0.402,1781189144833
2079673265,3,8.97795,-1.4640001,-0.47700003,1781189144841
2079673276,3,8.97105,-1.5330001,-0.56505,1781189144853
2079673286,3,9.021001,-1.5790501,-0.67305005,1781189144861
2079673296,3,9.088051,-1.58595,-0.78105,1781189144873
2079673306,3,9.2029505,-1.62405,-0.83805007,1781189144883
2079673316,3,9.379951,-1.6309501,-0.90495,1781189144893
2079673326,3,9.550051,-1.674,-0.96000004,1781189144902
2079673336,3,9.65505,-1.6840501,-0.9990001,1781189144913
2079673346,3,9.67395,-1.7050501,-1.00605,1781189144923
2079673356,3,9.63105,-1.69095,-0.9889501,1781189144932
2079673366,3,9.519,-1.6720501,-0.90495,1781189144944
2079673376,3,9.427951,-1.6840501,-0.84795004,1781189144954
2079673386,3,9.330001,-1.713,-0.75900006,1781189144962
2079673396,3,9.271951,-1.761,-0.67995006,1781189144974
2079673407,3,9.222,-1.7560501,-0.65895003,1781189144982
2079673417,3,9.14505,-1.7680501,-0.63900006,1781189144994
2079673427,3,9.14505,-1.7680501,-0.62505,1781189145002
2079673437,3,9.109051,-1.7370001,-0.62505,1781189145014
2079673447,3,9.082951,-1.72695,-0.63495004,1781189145024
2079673457,3,9.078,-1.7010001,-0.642,1781189145033
2079673467,3,9.126,-1.6620001,-0.68505,1781189145045
2079673477,3,9.17205,-1.6840501,-0.69405,1781189145055
2079673487,3,9.258,-1.7050501,-0.75705004,1781189145064
2079673497,3,9.397051,-1.72695,-0.82905006,1781189145075
2079673507,3,9.47805,-1.7410501,-0.855,1781189145083
2079673517,3,9.46395,-1.677,-0.80700004,1781189145095
2079673527,3,9.36795,-1.60695,-0.771,1781189145103
2079673537,3,9.19305,-1.57605,-0.69195,1781189145115
2079673548,3,9.082951,-1.5640501,-0.71400005,1781189145125
2079673558,3,9.076051,-1.4640001,-0.69900006,1781189145135
2079673568,3,9.052051,-1.404,-0.59400004,1781189145145
2079673578,3,9.021001,-1.4490001,-0.58005005,1781189145154
2079673588,3,9.03495,-1.50405,-0.55605,1781189145163
2079673598,3,9.05895,-1.5450001,-0.55305004,1781189145175
2079673608,3,9.045,-1.57605,-0.55995005,1781189145186
2079673618,3,9.00405,-1.6099501,-0.61995006,1781189145195
2079673628,3,8.97105,-1.6339501,-0.642,1781189145204
2079673638,3,8.916,-1.61205,-0.68205005,1781189145216
2079673648,3,8.938951,-1.6099501,-0.71400005,1781189145225
2079673658,3,8.98305,-1.5810001,-0.74205005,1781189145234
2079673668,3,9.04695,-1.593,-0.76395005,1781189145245
2079673679,3,9.13305,-1.69095,-0.78795004,1781189145255
2079673689,3,9.226951,-1.7629501,-0.88605005,1781189145265
2079673699,3,9.295951,-1.7010001,-0.90495,1781189145276
2079673709,3,9.295951,-1.6360501,-0.90495,1781189145285
2079673719,3,9.30795,-1.58595,-0.87195003,1781189145295
2079673729,3,9.265051,-1.5589501,-0.85005003,1781189145306
2079673739,3,9.234,-1.57095,-0.82605004,1781189145316
2079673749,3,9.232051,-1.5670501,-0.81405,1781189145326
2079673759,3,9.222,-1.59105,-0.77595,1781189145336
2079673769,3,9.17205,-1.6189501,-0.78105,1781189145346
2079673779,3,9.13095,-1.62195,-0.795,1781189145355
2079673789,3,9.082951,-1.6339501,-0.80505,1781189145366
2079673799,3,9.066,-1.641,-0.82905006,1781189145377
2079673810,3,9.02295,-1.66005,-0.84495,1781189145387
2079673820,3,9.01095,-1.6720501,-0.82095003,1781189145396
2079673830,3,8.986951,-1.6980001,-0.85005003,1781189145406
2079673840,3,9.0400505,-1.7320501,-0.864,1781189145417
2079673850,3,9.1380005,-1.7770501,-0.915,1781189145427
2079673860,3,9.247951,-1.81605,-0.98700005,1781189145438
2079673870,3,9.33495,-1.8730501,-1.0489501,1781189145447
2079673880,3,9.35595,-1.8780001,-1.092,1781189145458
2079673890,3,9.354,-1.87995,-1.0849501,1781189145467
2079673900,3,9.33705,-1.8780001,-1.0489501,1781189145478
2079673910,3,9.259951,-1.84695,-1.0030501,1781189145487
2079673920,3,9.17205,-1.8079501,-0.95100003,1781189145496
2079673930,3,9.11205,-1.78005,-0.89595,1781189145507
2079673941,3,9.033,-1.77495,-0.83805007,1781189145516
2079673951,3,8.986951,-1.7580001,-0.81705004,1781189145527
2079673961,3,8.950951,-1.76505,-0.795,1781189145537
2079673971,3,8.961,-1.746,-0.76605004,1781189145547
2079673981,3,8.961,-1.7770501,-0.79305005,1781189145557
2079673991,3,9.033,-1.7869501,-0.77295005,1781189145567
2079674001,3,9.09,-1.8060001,-0.79005,1781189145577
2079674011,3,9.17595,-1.81605,-0.81900007,1781189145587
2079674021,3,9.22395,-1.7920501,-0.80505,1781189145597
2079674031,3,9.24405,-1.794,-0.79005,1781189145609
2079674041,3,9.19095,-1.74405,-0.74205005,1781189145617
2079674051,3,9.13605,-1.69095,-0.735,1781189145627
2079674061,3,9.085951,-1.65795,-0.73005,1781189145639
2079674071,3,9.076051,-1.5880501,-0.74700004,1781189145647
2079674082,3,9.088051,-1.58595,-0.73800004,1781189145659
2079674092,3,9.118951,-1.5810001,-0.75195,1781189145669
2079674102,3,9.165,-1.5520501,-0.72795004,1781189145679
2079674112,3,9.162001,-1.5330001,-0.70395005,1781189145688
2079674122,3,9.13605,-1.55505,-0.67305005,1781189145699
2079674132,3,9.109051,-1.54305,-0.666,1781189145709
2079674142,3,9.078,-1.55505,-0.66105,1781189145718
2079674152,3,9.05895,-1.57095,-0.66300005,1781189145730
2079674162,3,9.081,-1.5690001,-0.67995006,1781189145738
2079674172,3,9.121051,-1.5880501,-0.69900006,1781189145749
2079674182,3,9.16695,-1.5979501,-0.735,1781189145758
2079674192,3,9.18795,-1.5949501,-0.75000006,1781189145770
2079674202,3,9.226951,-1.6189501,-0.75195,1781189145780
2079674213,3,9.232051,-1.6309501,-0.76605004,1781189145789
2079674223,3,9.19305,-1.6000501,-0.771,1781189145799
2079674233,3,9.15495,-1.5949501,-0.74205005,1781189145810
2079674243,3,9.1380005,-1.5690001,-0.76395005,1781189145819
2079674253,3,9.12405,-1.5979501,-0.771,1781189145829
2079674263,3,9.14295,-1.58595,-0.78495,1781189145840
2079674273,3,9.13605,-1.5979501,-0.77805007,1781189145850
2079674283,3,9.16905,-1.61205,-0.73995006,1781189145860
2079674293,3,9.19995,-1.626,-0.71595,1781189145871
2079674303,3,9.262951,-1.641,-0.71595,1781189145880
2079674313,3,9.31305,-1.674,-0.70905006,1781189145891
2079674323,3,9.33495,-1.69305,-0.71400005,1781189145899
2079674333,3,9.31305,-1.7200501,-0.70905006,1781189145911
2079674344,3,9.262951,-1.7320501,-0.702,1781189145921
2079674354,3,9.17595,-1.7029501,-0.71595,1781189145931
2079674364,3,9.102,-1.6699501,-0.67095006,1781189145940
2079674374,3,9.088051,-1.65795,-0.66105,1781189145951
2079674384,3,9.109051,-1.6500001,-0.65400004,1781189145961
2079674394,3,9.13605,-1.6530001,-0.67095006,1781189145970
2079674404,3,9.16695,-1.6459501,-0.67800003,1781189145981
2079674414,3,9.19095,-1.6699501,-0.67800003,1781189145991
2079674424,3,9.2029505,-1.677,-0.70605004,1781189146000
2079674434,3,9.174001,-1.6669501,-0.711,1781189146011
2079674444,3,9.141001,-1.6480501,-0.68700004,1781189146022
2079674454,3,9.121051,-1.6360501,-0.69405,1781189146031
2079674464,3,9.097051,-1.6360501,-0.66795003,1781189146042
2079674474,3,9.097051,-1.641,-0.66105,1781189146051
2079674485,3,9.1050005,-1.6339501,-0.63705003,1781189146060
2079674495,3,9.13305,-1.64295,-0.64395005,1781189146072
2079674505,3,9.16905,-1.6459501,-0.66105,1781189146082
2079674515,3,9.24405,-1.6669501,-0.70605004,1781189146091
2079674525,3,9.31305,-1.69305,-0.78105,1781189146101
2079674535,3,9.33195,-1.6890001,-0.795,1781189146112
2079674545,3,9.283951,-1.65795,-0.78300005,1781189146122
2079674555,3,9.271951,-1.6459501,-0.75195,1781189146132
2079674565,3,9.247951,-1.6480501,-0.72105,1781189146143
2079674575,3,9.250951,-1.6530001,-0.69405,1781189146151
2079674585,3,9.22395,-1.6360501,-0.67800003,1781189146163
2079674595,3,9.25605,-1.641,-0.67305005,1781189146172
2079674605,3,9.282001,-1.65495,-0.675,1781189146182
2079674616,3,9.283951,-1.677,-0.666,1781189146193
2079674626,3,9.28905,-1.677,-0.69900006,1781189146202
2079674636,3,9.258,-1.677,-0.67800003,1781189146212
2079674646,3,9.2029505,-1.65795,-0.66105,1781189146224
2079674656,3,9.1380005,-1.6480501,-0.64395005,1781189146232
2079674666,3,9.094951,-1.61205,-0.60105,1781189146241
2079674676,3,9.10005,-1.60695,-0.582,1781189146252
2079674686,3,9.121051,-1.6140001,-0.57495004,1781189146263
2079674696,3,9.15495,-1.6170001,-0.59595,1781189146273
2079674706,3,9.220051,-1.6170001,-0.606,1781189146284
2079674716,3,9.25605,-1.6339501,-0.63900006,1781189146293
2079674726,3,9.25605,-1.6170001,-0.64905006,1781189146303
2079674736,3,9.226951,-1.60695,-0.68205005,1781189146313
2079674747,3,9.196051,-1.6000501,-0.69705003,1781189146323
2079674757,3,9.17205,-1.58595,-0.73305005,1781189146334
2079674767,3,9.165,-1.59105,-0.74205005,1781189146343
2079674777,3,9.150001,-1.6030501,-0.77805007,1781189146354
2079674787,3,9.141001,-1.5979501,-0.77295005,1781189146364
2079674797,3,9.121051,-1.5880501,-0.77595,1781189146374
2079674807,3,9.13095,-1.6000501,-0.78300005,1781189146384
2079674817,3,9.15495,-1.6189501,-0.80700004,1781189146394
2079674827,3,9.18795,-1.6360501,-0.78795004,1781189146405
2079674837,3,9.214951,-1.64295,-0.81705004,1781189146413
2079674847,3,9.234,-1.6650001,-0.81195,1781189146425
2079674857,3,9.259951,-1.6860001,-0.79995006,1781189146435
2079674867,3,9.306001,-1.6840501,-0.80505,1781189146445
2079674878,3,9.306001,-1.7080501,-0.81705004,1781189146453
2079674888,3,9.279,-1.7010001,-0.79995006,1781189146465
2079674898,3,9.22395,-1.6819501,-0.79005,1781189146475
2079674908,3,9.208051,-1.674,-0.76905006,1781189146485
2079674918,3,9.14295,-1.6530001,-0.74505,1781189146495
2079674928,3,9.1050005,-1.6480501,-0.72795004,1781189146506
2079674938,3,9.1050005,-1.65495,-0.72300005,1781189146514
2079674948,3,9.118951,-1.6669501,-0.73005,1781189146524
2079674958,3,9.17205,-1.6819501,-0.76605004,1781189146534
2079674968,3,9.186001,-1.6860001,-0.79005,1781189146544
2079674978,3,9.234,-1.6840501,-0.83295006,1781189146556
2079674988,3,9.247951,-1.6819501,-0.87405,1781189146566
2079674998,3,9.234,-1.65495,-0.864,1781189146576
2079675008,3,9.19305,-1.626,-0.85995007,1781189146585
2079675019,3,9.17895,-1.6000501,-0.83595,1781189146596
2079675029,3,9.153001,-1.5880501,-0.82095003,1781189146607
2079675039,3,9.13095,-1.57395,-0.79005,1781189146616
2079675049,3,9.088051,-1.5280501,-0.75195,1781189146625
2079675059,3,9.073951,-1.53795,-0.69900006,1781189146636
2079675069,3,9.09,-1.5499501,-0.71805006,1781189146647
2079675079,3,9.126,-1.5790501,-0.71595,1781189146657
2079675089,3,9.141001,-1.5790501,-0.73005,1781189146665
2079675099,3,9.17595,-1.61205,-0.74205005,1781189146675
2079675109,3,9.23595,-1.6380001,-0.79305005,1781189146687
2079675119,3,9.282001,-1.674,-0.79995006,1781189146696
2079675129,3,9.303,-1.6650001,-0.81195,1781189146705
2079675139,3,9.28695,-1.6699501,-0.80205005,1781189146716
2079675150,3,9.271951,-1.6530001,-0.77805007,1781189146726
2079675160,3,9.226951,-1.6309501,-0.73305005,1781189146737
2079675170,3,9.16695,-1.5880501,-0.65895003,1781189146748
2079675180,3,9.121051,-1.5880501,-0.60795003,1781189146756
2079675190,3,9.093,-1.593,-0.57000005,1781189146766
2079675200,3,9.073951,-1.5979501,-0.582,1781189146777
2079675210,3,9.09,-1.62195,-0.61995006,1781189146787
2079675220,3,9.114,-1.6530001,-0.69705003,1781189146796
2079675230,3,9.17205,-1.6500001,-0.76095,1781189146807
2079675240,3,9.241051,-1.6720501,-0.82095003,1781189146816
2079675250,3,9.246,-1.6620001,-0.86895007,1781189146827
2079675260,3,9.25605,-1.5880501,-0.83805007,1781189146839
2079675270,3,9.229051,-1.5520501,-0.79695004,1781189146848
2079675281,3,9.2029505,-1.5190501,-0.76605004,1781189146857
2079675291,3,9.17595,-1.4800501,-0.67800003,1781189146867
2079675301,3,9.16005,-1.4470501,-0.64395005,1781189146878
2079675311,3,9.15495,-1.452,-0.61995006,1781189146888
2079675321,3,9.16695,-1.4470501,-0.60300004,1781189146897
2079675331,3,9.18105,-1.47105,-0.61995006,1781189146907
2079675341,3,9.247951,-1.485,-0.64905006,1781189146917
2079675351,3,9.282001,-1.5259501,-0.67305005,1781189146929
2079675361,3,9.330001,-1.55505,-0.69900006,1781189146938
2079675371,3,9.303,-1.57095,-0.69195,1781189146948
2079675381,3,9.27495,-1.5979501,-0.70905006,1781189146959
2079675391,3,9.253051,-1.605,-0.69900006,1781189146967
2079675401,3,9.19095,-1.593,-0.69405,1781189146977
2079675412,3,9.150001,-1.6000501,-0.67305005,1781189146987
2079675422,3,9.118951,-1.6030501,-0.68505,1781189146998
2079675432,3,9.121051,-1.6000501,-0.69000006,1781189147009
2079675442,3,9.16695,-1.6170001,-0.70395005,1781189147018
2079675452,3,9.20505,-1.62405,-0.74205005,1781189147029
2079675462,3,9.24405,-1.6339501,-0.77295005,1781189147038
2079675472,3,9.265051,-1.6360501,-0.77595,1781189147049
2079675482,3,9.267,-1.626,-0.81900007,1781189147058
2079675492,3,9.247951,-1.605,-0.80700004,1781189147070
2079675502,3,9.21,-1.6170001,-0.795,1781189147079
2079675512,3,9.17895,-1.6030501,-0.79005,1781189147088
2079675522,3,9.174001,-1.5810001,-0.771,1781189147100
2079675532,3,9.186001,-1.5790501,-0.75900006,1781189147110
2079675542,3,9.174001,-1.5829501,-0.75000006,1781189147118
2079675553,3,9.18105,-1.5450001,-0.72300005,1781189147128
2079675563,3,9.19995,-1.5450001,-0.68700004,1781189147139
2079675573,3,9.19995,-1.54005,-0.72105,1781189147152
2079675583,3,9.19095,-1.5520501,-0.73305005,1781189147159
2079675593,3,9.198001,-1.5670501,-0.771,1781189147170
2079675603,3,9.23595,-1.5880501,-0.79305005,1781189147179
2079675613,3,9.253051,-1.6099501,-0.80505,1781189147191
2079675623,3,9.234,-1.62405,-0.771,1781189147201
2079675633,3,9.21195,-1.6030501,-0.75000006,1781189147210
2079675643,3,9.196051,-1.6030501,-0.69405,1781189147221
2079675653,3,9.15705,-1.58595,-0.651,1781189147230
2079675663,3,9.13605,-1.5829501,-0.64695,1781189147239
2079675673,3,9.16695,-1.57395,-0.67800003,1781189147250
2079675684,3,9.17205,-1.593,-0.72795004,1781189147260
2079675694,3,9.198001,-1.6099501,-0.76095,1781189147269
2079675704,3,9.208051,-1.6030501,-0.78495,1781189147280
2079675714,3,9.238951,-1.60695,-0.79305005,1781189147292
2079675724,3,9.27,-1.6099501,-0.78300005,1781189147301
2079675734,3,9.291,-1.5979501,-0.771,1781189147311
2079675744,3,9.31305,-1.5829501,-0.75705004,1781189147321
2079675754,3,9.303,-1.6000501,-0.76095,1781189147331
2079675764,3,9.271951,-1.5790501,-0.77805007,1781189147341
2079675774,3,9.229051,-1.5520501,-0.78105,1781189147350
2079675784,3,9.15705,-1.5259501,-0.79995006,1781189147361
2079675794,3,9.121051,-1.521,-0.78495,1781189147370
2079675804,3,9.088051,-1.5120001,-0.78795004,1781189147382
2079675815,3,9.082951,-1.5310501,-0.76395005,1781189147392
2079675825,3,9.114,-1.5670501,-0.77805007,1781189147402
2079675835,3,9.14295,-1.59105,-0.78300005,1781189147411
2079675845,3,9.16005,-1.605,-0.79305005,1781189147422
2079675855,3,9.18105,-1.62195,-0.83295006,1781189147432
2079675865,3,9.18105,-1.6309501,-0.82395005,1781189147442
2079675875,3,9.184051,-1.6140001,-0.82095003,1781189147452
2079675885,3,9.18795,-1.6170001,-0.79005,1781189147462
2079675895,3,9.21195,-1.626,-0.78105,1781189147471
2079675905,3,9.20505,-1.593,-0.76905006,1781189147481
2079675915,3,9.208051,-1.593,-0.75000006,1781189147492
2079675925,3,9.238951,-1.57395,-0.75000006,1781189147502
2079675935,3,9.232051,-1.57095,-0.75195,1781189147513
2079675946,3,9.2029505,-1.5520501,-0.72795004,1781189147523
2079675956,3,9.198001,-1.54005,-0.70605004,1781189147533
2079675966,3,9.217051,-1.5259501,-0.70905006,1781189147542
2079675976,3,9.2029505,-1.5259501,-0.69195,1781189147553
2079675986,3,9.21,-1.5330001,-0.69000006,1781189147563
2079675996,3,9.19095,-1.50705,-0.68205005,1781189147573
2079676006,3,9.186001,-1.50705,-0.67995006,1781189147582
2079676016,3,9.184051,-1.5190501,-0.69000006,1781189147592
2079676026,3,9.16695,-1.4970001,-0.68505,1781189147603
2079676036,3,9.1380005,-1.47105,-0.67800003,1781189147614
2079676046,3,9.114,-1.4899501,-0.67995006,1781189147622
2079676056,3,9.117001,-1.4899501,-0.67800003,1781189147634
2079676066,3,9.069,-1.4800501,-0.68700004,1781189147642
2079676076,3,9.094951,-1.50705,-0.69900006,1781189147654
2079676087,3,9.15495,-1.55505,-0.74505,1781189147662
2079676097,3,9.15705,-1.5589501,-0.79695004,1781189147674
2079676107,3,9.165,-1.5619501,-0.79695004,1781189147683
2079676117,3,9.17205,-1.5690001,-0.78495,1781189147694
2079676127,3,9.220051,-1.5810001,-0.76905006,1781189147703
2079676137,3,9.25605,-1.5949501,-0.79995006,1781189147714
2079676147,3,9.220051,-1.5949501,-0.77595,1781189147724
2079676157,3,9.18105,-1.5499501,-0.74700004,1781189147733
2079676167,3,9.129001,-1.5139501,-0.72105,1781189147745
2079676177,3,9.102,-1.5190501,-0.711,1781189147753
2079676187,3,9.15705,-1.5330001,-0.72795004,1781189147765
2079676197,3,9.198001,-1.53795,-0.735,1781189147774
2079676207,3,9.17595,-1.5139501,-0.73800004,1781189147785
2079676218,3,9.15495,-1.4950501,-0.69705003,1781189147795
2079676228,3,9.174001,-1.488,-0.66105,1781189147804
2079676238,3,9.2029505,-1.4899501,-0.66105,1781189147815
2079676248,3,9.25605,-1.5139501,-0.666,1781189147825
2079676258,3,9.246,-1.4779501,-0.67095006,1781189147835
2079676268,3,9.229051,-1.4680501,-0.66105,1781189147844
2079676278,3,9.217051,-1.4680501,-0.65895003,1781189147854
2079676288,3,9.25605,-1.473,-0.69900006,1781189147864
2079676298,3,9.306001,-1.4970001,-0.72105,1781189147874
2079676308,3,9.28695,-1.5000001,-0.726,1781189147885
2079676318,3,9.258,-1.4779501,-0.72105,1781189147894
2079676328,3,9.24405,-1.46595,-0.72105,1781189147906
2079676338,3,9.246,-1.4640001,-0.70605004,1781189147916
2079676349,3,9.24405,-1.4899501,-0.72795004,1781189147926
2079676359,3,9.259951,-1.485,-0.75405,1781189147936
2079676369,3,9.25605,-1.5139501,-0.77595,1781189147946
2079676379,3,9.23595,-1.5120001,-0.78795004,1781189147956
2079676389,3,9.222,-1.5090001,-0.795,1781189147965
2079676399,3,9.19095,-1.5310501,-0.80205005,1781189147975
2079676409,3,9.16005,-1.5280501,-0.78105,1781189147986
2079676419,3,9.13305,-1.5190501,-0.76905006,1781189147995
2079676429,3,9.162001,-1.5330001,-0.76905006,1781189148007
2079676439,3,9.198001,-1.557,-0.795,1781189148015
2079676449,3,9.217051,-1.5619501,-0.78300005,1781189148025
2079676459,3,9.238951,-1.5640501,-0.75195,1781189148035
2079676469,3,9.265051,-1.5670501,-0.73305005,1781189148045
2079676479,3,9.271951,-1.58595,-0.73800004,1781189148055
2079676490,3,9.283951,-1.5640501,-0.70395005,1781189148066
2079676500,3,9.31305,-1.5640501,-0.69195,1781189148076
2079676510,3,9.318001,-1.55505,-0.72105,1781189148088
2079676520,3,9.306001,-1.54005,-0.73800004,1781189148096
2079676530,3,9.32295,-1.5160501,-0.75195,1781189148106
2079676540,3,9.31995,-1.4970001,-0.79305005,1781189148118
2079676550,3,9.295951,-1.45905,-0.79305005,1781189148127
2079676560,3,9.28695,-1.452,-0.80505,1781189148138
2079676570,3,9.214951,-1.43505,-0.80700004,1781189148148
2079676580,3,9.1380005,-1.4110501,-0.77805007,1781189148159
2079676590,3,9.10005,-1.4089501,-0.76905006,1781189148166
2079676600,3,9.109051,-1.4490001,-0.75195,1781189148178
2079676610,3,9.13305,-1.4680501,-0.77295005,1781189148187
2079676621,3,9.165,-1.524,-0.77595,1781189148197
2079676631,3,9.186001,-1.57395,-0.81405,1781189148206
2079676641,3,9.21195,-1.5829501,-0.79305005,1781189148217
2079676651,3,9.208051,-1.593,-0.81705004,1781189148227
2079676661,3,9.214951,-1.5949501,-0.82095003,1781189148237
2079676671,3,9.20505,-1.5880501,-0.82395005,1781189148247
2079676681,3,9.196051,-1.57395,-0.81705004,1781189148258
2079676691,3,9.184051,-1.557,-0.82605004,1781189148269
2079676701,3,9.17205,-1.5469501,-0.81405,1781189148279
2079676711,3,9.196051,-1.5310501,-0.80205005,1781189148288
2079676721,3,9.198001,-1.54005,-0.80505,1781189148297
2079676731,3,9.226951,-1.53795,-0.78105,1781189148307
2079676741,3,9.241051,-1.54305,-0.78105,1781189148317
2079676752,3,9.253051,-1.53495,-0.77295005,1781189148328
2079676762,3,9.247951,-1.5139501,-0.76905006,1781189148339
2079676772,3,9.265051,-1.50405,-0.75405,1781189148349
2079676782,3,9.259951,-1.50195,-0.77595,1781189148359
2079676792,3,9.226951,-1.488,-0.75900006,1781189148368
2079676802,3,9.2029505,-1.4899501,-0.73005,1781189148378
2079676812,3,9.208051,-1.4800501,-0.75000006,1781189148390
2079676822,3,9.198001,-1.4640001,-0.75900006,1781189148399
2079676832,3,9.16695,-1.4779501,-0.74205005,1781189148409
2079676842,3,9.14295,-1.4830501,-0.73800004,1781189148418
2079676852,3,9.14505,-1.50405,-0.711,1781189148428
2079676862,3,9.150001,-1.5330001,-0.72795004,1781189148440
2079676872,3,9.165,-1.5520501,-0.72105,1781189148450
2079676883,3,9.18795,-1.5790501,-0.77295005,1781189148460
2079676893,3,9.291,-1.61205,-0.81900007,1781189148470
2079676903,3,9.327001,-1.6189501,-0.87405,1781189148480
2079676913,3,9.31305,-1.6000501,-0.87900007,1781189148489
2079676923,3,9.283951,-1.5589501,-0.864,1781189148500
2079676933,3,9.271951,-1.54005,-0.864,1781189148510
2079676943,3,9.253051,-1.53495,-0.84495,1781189148521
2079676953,3,9.162001,-1.5000001,-0.795,1781189148531
2079676963,3,9.102,-1.4760001,-0.73305005,1781189148539
2079676973,3,9.093,-1.4899501,-0.70395005,1781189148550
2079676983,3,9.129001,-1.50405,-0.711,1781189148559
2079676993,3,9.14295,-1.5280501,-0.73305005,1781189148571
2079677003,3,9.14805,-1.5330001,-0.73800004,1781189148581
2079677013,3,9.126,-1.5190501,-0.72105,1781189148591
2079677024,3,9.153001,-1.521,-0.73005,1781189148599
2079677034,3,9.217051,-1.53795,-0.771,1781189148610
2079677044,3,9.29895,-1.5589501,-0.80505,1781189148621
2079677054,3,9.31305,-1.54305,-0.795,1781189148631
2079677064,3,9.258,-1.485,-0.76605004,1781189148640
2079677074,3,9.18105,-1.4779501,-0.72105,1781189148651
2079677084,3,9.141001,-1.45905,-0.71400005,1781189148661
2079677094,3,9.10005,-1.4490001,-0.74205005,1781189148670
2079677104,3,9.097051,-1.452,-0.73005,1781189148682
2079677114,3,9.057,-1.4640001,-0.72105,1781189148692
2079677124,3,9.0709505,-1.4830501,-0.70605004,1781189148702
2079677134,3,9.109051,-1.524,-0.71805006,1781189148712
2079677144,3,9.17895,-1.5499501,-0.735,1781189148720
2079677155,3,9.246,-1.5979501,-0.76905006,1781189148730
2079677165,3,9.262951,-1.5949501,-0.79005,1781189148741
2079677175,3,9.30105,-1.6140001,-0.79005,1781189148752
2079677185,3,9.31095,-1.5949501,-0.78105,1781189148761
2079677195,3,9.31095,-1.57395,-0.771,1781189148772
2079677205,3,9.303,-1.5589501,-0.76395005,1781189148781
2079677215,3,9.27,-1.54305,-0.73995006,1781189148792
2079677225,3,9.232051,-1.5450001,-0.72105,1781189148801
2079677235,3,9.234,-1.5469501,-0.70395005,1781189148811
2079677245,3,9.21,-1.5139501,-0.69000006,1781189148823
2079677255,3,9.18105,-1.50705,-0.67305005,1781189148832
2079677265,3,9.17595,-1.5000001,-0.69195,1781189148841
2079677275,3,9.19095,-1.5310501,-0.69405,1781189148853
2079677286,3,9.18795,-1.5450001,-0.71400005,1781189148863
2079677296,3,9.21195,-1.5829501,-0.73305005,1781189148873
2079677306,3,9.246,-1.605,-0.77295005,1781189148883
2079677316,3,9.259951,-1.5949501,-0.80895007,1781189148893
2079677326,3,9.27495,-1.5949501,-0.82905006,1781189148903
2079677336,3,9.259951,-1.5690001,-0.83805007,1781189148913
2079677346,3,9.27,-1.5690001,-0.80205005,1781189148923
2079677356,3,9.250951,-1.57395,-0.78495,1781189148934
2079677366,3,9.24405,-1.5640501,-0.75000006,1781189148942
2079677376,3,9.25605,-1.5450001,-0.74505,1781189148954
2079677386,3,9.250951,-1.55505,-0.73005,1781189148963
2079677396,3,9.198001,-1.5640501,-0.73005,1781189148974
2079677406,3,9.17595,-1.57395,-0.702,1781189148984
2079677417,3,9.13305,-1.5690001,-0.72105,1781189148994
2079677427,3,9.141001,-1.5829501,-0.71400005,1781189149003
2079677437,3,9.17205,-1.6000501,-0.735,1781189149014
2079677447,3,9.20505,-1.605,-0.77295005,1781189149024
2079677457,3,9.214951,-1.6360501,-0.80205005,1781189149034
2079677467,3,9.208051,-1.6099501,-0.80895007,1781189149044
2079677477,3,9.198001,-1.5979501,-0.80700004,1781189149054
2079677487,3,9.196051,-1.58595,-0.80505,1781189149063
2079677497,3,9.19095,-1.5619501,-0.795,1781189149074
2079677507,3,9.153001,-1.5330001,-0.78300005,1781189149084
2079677517,3,9.13095,-1.5310501,-0.74505,1781189149095
2079677527,3,9.14295,-1.5310501,-0.75195,1781189149103
2079677537,3,9.174001,-1.53795,-0.74505,1781189149115
2079677547,3,9.17895,-1.5469501,-0.73305005,1781189149123
2079677558,3,9.165,-1.55505,-0.72300005,1781189149134
2079677568,3,9.162001,-1.54305,-0.70605004,1781189149143
2079677578,3,9.2029505,-1.5810001,-0.74205005,1781189149154
2079677588,3,9.222,-1.5979501,-0.77595,1781189149164
2079677598,3,9.250951,-1.605,-0.80505,1781189149174
2079677608,3,9.271951,-1.6000501,-0.80505,1781189149186
2079677618,3,9.27,-1.593,-0.79305005,1781189149195
2079677628,3,9.30795,-1.5949501,-0.78105,1781189149206
2079677638,3,9.33705,-1.605,-0.77595,1781189149216
2079677648,3,9.306001,-1.5880501,-0.78300005,1781189149225
2079677658,3,9.241051,-1.5499501,-0.77595,1781189149235
2079677668,3,9.162001,-1.5280501,-0.771,1781189149246
2079677678,3,9.11205,-1.5090001,-0.72300005,1781189149254
2079677689,3,9.093,-1.5000001,-0.73005,1781189149265
2079677699,3,9.05895,-1.5090001,-0.73005,1781189149275
2079677709,3,9.064051,-1.50705,-0.726,1781189149287
2079677719,3,9.076051,-1.521,-0.73995006,1781189149295
2079677729,3,9.097051,-1.524,-0.74205005,1781189149306
2079677739,3,9.14295,-1.521,-0.726,1781189149316
2079677749,3,9.214951,-1.5190501,-0.75000006,1781189149327
2079677759,3,9.27705,-1.5190501,-0.77595,1781189149337
2079677769,3,9.315001,-1.54005,-0.77805007,1781189149347
2079677779,3,9.295951,-1.5190501,-0.76605004,1781189149357
2079677789,3,9.315001,-1.4970001,-0.76905006,1781189149365
2079677799,3,9.303,-1.50195,-0.75405,1781189149377
2079677809,3,9.265051,-1.50705,-0.76095,1781189149386
2079677820,3,9.246,-1.5190501,-0.74700004,1781189149397
2079677830,3,9.232051,-1.5120001,-0.74205005,1781189149408
2079677840,3,9.20505,-1.5139501,-0.72105,1781189149417
2079677850,3,9.214951,-1.5310501,-0.72300005,1781189149428
2079677860,3,9.19995,-1.5520501,-0.726,1781189149437
2079677870,3,9.17895,-1.5469501,-0.711,1781189149447
2079677880,3,9.2029505,-1.55505,-0.73995006,1781189149458
2079677890,3,9.222,-1.5619501,-0.76605004,1781189149466
2079677900,3,9.217051,-1.5619501,-0.77295005,1781189149476
2079677910,3,9.250951,-1.5670501,-0.79695004,1781189149488
2079677920,3,9.250951,-1.5640501,-0.80895007,1781189149498
2079677930,3,9.246,-1.5520501,-0.79005,1781189149509
2079677940,3,9.226951,-1.54005,-0.76905006,1781189149517
2079677951,3,9.208051,-1.53795,-0.78105,1781189149526
2079677961,3,9.2029505,-1.5330001,-0.75705004,1781189149537
2079677971,3,9.16905,-1.5160501,-0.73995006,1781189149546
2079677981,3,9.165,-1.5160501,-0.72795004,1781189149558
2079677991,3,9.20505,-1.53795,-0.73800004,1781189149567
2079678001,3,9.186001,-1.5520501,-0.75900006,1781189149577
2079678011,3,9.18795,-1.5810001,-0.75705004,1781189149587
2079678021,3,9.2029505,-1.57095,-0.75000006,1781189149597
2079678031,3,9.241051,-1.5670501,-0.75705004,1781189149606
2079678041,3,9.283951,-1.5670501,-0.77595,1781189149618
2079678051,3,9.279,-1.5589501,-0.73995006,1781189149630
2079678061,3,9.265051,-1.5330001,-0.711,1781189149639
2079678071,3,9.23595,-1.5310501,-0.702,1781189149651
2079678081,3,9.19095,-1.524,-0.71400005,1781189149659
2079678092,3,9.16695,-1.5190501,-0.71400005,1781189149669
2079678102,3,9.18105,-1.5469501,-0.72300005,1781189149679
2079678112,3,9.162001,-1.5450001,-0.72105,1781189149689
2079678122,3,9.18795,-1.5619501,-0.735,1781189149698
2079678132,3,9.17895,-1.5670501,-0.75000006,1781189149708
2079678142,3,9.13605,-1.5670501,-0.75405,1781189149719
2079678152,3,9.121051,-1.5640501,-0.75000006,1781189149727
2079678162,3,9.13605,-1.557,-0.75405,1781189149738
2079678172,3,9.14505,-1.5619501,-0.75900006,1781189149749
2079678182,3,9.174001,-1.5589501,-0.74700004,1781189149758
2079678192,3,9.198001,-1.5670501,-0.74505,1781189149769
2079678202,3,9.222,-1.5640501,-0.74700004,1781189149778
2079678212,3,9.246,-1.57395,-0.771,1781189149788
2079678223,3,9.229051,-1.5589501,-0.75000006,1781189149798
2079678233,3,9.217051,-1.521,-0.75405,1781189149808
2079678243,3,9.226951,-1.54005,-0.75000006,1781189149819
2079678253,3,9.24405,-1.55505,-0.74205005,1781189149828
2079678263,3,9.232051,-1.5520501,-0.73800004,1781189149840
2079678273,3,9.217051,-1.57095,-0.75705004,1781189149850
2079678283,3,9.22395,-1.57605,-0.75195,1781189149858
2079678293,3,9.19995,-1.5640501,-0.73305005,1781189149869
2079678303,3,9.17895,-1.5589501,-0.72300005,1781189149879
2079678313,3,9.16005,-1.5670501,-0.72795004,1781189149889
2079678323,3,9.153001,-1.5690001,-0.702,1781189149899
2079678333,3,9.14805,-1.5829501,-0.73005,1781189149909
2079678343,3,9.153001,-1.6030501,-0.75195,1781189149920
2079678354,3,9.174001,-1.5949501,-0.76905006,1781189149929
2079678364,3,9.18795,-1.6000501,-0.76605004,1781189149939
2079678374,3,9.17205,-1.62405,-0.76905006,1781189149950
2079678384,3,9.16005,-1.605,-0.75405,1781189149960
2079678394,3,9.162001,-1.593,-0.75195,1781189149971
2079678404,3,9.15495,-1.59105,-0.75000006,1781189149981
2079678414,3,9.17595,-1.5810001,-0.75195,1781189149990
2079678424,3,9.18795,-1.57395,-0.76905006,1781189150001
2079678434,3,9.229051,-1.5640501,-0.76605004,1781189150010
2079678444,3,9.253051,-1.57395,-0.78795004,1781189150021
2079678454,3,9.27495,-1.5670501,-0.77805007,1781189150031
2079678464,3,9.271951,-1.557,-0.75405,1781189150041
2079678474,3,9.246,-1.5640501,-0.726,1781189150051
2079678484,3,9.2029505,-1.557,-0.69000006,1781189150062
2079678495,3,9.17205,-1.54005,-0.66300005,1781189150072
2079678505,3,9.13095,-1.55505,-0.66795003,1781189150080
2079678515,3,9.094951,-1.557,-0.66300005,1781189150092
2079678525,3,9.09,-1.54005,-0.68505,1781189150102
2079678535,3,9.12405,-1.5829501,-0.70905006,1781189150112
2079678545,3,9.174001,-1.61205,-0.75900006,1781189150122
2079678555,3,9.184051,-1.6000501,-0.75000006,1781189150131
2079678565,3,9.16695,-1.593,-0.75900006,1781189150141
2079678575,3,9.184051,-1.5880501,-0.75405,1781189150151
2079678585,3,9.253051,-1.58595,-0.76095,1781189150162
2079678595,3,9.294001,-1.5829501,-0.78300005,1781189150173
2079678605,3,9.279,-1.5790501,-0.75195,1781189150182
2079678615,3,9.258,-1.57095,-0.71400005,1781189150191
2079678626,3,9.258,-1.55505,-0.69195,1781189150203
2079678636,3,9.28905,-1.5829501,-0.73800004,1781189150213
2079678646,3,9.27495,-1.59105,-0.74700004,1781189150223
2079678656,3,9.21,-1.59105,-0.73995006,1781189150232
2079678666,3,9.117001,-1.57395,-0.726,1781189150242
2079678676,3,9.076051,-1.5829501,-0.69705003,1781189150253
2079678686,3,9.049951,-1.593,-0.69000006,1781189150263
2079678696,3,9.097051,-1.605,-0.69405,1781189150272
2079678706,3,9.13305,-1.6170001,-0.70905006,1781189150284
2079678716,3,9.165,-1.6140001,-0.75000006,1781189150293
2079678726,3,9.208051,-1.6000501,-0.76905006,1781189150303
2079678736,3,9.24405,-1.61205,-0.76605004,1781189150312
2079678746,3,9.27705,-1.5949501,-0.79995006,1781189150323
2079678757,3,9.294001,-1.5880501,-0.80505,1781189150334
2079678767,3,9.283951,-1.57605,-0.80205005,1781189150344
2079678777,3,9.253051,-1.5640501,-0.76905006,1781189150354
2079678787,3,9.208051,-1.5670501,-0.72795004,1781189150364
2079678797,3,9.17595,-1.57605,-0.68205005,1781189150374
2079678807,3,9.14505,-1.6030501,-0.67305005,1781189150384
2079678817,3,9.16695,-1.60695,-0.66300005,1781189150394
2079678827,3,9.17595,-1.64295,-0.68205005,1781189150404
2079678837,3,9.17595,-1.6620001,-0.71595,1781189150414
2079678847,3,9.19095,-1.6500001,-0.74205005,1781189150424
2079678857,3,9.2029505,-1.6480501,-0.76095,1781189150434
2079678867,3,9.19095,-1.65495,-0.78495,1781189150443
2079678877,3,9.186001,-1.6339501,-0.77595,1781189150454
2079678888,3,9.14805,-1.605,-0.79305005,1781189150463
2079678898,3,9.14295,-1.5949501,-0.78105,1781189150475
2079678908,3,9.16695,-1.593,-0.80700004,1781189150485
2079678918,3,9.16695,-1.5979501,-0.80205005,1781189150495
2079678928,3,9.117001,-1.5690001,-0.78795004,1781189150504
2079678938,3,9.11205,-1.5640501,-0.77295005,1781189150514
2079678948,3,9.126,-1.557,-0.73800004,1781189150526
2079678958,3,9.15495,-1.5640501,-0.71595,1781189150535
2079678968,3,9.165,-1.5979501,-0.702,1781189150544
2079678978,3,9.18105,-1.593,-0.70395005,1781189150554
2079678988,3,9.19305,-1.6140001,-0.68505,1781189150565
2079678998,3,9.247951,-1.6380001,-0.70605004,1781189150575
2079679008,3,9.303,-1.641,-0.72105,1781189150586
2079679018,3,9.295951,-1.6309501,-0.72795004,1781189150596
2079679029,3,9.306001,-1.6380001,-0.73305005,1781189150606
2079679039,3,9.27495,-1.6189501,-0.71805006,1781189150615
2079679049,3,9.2029505,-1.6030501,-0.72795004,1781189150627
2079679059,3,9.12405,-1.5829501,-0.70395005,1781189150635
2079679069,3,9.081,-1.58595,-0.72795004,1781189150647
2079679079,3,9.081,-1.6000501,-0.726,1781189150656
2079679089,3,9.078,-1.6140001,-0.73305005,1781189150667
2079679099,3,9.09,-1.62405,-0.73305005,1781189150676
2079679109,3,9.16005,-1.6669501,-0.76905006,1781189150687
2079679119,3,9.21195,-1.6620001,-0.83295006,1781189150696
2079679129,3,9.196051,-1.6309501,-0.82395005,1781189150707
2079679139,3,9.19305,-1.60695,-0.80205005,1781189150715
2079679149,3,9.21195,-1.60695,-0.81900007,1781189150726
2079679160,3,9.22395,-1.626,-0.80895007,1781189150736
2079679170,3,9.258,-1.6290001,-0.78495,1781189150747
2079679180,3,9.262951,-1.6170001,-0.75900006,1781189150756
2079679190,3,9.271951,-1.593,-0.73005,1781189150768
2079679200,3,9.246,-1.57395,-0.71400005,1781189150776
2079679210,3,9.241051,-1.5589501,-0.68700004,1781189150787
2079679220,3,9.24405,-1.5190501,-0.66105,1781189150797
2079679230,3,9.246,-1.54305,-0.651,1781189150807
2079679240,3,9.241051,-1.53795,-0.64905006,1781189150816
2079679250,3,9.22395,-1.5330001,-0.651,1781189150826
2079679260,3,9.232051,-1.5810001,-0.68205005,1781189150838
2079679270,3,9.234,-1.5880501,-0.69705003,1781189150846
2079679280,3,9.232051,-1.5949501,-0.726,1781189150858
2079679291,3,9.222,-1.6189501,-0.75705004,1781189150866
2079679301,3,9.18795,-1.61205,-0.75900006,1781189150877
2079679311,3,9.186001,-1.60695,-0.78795004,1781189150886
2079679321,3,9.196051,-1.6140001,-0.82095003,1781189150898
2079679331,3,9.141001,-1.605,-0.82395005,1781189150906
2079679341,3,9.102,-1.57605,-0.82905006,1781189150917
2079679351,3,9.09,-1.593,-0.83295006,1781189150926
2079679361,3,9.097051,-1.593,-0.85005003,1781189150938
2079679371,3,9.13095,-1.59105,-0.85200006,1781189150947
2079679381,3,9.14505,-1.5880501,-0.82905006,1781189150958
2079679391,3,9.162001,-1.5670501,-0.80895007,1781189150967
2079679401,3,9.196051,-1.593,-0.81900007,1781189150978
2079679411,3,9.232051,-1.5979501,-0.82605004,1781189150987
2079679422,3,9.24405,-1.58595,-0.81195,1781189150998
2079679432,3,9.23595,-1.58595,-0.78495,1781189151007
2079679442,3,9.2029505,-1.5670501,-0.74205005,1781189151018
2079679452,3,9.196051,-1.57395,-0.70605004,1781189151029
2079679462,3,9.16905,-1.57605,-0.67305005,1781189151038
2079679472,3,9.153001,-1.5810001,-0.666,1781189151048
2079679482,3,9.16695,-1.59105,-0.675,1781189151058
2079679492,3,9.16905,-1.6189501,-0.68700004,1781189151069
2079679502,3,9.226951,-1.626,-0.72300005,1781189151080
2079679512,3,9.253051,-1.6339501,-0.726,1781189151089
2079679522,3,9.25605,-1.62405,-0.74700004,1781189151099
2079679532,3,9.241051,-1.5979501,-0.726,1781189151110
2079679542,3,9.220051,-1.59105,-0.74700004,1781189151119
2079679552,3,9.232051,-1.6030501,-0.77295005,1781189151130
2079679563,3,9.198001,-1.593,-0.78795004,1781189151138
2079679573,3,9.18795,-1.5790501,-0.771,1781189151149
2079679583,3,9.2029505,-1.6030501,-0.76905006,1781189151160
2079679593,3,9.2029505,-1.6000501,-0.76095,1781189151170
2079679603,3,9.174001,-1.62195,-0.75900006,1781189151180
2079679613,3,9.16695,-1.60695,-0.74205005,1781189151197
2079679623,3,9.12405,-1.5949501,-0.75000006,1781189151199
2079679633,3,9.078,-1.6099501,-0.73995006,1781189151210
2079679643,3,9.05895,-1.6000501,-0.735,1781189151220
2079679653,3,9.05895,-1.62405,-0.69405,1781189151229
2079679663,3,9.09,-1.62405,-0.71595,1781189151239
2079679673,3,9.13305,-1.62405,-0.71400005,1781189151251
2079679683,3,9.174001,-1.6339501,-0.71400005,1781189151260
2079679694,3,9.214951,-1.6189501,-0.70905006,1781189151271
2079679704,3,9.22395,-1.593,-0.711,1781189151279
2079679714,3,9.250951,-1.5880501,-0.70905006,1781189151291
2079679724,3,9.234,-1.5829501,-0.71595,1781189151300
2079679734,3,9.238951,-1.5880501,-0.72300005,1781189151311
2079679744,3,9.241051,-1.605,-0.75000006,1781189151321
2079679754,3,9.238951,-1.6030501,-0.76095,1781189151331
2079679764,3,9.2029505,-1.59105,-0.73995006,1781189151341
2079679774,3,9.19305,-1.59105,-0.72105,1781189151351
2079679784,3,9.208051,-1.593,-0.726,1781189151362
2079679794,3,9.214951,-1.5829501,-0.70905006,1781189151372
2079679804,3,9.198001,-1.5790501,-0.71805006,1781189151380
2079679814,3,9.22395,-1.557,-0.72105,1781189151390
2079679825,3,9.226951,-1.53795,-0.711,1781189151402
2079679835,3,9.21,-1.5190501,-0.70905006,1781189151412
2079679845,3,9.19995,-1.5190501,-0.726,1781189151422
2079679855,3,9.19095,-1.5090001,-0.726,1781189151432
2079679865,3,9.17895,-1.524,-0.73005,1781189151442
2079679875,3,9.17205,-1.5280501,-0.73800004,1781189151452
2079679885,3,9.16695,-1.5310501,-0.74700004,1781189151461
2079679895,3,9.150001,-1.5330001,-0.75900006,1781189151471
2079679905,3,9.141001,-1.5310501,-0.76605004,1781189151483
2079679915,3,9.15495,-1.5520501,-0.75405,1781189151492
2079679925,3,9.196051,-1.55505,-0.75195,1781189151501
2079679935,3,9.229051,-1.593,-0.771,1781189151511
2079679945,3,9.262951,-1.593,-0.80505,1781189151523
2079679956,3,9.283951,-1.57395,-0.80700004,1781189151533
2079679966,3,9.265051,-1.55505,-0.78795004,1781189151543
2079679976,3,9.246,-1.521,-0.78495,1781189151553
2079679986,3,9.253051,-1.49205,-0.75405,1781189151563
2079679996,3,9.22395,-1.4490001,-0.73800004,1781189151573
2079680006,3,9.220051,-1.41795,-0.702,1781189151583
2079680016,3,9.162001,-1.4059501,-0.69900006,1781189151593
2079680026,3,9.14505,-1.4059501,-0.72795004,1781189151602
2079680036,3,9.16695,-1.43505,-0.75000006,1781189151612
2079680046,3,9.18795,-1.452,-0.80505,1781189151622
2079680056,3,9.196051,-1.4800501,-0.80895007,1781189151632
2079680066,3,9.21195,-1.4899501,-0.80895007,1781189151642
2079680076,3,9.226951,-1.524,-0.78795004,1781189151652
2079680086,3,9.247951,-1.54005,-0.78495,1781189151663
2079680097,3,9.28695,-1.5520501,-0.78495,1781189151674
2079680107,3,9.28695,-1.557,-0.79995006,1781189151684
2079680117,3,9.27,-1.5690001,-0.82095003,1781189151694
2079680127,3,9.258,-1.5690001,-0.82905006,1781189151704
2079680137,3,9.259951,-1.54005,-0.83100003,1781189151713
2079680147,3,9.232051,-1.5330001,-0.81900007,1781189151724
2079680157,3,9.2029505,-1.5190501,-0.80205005,1781189151734
2079680167,3,9.214951,-1.524,-0.80895007,1781189151743
2079680177,3,9.21,-1.5190501,-0.795,1781189151754
2079680187,3,9.17595,-1.50405,-0.76905006,1781189151763
2079680197,3,9.16695,-1.5000001,-0.75000006,1781189151773
2079680207,3,9.14505,-1.5090001,-0.75195,1781189151784
2079680217,3,9.16005,-1.5139501,-0.74205005,1781189151793
2079680228,3,9.16005,-1.524,-0.76095,1781189151805
2079680238,3,9.184051,-1.5160501,-0.75405,1781189151814
2079680248,3,9.19305,-1.5120001,-0.79695004,1781189151825
2079680258,3,9.217051,-1.5139501,-0.79695004,1781189151835
2079680268,3,9.232051,-1.4970001,-0.76395005,1781189151844
2079680278,3,9.246,-1.49205,-0.77295005,1781189151855
2079680288,3,9.247951,-1.4899501,-0.75000006,1781189151865
2079680298,3,9.238951,-1.4760001,-0.73005,1781189151875
2079680308,3,9.196051,-1.4680501,-0.69405,1781189151885
2079680318,3,9.17895,-1.46595,-0.67995006,1781189151895
2079680328,3,9.16695,-1.485,-0.68700004,1781189151906
2079680338,3,9.184051,-1.4970001,-0.67800003,1781189151914
2079680348,3,9.226951,-1.524,-0.702,1781189151925
2079680359,3,9.250951,-1.5469501,-0.73005,1781189151936
2079680369,3,9.246,-1.557,-0.74700004,1781189151946
2079680379,3,9.271951,-1.5640501,-0.76905006,1781189151956
2079680389,3,9.258,-1.5259501,-0.771,1781189151965
2079680399,3,9.238951,-1.521,-0.79695004,1781189151977
2079680409,3,9.217051,-1.5000001,-0.795,1781189151985
2079680419,3,9.17205,-1.4899501,-0.78300005,1781189151996
2079680429,3,9.184051,-1.488,-0.78105,1781189152007
2079680439,3,9.16695,-1.4779501,-0.77295005,1781189152016
2079680449,3,9.13605,-1.473,-0.77805007,1781189152026
2079680459,3,9.13305,-1.4899501,-0.76605004,1781189152036
2079680469,3,9.118951,-1.4899501,-0.79695004,1781189152045
2079680479,3,9.141001,-1.5160501,-0.80205005,1781189152055
2079680489,3,9.18105,-1.53495,-0.82905006,1781189152066
2079680500,3,9.262951,-1.5520501,-0.84795004,1781189152075
2079680510,3,9.315001,-1.5520501,-0.84300005,1781189152087
2079680520,3,9.31095,-1.53495,-0.83595,1781189152096
2079680530,3,9.295951,-1.5139501,-0.82905006,1781189152106
2079680540,3,9.232051,-1.50405,-0.78795004,1781189152116
2079680550,3,9.196051,-1.473,-0.771,1781189152127
2079680560,3,9.186001,-1.473,-0.73800004,1781189152137
2079680570,3,9.2029505,-1.47105,-0.72795004,1781189152147
2079680580,3,9.19995,-1.485,-0.72105,1781189152157
2079680590,3,9.19995,-1.45605,-0.69405,1781189152166
2079680600,3,9.186001,-1.4610001,-0.70905006,1781189152180
2079680610,3,9.174001,-1.4899501,-0.73005,1781189152186
2079680620,3,9.17595,-1.4970001,-0.73995006,1781189152197
2079680631,3,9.17895,-1.5280501,-0.76095,1781189152206
2079680641,3,9.21,-1.54005,-0.795,1781189152216
2079680651,3,9.19995,-1.521,-0.81195,1781189152227
2079680661,3,9.17595,-1.5090001,-0.78495,1781189152236
2079680671,3,9.15705,-1.4830501,-0.75900006,1781189152246
2079680681,3,9.14505,-1.4830501,-0.73005,1781189152257
2079680691,3,9.16005,-1.4800501,-0.69705003,1781189152267
2079680701,3,9.153001,-1.4899501,-0.68505,1781189152277
2079680711,3,9.196051,-1.50195,-0.69000006,1781189152287
2079680721,3,9.220051,-1.521,-0.69705003,1781189152297
2079680731,3,9.214951,-1.5280501,-0.735,1781189152308
2079680741,3,9.283951,-1.5280501,-0.78105,1781189152319
2079680751,3,9.30105,-1.54005,-0.80895007,1781189152329
2079680762,3,9.29895,-1.53495,-0.82605004,1781189152339
2079680772,3,9.30105,-1.524,-0.79695004,1781189152349
2079680782,3,9.220051,-1.473,-0.75705004,1781189152359
2079680792,3,9.17595,-1.42095,-0.72795004,1781189152368
2079680802,3,9.150001,-1.4059501,-0.726,1781189152380
2079680812,3,9.1380005,-1.4130001,-0.73305005,1781189152388
2079680822,3,9.150001,-1.4280001,-0.75000006,1781189152399
2079680832,3,9.174001,-1.473,-0.77595,1781189152409
2079680842,3,9.186001,-1.5330001,-0.79695004,1781189152418
2079680852,3,9.18795,-1.54305,-0.79995006,1781189152430
2079680862,3,9.16695,-1.57395,-0.78105,1781189152440
2079680872,3,9.17595,-1.5790501,-0.79005,1781189152450
2079680882,3,9.162001,-1.5790501,-0.78495,1781189152459
2079680893,3,9.184051,-1.5670501,-0.75000006,1781189152469
2079680903,3,9.21,-1.5790501,-0.75195,1781189152478
2079680913,3,9.247951,-1.57095,-0.76095,1781189152488
2079680923,3,9.28695,-1.5640501,-0.77595,1781189152498
2079680933,3,9.330001,-1.5640501,-0.79005,1781189152508
2079680943,3,9.34395,-1.54005,-0.81405,1781189152519
2079680953,3,9.32505,-1.50705,-0.80700004,1781189152528
2079680963,3,9.32295,-1.4830501,-0.78300005,1781189152538
2079680973,3,9.282001,-1.4680501,-0.771,1781189152549
2079680983,3,9.258,-1.45605,-0.74205005,1781189152561
2079680993,3,9.21,-1.42305,-0.72105,1781189152571
2079681003,3,9.186001,-1.3969501,-0.74700004,1781189152581
2079681013,3,9.13605,-1.389,-0.75000006,1781189152590
2079681023,3,9.12405,-1.3609501,-0.73995006,1781189152601
2079681034,3,9.109051,-1.368,-0.73995006,1781189152611
2079681044,3,9.121051,-1.365,-0.72300005,1781189152621
2079681054,3,9.117001,-1.3729501,-0.69705003,1781189152631
2079681064,3,9.15495,-1.3750501,-0.67800003,1781189152641
2079681074,3,9.19095,-1.389,-0.69195,1781189152651
2079681084,3,9.214951,-1.3969501,-0.72300005,1781189152660
2079681094,3,9.22395,-1.4110501,-0.76605004,1781189152670
2079681104,3,9.214951,-1.4250001,-0.81195,1781189152680
2079681114,3,9.20505,-1.47105,-0.85695004,1781189152691
2079681124,3,9.19305,-1.50195,-0.89295006,1781189152700
2079681134,3,9.21,-1.5310501,-0.91695005,1781189152712
2079681144,3,9.232051,-1.55505,-0.924,1781189152722
2079681154,3,9.259951,-1.5670501,-0.93405,1781189152732
2079681165,3,9.25605,-1.5790501,-0.89805007,1781189152741
2079681175,3,9.238951,-1.593,-0.924,1781189152750
2079681185,3,9.27495,-1.60695,-0.92700005,1781189152761
2079681195,3,9.271951,-1.6189501,-0.95295006,1781189152772
2079681205,3,9.29895,-1.6309501,-0.9580501,1781189152780
2079681215,3,9.31095,-1.64295,-0.96300006,1781189152791
2079681225,3,9.31305,-1.6500001,-0.96000004,1781189152802
2079681235,3,9.342,-1.64295,-0.90000004,1781189152812
2079681245,3,9.32505,-1.6339501,-0.88605005,1781189152821
2079681255,3,9.303,-1.6099501,-0.84300005,1781189152831
2079681265,3,9.24405,-1.5949501,-0.80895007,1781189152841
2079681275,3,9.153001,-1.5880501,-0.78105,1781189152853
2079681285,3,9.114,-1.54305,-0.735,1781189152863
2079681296,3,9.10005,-1.524,-0.711,1781189152873
2079681306,3,9.141001,-1.53795,-0.711,1781189152883
2079681316,3,9.18105,-1.57605,-0.71595,1781189152893
2079681326,3,9.19995,-1.57095,-0.711,1781189152902
2079681336,3,9.18795,-1.557,-0.69405,1781189152913
2079681346,3,9.198001,-1.53495,-0.68205005,1781189152923
2079681356,3,9.21,-1.4970001,-0.68205005,1781189152933
2079681366,3,9.19995,-1.473,-0.67095006,1781189152942
2079681376,3,9.17895,-1.45905,-0.68205005,1781189152953
2079681386,3,9.150001,-1.4470501,-0.675,1781189152962
2079681396,3,9.121051,-1.43295,-0.702,1781189152972
2079681406,3,9.14295,-1.4470501,-0.73305005,1781189152982
2079681416,3,9.16695,-1.4640001,-0.80895007,1781189152992
2079681427,3,9.232051,-1.5120001,-0.84000003,1781189153004
2079681437,3,9.253051,-1.5469501,-0.85995007,1781189153014
2079681447,3,9.24405,-1.5949501,-0.864,1781189153023
2079681457,3,9.232051,-1.5829501,-0.84795004,1781189153034
2079681467,3,9.20505,-1.61205,-0.80505,1781189153044
2079681477,3,9.186001,-1.5979501,-0.76395005,1781189153054
2079681487,3,9.17595,-1.6099501,-0.70395005,1781189153064
2079681497,3,9.19995,-1.641,-0.67305005,1781189153074
2079681507,3,9.217051,-1.6620001,-0.69000006,1781189153084
2079681517,3,9.250951,-1.65795,-0.73005,1781189153094
2079681527,3,9.259951,-1.6500001,-0.73005,1781189153104
2079681537,3,9.253051,-1.641,-0.72300005,1781189153115
2079681547,3,9.23595,-1.6099501,-0.69000006,1781189153125
2079681557,3,9.186001,-1.5810001,-0.65895003,1781189153135
2079681568,3,9.13305,-1.53795,-0.65595,1781189153143
2079681578,3,9.11205,-1.5259501,-0.63495004,1781189153154
2079681588,3,9.1050005,-1.5280501,-0.65595,1781189153164
2079681598,3,9.117001,-1.53495,-0.67800003,1781189153176
2079681608,3,9.198001,-1.524,-0.72300005,1781189153186
2079681618,3,9.258,-1.557,-0.75900006,1781189153194
2079681628,3,9.29895,-1.557,-0.77595,1781189153205
2079681638,3,9.265051,-1.53495,-0.78495,1781189153214
2079681648,3,9.222,-1.50195,-0.79995006,1781189153225
2079681658,3,9.162001,-1.473,-0.79005,1781189153235
2079681668,3,9.1050005,-1.45395,-0.77595,1781189153246
2079681678,3,9.069,-1.452,-0.76905006,1781189153256
2079681688,3,9.042001,-1.47105,-0.76095,1781189153267
2079681699,3,9.082951,-1.4830501,-0.76905006,1781189153275
2079681709,3,9.1050005,-1.5280501,-0.78300005,1781189153286
2079681719,3,9.17205,-1.5469501,-0.81705004,1781189153295
2079681729,3,9.226951,-1.5670501,-0.82605004,1781189153307
2079681739,3,9.25605,-1.593,-0.82395005,1781189153317
2079681749,3,9.259951,-1.5880501,-0.82605004,1781189153327
2079681759,3,9.282001,-1.5949501,-0.82605004,1781189153335
2079681769,3,9.27495,-1.5880501,-0.81195,1781189153347
2079681779,3,9.25605,-1.57095,-0.80895007,1781189153356
2079681789,3,9.283951,-1.5640501,-0.80895007,1781189153366
2079681799,3,9.330001,-1.57605,-0.80895007,1781189153375
2079681809,3,9.315001,-1.57095,-0.795,1781189153388
2079681819,3,9.294001,-1.5619501,-0.78105,1781189153397
2079681830,3,9.258,-1.5520501,-0.77805007,1781189153407
2079681840,3,9.2029505,-1.54305,-0.771,1781189153416
2079681850,3,9.17205,-1.53495,-0.78495,1781189153426
2079681860,3,9.13095,-1.54005,-0.81195,1781189153435
2079681870,3,9.117001,-1.5619501,-0.80700004,1781189153447
2079681880,3,9.126,-1.5829501,-0.84000003,1781189153458
2079681890,3,9.14805,-1.5880501,-0.83805007,1781189153467
2079681900,3,9.15705,-1.5829501,-0.86205006,1781189153476
2079681910,3,9.15705,-1.5690001,-0.87600005,1781189153486
2079681920,3,9.141001,-1.53795,-0.87600005,1781189153498
2079681930,3,9.126,-1.5160501,-0.88605005,1781189153506
2079681940,3,9.11205,-1.46595,-0.87900007,1781189153517
2079681950,3,9.117001,-1.46595,-0.855,1781189153527
2079681960,3,9.129001,-1.45905,-0.82605004,1781189153536
2079681971,3,9.17595,-1.4779501,-0.79995006,1781189153547
2079681981,3,9.196051,-1.49205,-0.78105,1781189153557
2079681991,3,9.208051,-1.5160501,-0.75900006,1781189153566
2079682001,3,9.20505,-1.5139501,-0.76395005,1781189153578
2079682011,3,9.214951,-1.524,-0.76605004,1781189153587
2079682021,3,9.21195,-1.5160501,-0.77805007,1781189153598
2079682031,3,9.220051,-1.50705,-0.79305005,1781189153607
2079682041,3,9.24405,-1.50405,-0.78795004,1781189153617
2079682051,3,9.21195,-1.4950501,-0.78795004,1781189153627
2079682061,3,9.14505,-1.49205,-0.80505,1781189153639
2079682071,3,9.12405,-1.4899501,-0.80505,1781189153649
2079682081,3,9.13605,-1.5280501,-0.82095003,1781189153658
2079682091,3,9.217051,-1.5640501,-0.82095003,1781189153667
2079682102,3,9.23595,-1.6140001,-0.82095003,1781189153678
2079682112,3,9.222,-1.6650001,-0.77295005,1781189153689
2079682122,3,9.208051,-1.69305,-0.67995006,1781189153698
2079682132,3,9.17595,-1.6860001,-0.71400005,1781189153709
2079682142,3,9.186001,-1.677,-0.69000006,1781189153719
2079682152,3,9.21,-1.7029501,-0.67800003,1781189153730
2079682162,3,9.283951,-1.7530501,-0.71595,1781189153738
2079682172,3,9.3490505,-1.7530501,-0.75195,1781189153748
2079682182,3,9.391951,-1.7340001,-0.795,1781189153758
2079682192,3,9.387,-1.6890001,-0.84000003,1781189153768
2079682202,3,9.3490505,-1.593,-0.84000003,1781189153778
2079682212,3,9.306001,-1.54305,-0.84795004,1781189153788
2079682222,3,9.25605,-1.4899501,-0.80895007,1781189153800
2079682233,3,9.18795,-1.452,-0.771,1781189153810
2079682243,3,9.114,-1.42095,-0.72795004,1781189153820
2079682253,3,9.052051,-1.404,-0.71595,1781189153830
2079682263,3,9.054001,-1.4089501,-0.70905006,1781189153839
2079682273,3,9.054001,-1.4610001,-0.74205005,1781189153849
2079682283,3,9.109051,-1.5090001,-0.75900006,1781189153860
2079682293,3,9.15495,-1.55505,-0.76605004,1781189153870
2079682303,3,9.19305,-1.60695,-0.795,1781189153880
2079682313,3,9.250951,-1.6480501,-0.81405,1781189153891
2079682323,3,9.283951,-1.674,-0.83805007,1781189153900
2079682333,3,9.28695,-1.6699501,-0.81900007,1781189153911
2079682343,3,9.291,-1.6699501,-0.80505,1781189153921
2079682353,3,9.271951,-1.6650001,-0.78795004,1781189153931
2079682364,3,9.318001,-1.6459501,-0.78105,1781189153941
2079682374,3,9.31305,-1.64295,-0.73995006,1781189153950
2079682384,3,9.318001,-1.6140001,-0.72300005,1781189153961
2079682394,3,9.295951,-1.61205,-0.68505,1781189153970
2079682404,3,9.25605,-1.5949501,-0.65400004,1781189153981
2079682414,3,9.2029505,-1.58595,-0.62700003,1781189153990
2079682424,3,9.14295,-1.5640501,-0.60795003,1781189154000
2079682434,3,9.094951,-1.5120001,-0.62505,1781189154010
2079682444,3,9.045,-1.4830501,-0.666,1781189154020
2079682454,3,8.997001,-1.4419501,-0.69195,1781189154032
2079682464,3,8.95905,-1.4110501,-0.72105,1781189154040
2079682474,3,8.96805,-1.4089501,-0.726,1781189154052
2079682484,3,8.985001,-1.44,-0.75195,1781189154062
2079682494,3,9.01095,-1.452,-0.78795004,1781189154072
2079682505,3,9.02295,-1.4440501,-0.78105,1781189154080
2079682515,3,9.03495,-1.45605,-0.77595,1781189154092
2079682525,3,9.0379505,-1.4830501,-0.79995006,1781189154102
2079682535,3,9.076051,-1.4970001,-0.79695004,1781189154111
2079682545,3,9.102,-1.5450001,-0.82095003,1781189154122
2079682555,3,9.14505,-1.5790501,-0.855,1781189154132
2079682565,3,9.153001,-1.6189501,-0.86895007,1781189154143
2079682575,3,9.174001,-1.626,-0.8880001,1781189154152
2079682585,3,9.214951,-1.641,-0.90300006,1781189154162
2079682595,3,9.21195,-1.6339501,-0.89295006,1781189154171
2079682605,3,9.21,-1.6140001,-0.88395005,1781189154183
2079682615,3,9.19995,-1.59105,-0.83100003,1781189154192
2079682625,3,9.196051,-1.54005,-0.76395005,1781189154203
2079682636,3,9.162001,-1.521,-0.70605004,1781189154211
2079682646,3,9.11205,-1.488,-0.666,1781189154222
2079682656,3,9.045,-1.45905,-0.63705003,1781189154232
2079682666,3,9.018001,-1.4610001,-0.64395005,1781189154243
2079682676,3,8.997001,-1.4800501,-0.65895003,1781189154252
2079682686,3,9.0709505,-1.5190501,-0.74205005,1781189154262
2079682696,3,9.184051,-1.54005,-0.81195,1781189154272
2079682706,3,9.238951,-1.5520501,-0.82095003,1781189154284
2079682716,3,9.27705,-1.58595,-0.86205006,1781189154292
2079682726,3,9.32505,-1.5790501,-0.83295006,1781189154304
2079682736,3,9.351001,-1.55505,-0.85995007,1781189154313
2079682746,3,9.342,-1.5280501,-0.83100003,1781189154324
2079682756,3,9.37005,-1.521,-0.82905006,1781189154333
2079682767,3,9.430051,-1.53795,-0.84000003,1781189154342
2079682777,3,9.48795,-1.5090001,-0.85995007,1781189154353
2079682787,3,9.507001,-1.5259501,-0.84300005,1781189154364
2079682797,3,9.50205,-1.50705,-0.82905006,1781189154374
2079682807,3,9.45405,-1.4899501,-0.82905006,1781189154384
2079682817,3,9.387,-1.45395,-0.78105,1781189154394
2079682827,3,9.330001,-1.47105,-0.771,1781189154404
2079682837,3,9.265051,-1.4680501,-0.76395005,1781189154413
2079682847,3,9.19095,-1.4970001,-0.75000006,1781189154424
2079682857,3,9.1380005,-1.5120001,-0.735,1781189154435
2079682867,3,9.093,-1.54005,-0.74700004,1781189154443
2079682877,3,9.114,-1.5589501,-0.75195,1781189154453
2079682887,3,9.14295,-1.593,-0.76395005,1781189154463
2079682898,3,9.226951,-1.6099501,-0.77295005,1781189154474
2079682908,3,9.234,-1.6140001,-0.81405,1781189154483
2079682918,3,9.217051,-1.6000501,-0.83595,1781189154495
2079682928,3,9.198001,-1.557,-0.85695004,1781189154505
2079682938,3,9.14805,-1.5259501,-0.87600005,1781189154514
2079682948,3,9.121051,-1.50195,-0.87600005,1781189154525
2079682958,3,9.066,-1.50705,-0.864,1781189154535
2079682968,3,9.033,-1.5310501,-0.85995007,1781189154544
2079682978,3,8.99895,-1.5259501,-0.86205006,1781189154554
2079682988,3,8.985001,-1.5790501,-0.83295006,1781189154564
2079682998,3,8.973001,-1.5979501,-0.83295006,1781189154576
2079683008,3,8.950951,-1.6360501,-0.83295006,1781189154586
2079683018,3,8.95905,-1.6380001,-0.85995007,1781189154594
2079683028,3,8.953951,-1.6699501,-0.86895007,1781189154604
2079683039,3,8.950951,-1.6669501,-0.89100003,1781189154616
2079683049,3,8.865001,-1.6530001,-0.87195003,1781189154625
2079683059,3,8.75805,-1.6360501,-0.83295006,1781189154635
2079683069,3,8.69295,-1.61205,-0.79305005,1781189154646
2079683079,3,8.67105,-1.6140001,-0.75195,1781189154655
2079683089,3,8.748,-1.6360501,-0.72795004,1781189154667
2079683099,3,8.88,-1.6860001,-0.73800004,1781189154677
2079683109,3,9.04695,-1.7200501,-0.76605004,1781189154685
2079683119,3,9.24405,-1.77495,-0.795,1781189154695
2079683129,3,9.411,-1.8010501,-0.82395005,1781189154705
2079683139,3,9.47805,-1.7730001,-0.83100003,1781189154715
2079683149,3,9.5119505,-1.761,-0.84000003,1781189154725
2079683159,3,9.46905,-1.71,-0.84300005,1781189154736
2079683170,3,9.378,-1.6480501,-0.84300005,1781189154747
2079683180,3,9.315001,-1.6099501,-0.82605004,1781189154756
2079683190,3,9.259951,-1.605,-0.78300005,1781189154766
2079683200,3,9.30795,-1.6030501,-0.77595,1781189154778
2079683210,3,9.406051,-1.6669501,-0.77295005,1781189154787
2079683220,3,9.471001,-1.71,-0.80205005,1781189154796
2079683230,3,9.526051,-1.7050501,-0.79695004,1781189154805
2079683240,3,9.526051,-1.6980001,-0.82605004,1781189154818
2079683250,3,9.427951,-1.64295,-0.83595,1781189154826
2079683260,3,9.29895,-1.59105,-0.81900007,1781189154838
2079683270,3,9.109051,-1.5450001,-0.81900007,1781189154846
2079683280,3,8.973001,-1.5160501,-0.82095003,1781189154858
2079683290,3,8.83395,-1.5090001,-0.795,1781189154867
2079683301,3,8.746051,-1.49205,-0.74205005,1781189154876
2079683311,3,8.769,-1.5000001,-0.68700004,1781189154886
2079683321,3,8.901,-1.5589501,-0.63900006,1781189154897
2079683331,3,9.05895,-1.62405,-0.642,1781189154907
2079683341,3,9.20505,-1.6699501,-0.63705003,1781189154918
2079683351,3,9.29895,-1.6819501,-0.67095006,1781189154927
2079683361,3,9.31995,-1.6459501,-0.68700004,1781189154939
2079683371,3,9.291,-1.6170001,-0.666,1781189154948
2079683381,3,9.222,-1.5499501,-0.65595,1781189154958
2079683391,3,9.11205,-1.524,-0.64395005,1781189154967
2079683401,3,9.02805,-1.4830501,-0.642,1781189154977
2079683411,3,9.00405,-1.45605,-0.67095006,1781189154989
2079683421,3,9.0400505,-1.46595,-0.68700004,1781189154999
2079683432,3,9.093,-1.45905,-0.72795004,1781189155007
2079683442,3,9.186001,-1.4680501,-0.75705004,1781189155018
2079683452,3,9.27705,-1.488,-0.77805007,1781189155027
2079683462,3,9.330001,-1.4899501,-0.76605004,1781189155038
2079683472,3,9.36795,-1.488,-0.75900006,1781189155049
2079683482,3,9.361051,-1.5120001,-0.69900006,1781189155059
2079683492,3,9.33495,-1.5450001,-0.675,1781189155069
2079683502,3,9.28695,-1.5450001,-0.66795003,1781189155078
2079683512,3,9.282001,-1.59105,-0.71400005,1781189155089
2079683522,3,9.31095,-1.5949501,-0.726,1781189155098
2079683532,3,9.385051,-1.62195,-0.74205005,1781189155110
2079683542,3,9.46605,-1.6669501,-0.75405,1781189155119
2079683552,3,9.504001,-1.6890001,-0.75900006,1781189155130
2079683562,3,9.516001,-1.69095,-0.73800004,1781189155138
2079683573,3,9.5140505,-1.6860001,-0.72105,1781189155150
2079683583,3,9.52095,-1.6500001,-0.71595,1781189155159
2079683593,3,9.516001,-1.6530001,-0.702,1781189155170
2079683603,3,9.504001,-1.6530001,-0.70605004,1781189155181
2079683613,3,9.48795,-1.6339501,-0.72300005,1781189155191
2079683623,3,9.43305,-1.6189501,-0.75900006,1781189155200
2079683633,3,9.373051,-1.61205,-0.78105,1781189155211
2079683643,3,9.318001,-1.5979501,-0.80895007,1781189155219
2079683653,3,9.295951,-1.60695,-0.83295006,1781189155231
2079683663,3,9.30105,-1.626,-0.82095003,1781189155240
2079683673,3,9.294001,-1.6480501,-0.83595,1781189155251
2079683683,3,9.25605,-1.6720501,-0.82095003,1781189155264
2079683693,3,9.184051,-1.6500001,-0.79695004,1781189155269
2079683704,3,9.1050005,-1.66005,-0.795,1781189155279
2079683714,3,8.99895,-1.61205,-0.73305005,1781189155290
2079683724,3,8.937,-1.6339501,-0.76095,1781189155300
2079683734,3,8.908051,-1.61205,-0.73995006,1781189155311
2079683744,3,8.913,-1.626,-0.75900006,1781189155320
2079683754,3,8.93505,-1.6480501,-0.77295005,1781189155332
2079683764,3,9.00405,-1.677,-0.80700004,1781189155342
2079683774,3,9.097051,-1.7170501,-0.82905006,1781189155351
2079683784,3,9.220051,-1.7220001,-0.87405,1781189155362
2079683794,3,9.3490505,-1.7629501,-0.86895007,1781189155372
2079683804,3,9.424951,-1.78005,-0.84300005,1781189155382
2079683814,3,9.427951,-1.7680501,-0.80895007,1781189155391
2079683824,3,9.43305,-1.7029501,-0.78495,1781189155402
2079683835,3,9.391951,-1.6620001,-0.76395005,1781189155411
2079683845,3,9.339001,-1.62405,-0.70605004,1781189155420
2079683855,3,9.283951,-1.593,-0.675,1781189155431
2079683865,3,9.234,-1.557,-0.63900006,1781189155442
2079683875,3,9.186001,-1.5499501,-0.65595,1781189155451
2079683885,3,9.141001,-1.5280501,-0.65895003,1781189155461
2079683895,3,9.106951,-1.5190501,-0.68700004,1781189155471
2079683905,3,9.10005,-1.5330001,-0.69000006,1781189155481
2079683915,3,9.11205,-1.524,-0.71805006,1781189155491
2079683925,3,9.12405,-1.5499501,-0.75000006,1781189155501
2079683935,3,9.13605,-1.57095,-0.795,1781189155511
2079683945,3,9.162001,-1.5979501,-0.79995006,1781189155521
2079683955,3,9.17205,-1.59105,-0.84795004,1781189155532
2079683965,3,9.15495,-1.5949501,-0.86895007,1781189155543
2079683976,3,9.13095,-1.62405,-0.86205006,1781189155552
2079683986,3,9.129001,-1.6099501,-0.84000003,1781189155562
2079683996,3,9.109051,-1.605,-0.83100003,1781189155573
2079684006,3,9.13095,-1.605,-0.81900007,1781189155582
2079684016,3,9.17895,-1.60695,-0.79305005,1781189155593
2079684026,3,9.259951,-1.6030501,-0.76905006,1781189155602
2079684036,3,9.30795,-1.61205,-0.73005,1781189155613
2079684046,3,9.303,-1.60695,-0.69000006,1781189155622
2079684056,3,9.30105,-1.57395,-0.67800003,1781189155634
2079684066,3,9.250951,-1.5120001,-0.67095006,1781189155644
2079684076,3,9.21,-1.45605,-0.66795003,1781189155652
2079684086,3,9.184051,-1.43505,-0.65895003,1781189155662
2079684096,3,9.17595,-1.43295,-0.67095006,1781189155674
2079684107,3,9.16005,-1.45395,-0.69195,1781189155682
2079684117,3,9.16005,-1.44,-0.72795004,1781189155694
2079684127,3,9.121051,-1.42305,-0.771,1781189155704
2079684137,3,9.094951,-1.4059501,-0.76905006,1781189155714
2079684147,3,9.078,-1.4130001,-0.81705004,1781189155724
2079684157,3,9.088051,-1.4299501,-0.84300005,1781189155733
2079684167,3,9.094951,-1.4419501,-0.85200006,1781189155743
2079684177,3,9.121051,-1.4470501,-0.85995007,1781189155753
2079684187,3,9.141001,-1.45905,-0.85995007,1781189155765
2079684197,3,9.14505,-1.473,-0.82905006,1781189155775
2079684207,3,9.114,-1.4610001,-0.80505,1781189155784
2079684217,3,9.094951,-1.4779501,-0.76905006,1781189155793
2079684227,3,9.076051,-1.4950501,-0.75405,1781189155803
2079684238,3,9.1050005,-1.50405,-0.75195,1781189155813
2079684248,3,9.16695,-1.5450001,-0.76905006,1781189155825
2079684258,3,9.232051,-1.6140001,-0.83295006,1781189155834
2079684268,3,9.306001,-1.6650001,-0.86895007,1781189155844
2079684278,3,9.3490505,-1.7010001,-0.89295006,1781189155855
2079684288,3,9.42105,-1.7149501,-0.92700005,1781189155865
2079684298,3,9.493051,-1.74405,-0.96495,1781189155875
2079684308,3,9.48795,-1.7730001,-0.95295006,1781189155885
2079684318,3,9.46905,-1.7509501,-0.94095004,1781189155894
2079684328,3,9.411,-1.713,-0.91005003,1781189155905
2079684338,3,9.363001,-1.674,-0.855,1781189155914
2079684348,3,9.303,-1.64295,-0.81405,1781189155924
2079684358,3,9.23595,-1.6099501,-0.74700004,1781189155936
2079684369,3,9.17595,-1.55505,-0.726,1781189155946
2079684379,3,9.114,-1.5139501,-0.69000006,1781189155955
2079684389,3,9.066,-1.4950501,-0.69195,1781189155966
2079684399,3,9.01605,-1.45905,-0.702,1781189155976
2079684409,3,9.009001,-1.4470501,-0.702,1781189155987
2079684419,3,9.018001,-1.4250001,-0.74505,1781189155996
2079684429,3,9.073951,-1.4470501,-0.79995006,1781189156007
2079684439,3,9.121051,-1.47105,-0.80205005,1781189156016
2079684449,3,9.16695,-1.4970001,-0.80700004,1781189156027
2079684459,3,9.19305,-1.524,-0.78795004,1781189156037
2079684469,3,9.17205,-1.5450001,-0.78795004,1781189156047
2079684479,3,9.198001,-1.5619501,-0.78105,1781189156055
2079684489,3,9.234,-1.5949501,-0.79695004,1781189156067
2079684499,3,9.30105,-1.64295,-0.78795004,1781189156075
2079684510,3,9.33495,-1.677,-0.78495,1781189156088
2079684520,3,9.33705,-1.7149501,-0.76905006,1781189156096
2079684530,3,9.32505,-1.7200501,-0.75900006,1781189156107
2079684540,3,9.282001,-1.71,-0.75900006,1781189156117
2079684550,3,9.220051,-1.713,-0.78105,1781189156127
2079684560,3,9.17205,-1.6840501,-0.771,1781189156138
2079684570,3,9.162001,-1.6819501,-0.77805007,1781189156148
2079684580,3,9.15705,-1.69305,-0.77805007,1781189156158
2079684590,3,9.13305,-1.6840501,-0.80895007,1781189156167
2079684600,3,9.126,-1.6840501,-0.83595,1781189156176
2079684610,3,9.13095,-1.6980001,-0.87900007,1781189156187
2079684620,3,9.129001,-1.6840501,-0.90000004,1781189156196
2079684630,3,9.16005,-1.7029501,-0.93405,1781189156207
2079684641,3,9.198001,-1.6980001,-0.924,1781189156217
2079684651,3,9.22395,-1.713,-0.915,1781189156227
2079684661,3,9.234,-1.7200501,-0.90795004,1781189156236
2079684671,3,9.214951,-1.725,-0.89295006,1781189156247
2079684681,3,9.174001,-1.6669501,-0.82605004,1781189156258
2079684691,3,9.1380005,-1.65495,-0.78300005,1781189156267
2079684701,3,9.1380005,-1.6500001,-0.71595,1781189156277
2079684711,3,9.186001,-1.6530001,-0.67995006,1781189156286
2079684721,3,9.22395,-1.65795,-0.68505,1781189156298
2079684731,3,9.229051,-1.64295,-0.66795003,1781189156307
2079684741,3,9.241051,-1.6290001,-0.65595,1781189156318
2079684751,3,9.17895,-1.6290001,-0.66795003,1781189156328
2079684761,3,9.16695,-1.5949501,-0.63195,1781189156338
2079684772,3,9.1380005,-1.59105,-0.62700003,1781189156347
2079684782,3,9.118951,-1.5829501,-0.615,1781189156358
2079684792,3,9.141001,-1.60695,-0.65895003,1781189156369
2079684802,3,9.198001,-1.62405,-0.70395005,1781189156379
2079684812,3,9.222,-1.6480501,-0.73995006,1781189156388
2079684822,3,9.184051,-1.6290001,-0.735,1781189156399
2079684832,3,9.20505,-1.6170001,-0.75195,1781189156408
2079684842,3,9.21,-1.6290001,-0.75405,1781189156419
2079684852,3,9.20505,-1.6290001,-0.70905006,1781189156428
2079684862,3,9.16695,-1.6099501,-0.67095006,1781189156438
2079684872,3,9.13605,-1.5949501,-0.66795003,1781189156450
2079684882,3,9.102,-1.55505,-0.66105,1781189156458
2079684892,3,9.081,-1.54305,-0.65595,1781189156468
2079684903,3,9.052051,-1.50705,-0.66105,1781189156480
2079684913,3,9.045,-1.50195,-0.66105,1781189156490
2079684923,3,9.05895,-1.50705,-0.66105,1781189156500
2079684933,3,9.097051,-1.4970001,-0.666,1781189156510
2079684943,3,9.126,-1.4970001,-0.64695,1781189156520
2079684953,3,9.162001,-1.5090001,-0.63900006,1781189156531
2079684963,3,9.18795,-1.50705,-0.61305004,1781189156540
2079684973,3,9.19995,-1.5310501,-0.61995006,1781189156550
2079684983,3,9.214951,-1.5280501,-0.61995006,1781189156560
2079684993,3,9.226951,-1.5330001,-0.63495004,1781189156569
2079685003,3,9.23595,-1.55505,-0.64395005,1781189156580
2079685013,3,9.246,-1.5810001,-0.69000006,1781189156590
2079685023,3,9.229051,-1.59105,-0.74205005,1781189156600
2079685033,3,9.19995,-1.5949501,-0.80205005,1781189156611
2079685044,3,9.19095,-1.6030501,-0.84000003,1781189156619
2079685054,3,9.2029505,-1.62405,-0.85995007,1781189156630
2079685064,3,9.2029505,-1.62405,-0.88095003,1781189156641
2079685074,3,9.208051,-1.6309501,-0.85695004,1781189156651
2079685084,3,9.20505,-1.6360501,-0.84000003,1781189156661
2079685094,3,9.22395,-1.6309501,-0.80700004,1781189156670
2079685104,3,9.247951,-1.6360501,-0.79005,1781189156680
2079685114,3,9.265051,-1.65495,-0.80895007,1781189156691
2079685124,3,9.31305,-1.6339501,-0.78495,1781189156701
2079685134,3,9.291,-1.6189501,-0.771,1781189156711
2079685144,3,9.271951,-1.5979501,-0.75000006,1781189156722
2079685154,3,9.303,-1.5810001,-0.77295005,1781189156730
2079685164,3,9.31305,-1.5790501,-0.77295005,1781189156741
2079685175,3,9.31995,-1.5880501,-0.80700004,1781189156752
2079685185,3,9.315001,-1.557,-0.82395005,1781189156761
2079685195,3,9.27,-1.53795,-0.80505,1781189156770
2079685205,3,9.19305,-1.5139501,-0.82905006,1781189156781
2079685215,3,9.162001,-1.524,-0.83100003,1781189156791
2079685225,3,9.14295,-1.5310501,-0.864,1781189156801
2079685235,3,9.14505,-1.5450001,-0.864,1781189156811
2079685245,3,9.15495,-1.5589501,-0.87900007,1781189156822
2079685255,3,9.14505,-1.57605,-0.90300006,1781189156832
2079685265,3,9.16695,-1.6309501,-0.87600005,1781189156842
2079685275,3,9.2029505,-1.6459501,-0.86700004,1781189156852
2079685285,3,9.238951,-1.6530001,-0.85200006,1781189156861
2079685295,3,9.267,-1.7029501,-0.864,1781189156872
2079685306,3,9.291,-1.7170501,-0.86700004,1781189156882
2079685316,3,9.267,-1.713,-0.88095003,1781189156893
2079685326,3,9.19095,-1.71,-0.86700004,1781189156903
2079685336,3,9.13305,-1.7029501,-0.864,1781189156912
2079685346,3,9.106951,-1.6699501,-0.87405,1781189156922
2079685356,3,9.085951,-1.6500001,-0.855,1781189156933
2079685366,3,9.0709505,-1.62195,-0.82605004,1781189156943
2079685376,3,9.117001,-1.59105,-0.84495,1781189156953
2079685386,3,9.14805,-1.58595,-0.82905006,1781189156962
2079685396,3,9.174001,-1.5690001,-0.81900007,1781189156972
2079685406,3,9.186001,-1.557,-0.78495,1781189156983
2079685416,3,9.208051,-1.557,-0.76905006,1781189156992
2079685426,3,9.17895,-1.5310501,-0.74505,1781189157004
2079685436,3,9.14805,-1.53795,-0.74505,1781189157014
2079685447,3,9.16005,-1.53495,-0.771,1781189157024
2079685457,3,9.16005,-1.5790501,-0.78795004,1781189157034
2079685467,3,9.17895,-1.605,-0.79005,1781189157044
2079685477,3,9.19095,-1.677,-0.795,1781189157054
2079685487,3,9.19095,-1.6720501,-0.81405,1781189157064
2079685497,3,9.17205,-1.6840501,-0.79305005,1781189157074
2079685507,3,9.15495,-1.69605,-0.79305005,1781189157083
2079685517,3,9.13305,-1.674,-0.79005,1781189157094
2079685527,3,9.13095,-1.6720501,-0.77805007,1781189157104
2079685537,3,9.16695,-1.6699501,-0.77805007,1781189157115
2079685547,3,9.18795,-1.6669501,-0.78105,1781189157123
2079685557,3,9.222,-1.66005,-0.77805007,1781189157134
2079685567,3,9.234,-1.6339501,-0.78495,1781189157143
2079685578,3,9.24405,-1.6309501,-0.76395005,1781189157154
2079685588,3,9.21195,-1.6170001,-0.75705004,1781189157164
2079685598,3,9.196051,-1.6030501,-0.71400005,1781189157175
2079685608,3,9.186001,-1.593,-0.70605004,1781189157185
2079685618,3,9.20505,-1.61205,-0.67995006,1781189157194
2079685628,3,9.234,-1.641,-0.666,1781189157206
2079685638,3,9.279,-1.641,-0.66105,1781189157215
2079685648,3,9.30795,-1.626,-0.675,1781189157225
2079685658,3,9.30105,-1.6309501,-0.67800003,1781189157235
2079685668,3,9.294001,-1.6140001,-0.65400004,1781189157244
2079685678,3,9.30105,-1.5880501,-0.65595,1781189157255
2079685688,3,9.306001,-1.5790501,-0.66105,1781189157264
2079685698,3,9.283951,-1.6000501,-0.65895003,1781189157275
2079685709,3,9.258,-1.593,-0.66105,1781189157284
2079685719,3,9.24405,-1.5790501,-0.69900006,1781189157295
2079685729,3,9.24405,-1.5790501,-0.76095,1781189157307
2079685739,3,9.196051,-1.5790501,-0.75000006,1781189157315
2079685749,3,9.13605,-1.5790501,-0.74505,1781189157326
2079685759,3,9.10005,-1.6030501,-0.71805006,1781189157336
2079685769,3,9.085951,-1.593,-0.69900006,1781189157347
2079685779,3,9.069,-1.605,-0.675,1781189157355
2079685789,3,9.1050005,-1.62195,-0.67800003,1781189157366
2079685799,3,9.121051,-1.626,-0.69195,1781189157377
2079685809,3,9.14295,-1.6380001,-0.68205005,1781189157387
2079685819,3,9.18105,-1.6360501,-0.67800003,1781189157395
2079685829,3,9.217051,-1.6360501,-0.68700004,1781189157405
2079685840,3,9.258,-1.62405,-0.67305005,1781189157417
2079685850,3,9.250951,-1.6459501,-0.702,1781189157427
2079685860,3,9.241051,-1.6099501,-0.73005,1781189157436
2079685870,3,9.22395,-1.60695,-0.78105,1781189157447
2079685880,3,9.20505,-1.6170001,-0.80205005,1781189157456
2079685890,3,9.222,-1.6140001,-0.81900007,1781189157468
2079685900,3,9.220051,-1.6309501,-0.83805007,1781189157478
2079685910,3,9.21,-1.6290001,-0.83295006,1781189157488
2079685920,3,9.238951,-1.6480501,-0.83100003,1781189157498
2079685930,3,9.22395,-1.6500001,-0.81705004,1781189157506
2079685940,3,9.226951,-1.6480501,-0.79005,1781189157517
2079685950,3,9.258,-1.64295,-0.77295005,1781189157527
2079685960,3,9.271951,-1.65495,-0.76905006,1781189157538
2079685970,3,9.24405,-1.64295,-0.74505,1781189157548
2079685981,3,9.229051,-1.64295,-0.73800004,1781189157557
2079685991,3,9.229051,-1.6339501,-0.74505,1781189157567
2079686001,3,9.19995,-1.64295,-0.77595,1781189157577
2079686011,3,9.15705,-1.6099501,-0.77595,1781189157586
2079686021,3,9.118951,-1.58595,-0.771,1781189157597
2079686031,3,9.121051,-1.5829501,-0.81195,1781189157607
2079686041,3,9.102,-1.59105,-0.83595,1781189157618
2079686051,3,9.114,-1.58595,-0.82905006,1781189157628
2079686061,3,9.126,-1.6140001,-0.80205005,1781189157639
2079686071,3,9.19095,-1.6170001,-0.79995006,1781189157647
2079686081,3,9.217051,-1.65495,-0.84300005,1781189157659
2079686091,3,9.214951,-1.65495,-0.83595,1781189157668
2079686101,3,9.22395,-1.6500001,-0.82905006,1781189157678
2079686112,3,9.24405,-1.6650001,-0.82095003,1781189157688
2079686122,3,9.250951,-1.6669501,-0.81900007,1781189157699
2079686132,3,9.262951,-1.674,-0.80895007,1781189157708
2079686142,3,9.232051,-1.65795,-0.78795004,1781189157718
2079686152,3,9.24405,-1.6360501,-0.76905006,1781189157728
2079686162,3,9.253051,-1.6380001,-0.74700004,1781189157741
2079686172,3,9.30795,-1.64295,-0.771,1781189157749
2079686182,3,9.354,-1.6170001,-0.79305005,1781189157758
2079686192,3,9.35595,-1.62195,-0.79005,1781189157768
2079686202,3,9.33705,-1.5810001,-0.77595,1781189157778
2079686212,3,9.295951,-1.5619501,-0.76095,1781189157788
2079686222,3,9.271951,-1.5619501,-0.74700004,1781189157800
2079686232,3,9.27705,-1.5589501,-0.71400005,1781189157810
2079686243,3,9.24405,-1.5880501,-0.72300005,1781189157819
2079686253,3,9.196051,-1.5880501,-0.75000006,1781189157828
2079686263,3,9.117001,-1.593,-0.74700004,1781189157839
2079686273,3,9.09,-1.59105,-0.72105,1781189157850
2079686283,3,9.05895,-1.5949501,-0.76605004,1781189157859
2079686293,3,9.042001,-1.62195,-0.795,1781189157869
2079686303,3,9.01605,-1.6140001,-0.81405,1781189157879
2079686313,3,8.986951,-1.62405,-0.82905006,1781189157890
2079686323,3,8.953951,-1.593,-0.82395005,1781189157900
2079686333,3,8.932051,-1.57605,-0.82095003,1781189157910
2079686343,3,8.899051,-1.5450001,-0.77295005,1781189157920
2079686353,3,8.88,-1.5120001,-0.76095,1781189157930
2079686363,3,8.88195,-1.4950501,-0.71400005,1781189157940
2079686374,3,8.92695,-1.4899501,-0.711,1781189157951
2079686384,3,8.98005,-1.5090001,-0.69195,1781189157959
2079686394,3,9.04695,-1.5190501,-0.68205005,1781189157970
2079686404,3,9.09,-1.524,-0.63705003,1781189157981
2079686414,3,9.14295,-1.5450001,-0.60795003,1781189157991
2079686424,3,9.21,-1.5670501,-0.57000005,1781189158001
2079686434,3,9.27,-1.57395,-0.52695,1781189158011
2079686444,3,9.342,-1.57605,-0.51000005,1781189158020
2079686454,3,9.39,-1.5670501,-0.51195,1781189158031
2079686464,3,9.44205,-1.5810001,-0.52905005,1781189158041
2079686474,3,9.46605,-1.5690001,-0.57195,1781189158051
2079686484,3,9.45195,-1.5619501,-0.64695,1781189158061
2079686494,3,9.430051,-1.55505,-0.68700004,1781189158070
2079686504,3,9.43305,-1.5520501,-0.73995006,1781189158082
2079686515,3,9.361051,-1.557,-0.795,1781189158092
2079686525,3,9.27705,-1.5469501,-0.78795004,1781189158100
2079686535,3,9.196051,-1.557,-0.79305005,1781189158112
2079686545,3,9.094951,-1.53495,-0.80205005,1781189158122
2079686555,3,9.02805,-1.5330001,-0.78300005,1781189158132
2079686565,3,9.00195,-1.5310501,-0.75000006,1781189158142
2079686575,3,9.01605,-1.5520501,-0.735,1781189158152
2079686585,3,9.03495,-1.55505,-0.75195,1781189158163
2079686595,3,9.054001,-1.5469501,-0.75705004,1781189158172
2079686605,3,9.05895,-1.5310501,-0.73800004,1781189158182
2079686615,3,9.05895,-1.5000001,-0.72795004,1781189158192
2079686625,3,9.057,-1.4830501,-0.73005,1781189158202
2079686635,3,9.057,-1.4830501,-0.67800003,1781189158213
2079686646,3,9.066,-1.4760001,-0.65595,1781189158223
2079686656,3,9.093,-1.46595,-0.64905006,1781189158231
2079686666,3,9.085951,-1.4950501,-0.64395005,1781189158243
2079686676,3,9.10005,-1.5330001,-0.64395005,1781189158253
2079686686,3,9.16005,-1.57395,-0.68700004,1781189158262
2079686696,3,9.22395,-1.6189501,-0.73305005,1781189158272
2079686706,3,9.27,-1.6650001,-0.78105,1781189158285
2079686716,3,9.30105,-1.6840501,-0.83595,1781189158292
2079686726,3,9.315001,-1.725,-0.87405,1781189158302
2079686736,3,9.361051,-1.72905,-0.91200006,1781189158313
2079686746,3,9.427951,-1.74405,-0.95100003,1781189158322
2079686756,3,9.46395,-1.7170501,-1.0200001,1781189158334
2079686766,3,9.493051,-1.713,-1.03695,1781189158344
2079686777,3,9.47805,-1.7149501,-1.0680001,1781189158354
2079686787,3,9.45705,-1.69305,-1.0699501,1781189158362
2079686797,3,9.391951,-1.65795,-1.056,1781189158373
2079686807,3,9.28695,-1.6380001,-0.9889501,1781189158384
2079686817,3,9.150001,-1.62195,-0.915,1781189158394
2079686827,3,9.03495,-1.605,-0.84495,1781189158403
2079686837,3,8.974951,-1.60695,-0.78495,1781189158414
2079686847,3,8.923051,-1.6309501,-0.75900006,1781189158424
2079686857,3,8.908051,-1.6290001,-0.75900006,1781189158434
2079686867,3,8.875051,-1.6170001,-0.79005,1781189158444
2079686877,3,8.856,-1.6000501,-0.78795004,1781189158453
2079686887,3,8.875051,-1.5810001,-0.80205005,1781189158464
2079686897,3,8.929951,-1.57395,-0.79695004,1781189158475
2079686908,3,9.018001,-1.5589501,-0.81405,1781189158485
2079686918,3,9.073951,-1.5499501,-0.80700004,1781189158495
2079686928,3,9.10005,-1.5000001,-0.78795004,1781189158505
2079686938,3,9.11205,-1.473,-0.735,1781189158514
2079686948,3,9.097051,-1.4640001,-0.68700004,1781189158525
2079686958,3,9.088051,-1.4970001,-0.675,1781189158535
2079686968,3,9.117001,-1.50195,-0.68505,1781189158545
2079686978,3,9.18795,-1.5810001,-0.68505,1781189158555
2079686988,3,9.253051,-1.6360501,-0.75000006,1781189158567
2079686998,3,9.28695,-1.6819501,-0.80505,1781189158574
2079687008,3,9.33495,-1.71,-0.86700004,1781189158584
2079687018,3,9.378,-1.7340001,-0.89595,1781189158596
2079687028,3,9.403951,-1.72905,-0.93105006,1781189158606
2079687038,3,9.430051,-1.7389501,-0.92205006,1781189158616
2079687049,3,9.5119505,-1.72905,-0.864,1781189158627
2079687059,3,9.540001,-1.72905,-0.83100003,1781189158636
2079687069,3,9.550051,-1.7080501,-0.79695004,1781189158646
2079687079,3,9.547951,-1.72695,-0.77595,1781189158656
2079687089,3,9.48495,-1.6819501,-0.75705004,1781189158666
2079687099,3,9.402,-1.6650001,-0.711,1781189158676
2079687109,3,9.31995,-1.65495,-0.68700004,1781189158687
2079687119,3,9.23595,-1.6530001,-0.69195,1781189158696
2079687129,3,9.19305,-1.65795,-0.69900006,1781189158707
2079687139,3,9.17205,-1.6500001,-0.72105,1781189158715
2079687149,3,9.17595,-1.6500001,-0.75195,1781189158727
2079687159,3,9.16905,-1.641,-0.77805007,1781189158736
2079687169,3,9.208051,-1.6480501,-0.78300005,1781189158748
2079687180,3,9.217051,-1.6530001,-0.75000006,1781189158758
2079687190,3,9.162001,-1.57605,-0.77595,1781189158767
2079687200,3,9.14295,-1.5469501,-0.78105,1781189158778
2079687210,3,9.097051,-1.5190501,-0.75000006,1781189158787
2079687220,3,9.09,-1.5160501,-0.74205005,1781189158797
2079687230,3,9.085951,-1.53495,-0.69705003,1781189158807
2079687240,3,9.081,-1.5810001,-0.69405,1781189158818
2079687250,3,9.109051,-1.5640501,-0.69900006,1781189158827
2079687260,3,9.106951,-1.5880501,-0.69000006,1781189158838
2079687270,3,9.114,-1.5790501,-0.67095006,1781189158848
2079687280,3,9.13305,-1.6099501,-0.675,1781189158858
2079687290,3,9.126,-1.641,-0.66105,1781189158868
2079687300,3,9.118951,-1.626,-0.62505,1781189158877
2079687311,3,9.117001,-1.61205,-0.615,1781189158886
2079687321,3,9.15495,-1.6099501,-0.64695,1781189158896
2079687331,3,9.15495,-1.5949501,-0.66105,1781189158906
2079687341,3,9.15495,-1.5520501,-0.66105,1781189158917
2079687351,3,9.126,-1.5160501,-0.67800003,1781189158927
2079687361,3,9.15495,-1.5000001,-0.67095006,1781189158938
2079687371,3,9.17895,-1.4830501,-0.69195,1781189158947
2079687381,3,9.238951,-1.45395,-0.69000006,1781189158957
2079687391,3,9.318001,-1.4760001,-0.68505,1781189158968
2079687401,3,9.363001,-1.50405,-0.67800003,1781189158978
2079687411,3,9.35805,-1.5310501,-0.68505,1781189158987
2079687421,3,9.342,-1.5160501,-0.666,1781189158997
2079687431,3,9.315001,-1.524,-0.71400005,1781189159009
2079687441,3,9.318001,-1.5450001,-0.75000006,1781189159018
2079687452,3,9.32295,-1.5810001,-0.78495,1781189159029
2079687462,3,9.33495,-1.6099501,-0.82395005,1781189159039
2079687472,3,9.318001,-1.6500001,-0.87195003,1781189159049
2079687482,3,9.271951,-1.65795,-0.91200006,1781189159059
2079687492,3,9.217051,-1.6480501,-0.94605005,1781189159069
2079687502,3,9.16905,-1.6669501,-0.94305,1781189159078
2079687512,3,9.13095,-1.6699501,-0.92700005,1781189159089
2079687522,3,9.064051,-1.6789501,-0.924,1781189159098
2079687532,3,9.033,-1.7029501,-0.89100003,1781189159108
2079687542,3,9.0379505,-1.725,-0.86205006,1781189159119
2079687552,3,9.045,-1.7370001,-0.855,1781189159129
2079687562,3,9.088051,-1.7320501,-0.83805007,1781189159139
2079687572,3,9.16695,-1.7220001,-0.83595,1781189159150
2079687583,3,9.226951,-1.72695,-0.85995007,1781189159158
2079687593,3,9.267,-1.6720501,-0.85695004,1781189159170
2079687603,3,9.31305,-1.6189501,-0.85995007,1781189159179
2079687613,3,9.351001,-1.5790501,-0.83595,1781189159189
2079687623,3,9.363001,-1.59105,-0.78495,1781189159200
2079687633,3,9.342,-1.5469501,-0.77595,1781189159211
2079687643,3,9.303,-1.5589501,-0.73800004,1781189159219
2079687653,3,9.217051,-1.5310501,-0.70905006,1781189159229
2079687663,3,9.162001,-1.50195,-0.73800004,1781189159240
2079687673,3,9.106951,-1.488,-0.72795004,1781189159250
2079687683,3,9.073951,-1.524,-0.73995006,1781189159261
2079687693,3,9.066,-1.5310501,-0.771,1781189159269
2079687703,3,9.045,-1.5589501,-0.80505,1781189159280
2079687714,3,9.04695,-1.5670501,-0.83805007,1781189159289
2079687724,3,9.00405,-1.57395,-0.855,1781189159301
2079687734,3,8.98995,-1.5670501,-0.87195003,1781189159310
2079687744,3,8.962951,-1.57605,-0.86700004,1781189159320
2079687754,3,8.956051,-1.5670501,-0.864,1781189159330
2079687764,3,8.98305,-1.6000501,-0.85695004,1781189159340
2079687774,3,8.98305,-1.626,-0.87195003,1781189159350
2079687784,3,9.02595,-1.6530001,-0.88095003,1781189159360
2079687794,3,9.049951,-1.6860001,-0.89805007,1781189159370
2079687804,3,9.082951,-1.69305,-0.91200006,1781189159380
2079687814,3,9.153001,-1.72905,-0.91695005,1781189159390
2079687824,3,9.246,-1.7530501,-0.93105006,1781189159402
2079687834,3,9.330001,-1.7700001,-0.91200006,1781189159412
2079687845,3,9.399,-1.7509501,-0.89100003,1781189159420
2079687855,3,9.436951,-1.7220001,-0.85005003,1781189159432
2079687865,3,9.42105,-1.677,-0.82905006,1781189159442
2079687875,3,9.399,-1.66005,-0.81195,1781189159452
2079687885,3,9.31995,-1.626,-0.78795004,1781189159462
2079687895,3,9.31995,-1.5979501,-0.76905006,1781189159471
2079687905,3,9.31995,-1.605,-0.78495,1781189159481
2079687915,3,9.31995,-1.61205,-0.78795004,1781189159492
2079687925,3,9.279,-1.641,-0.80205005,1781189159501
2079687935,3,9.24405,-1.6360501,-0.78495,1781189159511
2079687945,3,9.22395,-1.641,-0.77295005,1781189159521
2079687955,3,9.19305,-1.677,-0.77295005,1781189159533
2079687965,3,9.16695,-1.6819501,-0.78495,1781189159543
2079687975,3,9.114,-1.6819501,-0.79695004,1781189159553
2079687986,3,9.076051,-1.6459501,-0.79695004,1781189159562
2079687996,3,9.049951,-1.605,-0.80700004,1781189159573
2079688006,3,9.033,-1.60695,-0.80700004,1781189159583
2079688016,3,9.0379505,-1.6030501,-0.77805007,1781189159593
2079688026,3,9.049951,-1.61205,-0.79305005,1781189159603
2079688036,3,9.054001,-1.6189501,-0.771,1781189159613
2079688046,3,9.069,-1.605,-0.78495,1781189159623
2079688056,3,9.078,-1.6099501,-0.78105,1781189159633
2079688066,3,9.102,-1.605,-0.76095,1781189159642
2079688076,3,9.14805,-1.6170001,-0.74505,1781189159652
2079688086,3,9.184051,-1.6170001,-0.73995006,1781189159662
2079688096,3,9.259951,-1.6699501,-0.726,1781189159672
2079688106,3,9.306001,-1.6980001,-0.735,1781189159682
2079688117,3,9.327001,-1.7149501,-0.71595,1781189159692
2079688127,3,9.33705,-1.7340001,-0.711,1781189159702
2079688137,3,9.366,-1.76505,-0.726,1781189159714
2079688147,3,9.379951,-1.72695,-0.726,1781189159722
2079688157,3,9.354,-1.7010001,-0.69705003,1781189159734
2079688167,3,9.295951,-1.6620001,-0.71595,1781189159743
2079688177,3,9.3820505,-1.65495,-0.67800003,1781189159755
2079688187,3,9.28905,-1.6669501,-0.67095006,1781189159764
2079688197,3,9.220051,-1.6309501,-0.64695,1781189159774
2079688207,3,9.129001,-1.5949501,-0.63900006,1781189159784
2079688217,3,9.05895,-1.5790501,-0.615,1781189159795
2079688227,3,9.021001,-1.5469501,-0.63495004,1781189159804
2079688237,3,8.98995,-1.5469501,-0.651,1781189159813
2079688248,3,8.96595,-1.5589501,-0.64695,1781189159825
2079688258,3,8.985001,-1.57605,-0.63900006,1781189159835
2079688268,3,8.985001,-1.6030501,-0.65400004,1781189159844
2079688278,3,8.974951,-1.5829501,-0.65595,1781189159855
2079688288,3,8.98005,-1.593,-0.63900006,1781189159865
2079688298,3,9.0070505,-1.57605,-0.63195,1781189159875
2079688308,3,9.054001,-1.6099501,-0.63495004,1781189159884
2079688318,3,9.126,-1.626,-0.65400004,1781189159895
2079688328,3,9.174001,-1.6459501,-0.67305005,1781189159905
2079688338,3,9.2029505,-1.6459501,-0.67995006,1781189159914
2079688348,3,9.232051,-1.6500001,-0.69900006,1781189159924
2079688358,3,9.238951,-1.66005,-0.71400005,1781189159936
2079688368,3,9.217051,-1.6360501,-0.69900006,1781189159946
2079688379,3,9.241051,-1.65795,-0.702,1781189159956
2079688389,3,9.258,-1.6500001,-0.71595,1781189159967
2079688399,3,9.282001,-1.6669501,-0.70905006,1781189159976
2079688409,3,9.295951,-1.6650001,-0.75705004,1781189159987
2079688419,3,9.28695,-1.65495,-0.75705004,1781189159995
2079688429,3,9.279,-1.64295,-0.76395005,1781189160008
2079688439,3,9.28905,-1.674,-0.77295005,1781189160017
2079688449,3,9.27705,-1.6530001,-0.76905006,1781189160027
2079688459,3,9.259951,-1.6459501,-0.771,1781189160037
2079688469,3,9.25605,-1.6309501,-0.75900006,1781189160046
2079688479,3,9.229051,-1.6360501,-0.73800004,1781189160056
2079688489,3,9.18105,-1.626,-0.72795004,1781189160067
2079688499,3,9.186001,-1.5880501,-0.711,1781189160077
2079688509,3,9.19095,-1.58595,-0.70905006,1781189160087
2079688520,3,9.198001,-1.5619501,-0.72105,1781189160095
2079688530,3,9.21,-1.5619501,-0.69705003,1781189160108
2079688540,3,9.19995,-1.5450001,-0.72795004,1781189160117
2079688550,3,9.226951,-1.53495,-0.74205005,1781189160126
2079688560,3,9.27705,-1.557,-0.78105,1781189160136
2079688570,3,9.28905,-1.5829501,-0.82605004,1781189160146
2079688580,3,9.28695,-1.5829501,-0.83805007,1781189160156
2079688590,3,9.27705,-1.5949501,-0.87900007,1781189160167
2079688600,3,9.283951,-1.5829501,-0.8880001,1781189160178
2079688610,3,9.222,-1.58595,-0.89595,1781189160188
2079688620,3,9.18795,-1.59105,-0.89805007,1781189160197
2079688630,3,9.165,-1.6140001,-0.88605005,1781189160206
2079688640,3,9.162001,-1.62195,-0.92205006,1781189160217
2079688651,3,9.16695,-1.6290001,-0.92700005,1781189160227
2079688661,3,9.20505,-1.6290001,-0.915,1781189160236
2079688671,3,9.22395,-1.6380001,-0.91200006,1781189160247
2079688681,3,9.241051,-1.641,-0.89595,1781189160257
2079688691,3,9.214951,-1.6170001,-0.91200006,1781189160267
2079688701,3,9.18795,-1.5640501,-0.87405,1781189160277
2079688711,3,9.184051,-1.5499501,-0.83295006,1781189160287
2079688721,3,9.208051,-1.5520501,-0.83100003,1781189160297
2079688731,3,9.253051,-1.5619501,-0.81900007,1781189160308
2079688741,3,9.27,-1.58595,-0.82095003,1781189160317
2079688751,3,9.27705,-1.6140001,-0.83595,1781189160328
2079688761,3,9.283951,-1.61205,-0.87405,1781189160339
2079688771,3,9.241051,-1.6000501,-0.88395005,1781189160348
2079688782,3,9.20505,-1.593,-0.89805007,1781189160358
2079688792,3,9.14295,-1.605,-0.89595,1781189160368
2079688802,3,9.109051,-1.6170001,-0.89100003,1781189160379
2079688812,3,9.082951,-1.6309501,-0.8880001,1781189160389
2079688822,3,9.064051,-1.6339501,-0.89100003,1781189160398
2079688832,3,9.076051,-1.6459501,-0.90000004,1781189160409
2079688842,3,9.082951,-1.6459501,-0.90300006,1781189160419
2079688852,3,9.121051,-1.6480501,-0.86895007,1781189160430
2079688862,3,9.13605,-1.6650001,-0.84795004,1781189160438
2079688872,3,9.165,-1.6500001,-0.85995007,1781189160448
2079688882,3,9.162001,-1.6339501,-0.84495,1781189160459
2079688892,3,9.16905,-1.62405,-0.82095003,1781189160469
2079688902,3,9.17895,-1.6309501,-0.81405,1781189160478
2079688913,3,9.214951,-1.626,-0.80700004,1781189160488
2079688923,3,9.246,-1.6360501,-0.81195,1781189160500
2079688933,3,9.265051,-1.62405,-0.78105,1781189160508
2079688943,3,9.28695,-1.641,-0.78795004,1781189160519
2079688953,3,9.283951,-1.6309501,-0.80205005,1781189160530
2079688963,3,9.28695,-1.6170001,-0.77805007,1781189160540
2079688973,3,9.27495,-1.62195,-0.77805007,1781189160550
2079688983,3,9.25605,-1.605,-0.73800004,1781189160559
2079688993,3,9.250951,-1.5949501,-0.73305005,1781189160570
2079689003,3,9.25605,-1.6099501,-0.70905006,1781189160580
2079689013,3,9.253051,-1.62195,-0.70605004,1781189160589
2079689023,3,9.241051,-1.6309501,-0.72105,1781189160601
2079689033,3,9.232051,-1.6480501,-0.71805006,1781189160611
2079689043,3,9.17895,-1.626,-0.72105,1781189160619
2079689054,3,9.117001,-1.6000501,-0.72105,1781189160631
2079689064,3,9.0709505,-1.605,-0.73305005,1781189160641
2079689074,3,9.05895,-1.57605,-0.74505,1781189160650
2079689084,3,9.061951,-1.6030501,-0.76395005,1781189160660
2079689094,3,9.102,-1.6000501,-0.78495,1781189160670
2079689104,3,9.109051,-1.5949501,-0.77295005,1781189160681
2079689114,3,9.106951,-1.58595,-0.76095,1781189160691
2079689124,3,9.129001,-1.557,-0.71595,1781189160700
2079689134,3,9.13605,-1.54305,-0.68205005,1781189160710
2079689144,3,9.129001,-1.53495,-0.64395005,1781189160721
2079689154,3,9.14505,-1.5499501,-0.61995006,1781189160730
2079689164,3,9.13095,-1.54005,-0.64395005,1781189160741
2079689174,3,9.13305,-1.54305,-0.65895003,1781189160750
2079689185,3,9.14805,-1.5619501,-0.70905006,1781189160762
2079689195,3,9.14505,-1.57395,-0.71595,1781189160771
2079689205,3,9.17595,-1.5619501,-0.72795004,1781189160780
2079689215,3,9.186001,-1.57395,-0.71805006,1781189160790
2079689225,3,9.184051,-1.57095,-0.69405,1781189160801
2079689235,3,9.20505,-1.60695,-0.70605004,1781189160811
2079689245,3,9.222,-1.6000501,-0.71805006,1781189160822
2079689255,3,9.232051,-1.60695,-0.75000006,1781189160832
2079689265,3,9.220051,-1.59105,-0.735,1781189160842
2079689275,3,9.217051,-1.59105,-0.73305005,1781189160852
2079689285,3,9.19995,-1.59105,-0.73305005,1781189160862
2079689295,3,9.19095,-1.59105,-0.73305005,1781189160871
2079689305,3,9.19095,-1.60695,-0.72300005,1781189160883
2079689316,3,9.198001,-1.5979501,-0.75900006,1781189160891
2079689326,3,9.19305,-1.60695,-0.79305005,1781189160903
2079689336,3,9.196051,-1.6290001,-0.795,1781189160913
2079689346,3,9.2029505,-1.6140001,-0.75900006,1781189160923
2079689356,3,9.16905,-1.6290001,-0.771,1781189160933
2079689366,3,9.19095,-1.62195,-0.75000006,1781189160943
2079689376,3,9.229051,-1.6360501,-0.75705004,1781189160953
2079689386,3,9.246,-1.6380001,-0.77595,1781189160963
2079689396,3,9.283951,-1.6360501,-0.79005,1781189160972
2079689406,3,9.246,-1.6309501,-0.80505,1781189160982
2079689416,3,9.229051,-1.605,-0.81195,1781189160994
2079689426,3,9.20505,-1.5979501,-0.84000003,1781189161003
2079689436,3,9.21,-1.5979501,-0.84000003,1781189161013
2079689446,3,9.238951,-1.641,-0.85695004,1781189161024
2079689457,3,9.226951,-1.6669501,-0.85005003,1781189161032
2079689467,3,9.21,-1.6669501,-0.82095003,1781189161044
2079689477,3,9.165,-1.6650001,-0.79695004,1781189161054
2079689487,3,9.15705,-1.6720501,-0.78795004,1781189161064
2079689497,3,9.141001,-1.69605,-0.75195,1781189161074
2079689507,3,9.196051,-1.7050501,-0.735,1781189161084
2079689517,3,9.265051,-1.725,-0.771,1781189161094
2079689527,3,9.327001,-1.7200501,-0.78795004,1781189161104
2079689537,3,9.31995,-1.7010001,-0.81405,1781189161113
2079689547,3,9.303,-1.6699501,-0.82095003,1781189161124
2079689557,3,9.259951,-1.61205,-0.81405,1781189161133
2079689567,3,9.229051,-1.6099501,-0.81195,1781189161145
2079689577,3,9.198001,-1.5880501,-0.79995006,1781189161155
2079689588,3,9.165,-1.593,-0.80505,1781189161164
2079689598,3,9.126,-1.5589501,-0.80895007,1781189161176
2079689608,3,9.097051,-1.5589501,-0.79995006,1781189161185
2079689618,3,9.069,-1.5619501,-0.79995006,1781189161193
2079689628,3,9.064051,-1.5810001,-0.80505,1781189161207
2079689638,3,9.066,-1.605,-0.80895007,1781189161214
2079689648,3,9.073951,-1.6480501,-0.81195,1781189161225
2079689658,3,9.061951,-1.65795,-0.82095003,1781189161234
2079689668,3,9.078,-1.6650001,-0.81900007,1781189161245
2079689678,3,9.10005,-1.6530001,-0.78795004,1781189161255
2079689688,3,9.126,-1.6650001,-0.78105,1781189161264
2079689698,3,9.14805,-1.6360501,-0.77805007,1781189161275
2079689708,3,9.16005,-1.641,-0.75705004,1781189161285
2079689719,3,9.14295,-1.6000501,-0.711,1781189161295
2079689729,3,9.141001,-1.6030501,-0.72300005,1781189161307
2079689739,3,9.14805,-1.58595,-0.72105,1781189161316
2079689749,3,9.150001,-1.58595,-0.69705003,1781189161325
2079689759,3,9.17595,-1.5880501,-0.73305005,1781189161336
2079689769,3,9.208051,-1.6000501,-0.75405,1781189161347
2079689779,3,9.196051,-1.557,-0.77805007,1781189161357
2079689789,3,9.232051,-1.5829501,-0.77805007,1781189161365
2079689799,3,9.24405,-1.5670501,-0.77295005,1781189161378
2079689809,3,9.253051,-1.57395,-0.76095,1781189161386
2079689819,3,9.27,-1.5829501,-0.76395005,1781189161396
2079689829,3,9.267,-1.5829501,-0.74700004,1781189161405
2079689839,3,9.247951,-1.59105,-0.75000006,1781189161416
2079689850,3,9.246,-1.6030501,-0.73800004,1781189161427
2079689860,3,9.259951,-1.61205,-0.735,1781189161437
2079689870,3,9.23595,-1.61205,-0.75195,1781189161447
2079689880,3,9.22395,-1.58595,-0.76395005,1781189161456
2079689890,3,9.18105,-1.5589501,-0.78300005,1781189161466
2079689900,3,9.12405,-1.5469501,-0.80205005,1781189161477
2079689910,3,9.126,-1.54005,-0.80700004,1781189161486
2079689920,3,9.106951,-1.54005,-0.81405,1781189161498
2079689930,3,9.09,-1.54005,-0.81900007,1781189161508
2079689940,3,9.106951,-1.53495,-0.79005,1781189161518
2079689950,3,9.093,-1.5589501,-0.78300005,1781189161528
2079689960,3,9.097051,-1.5670501,-0.75195,1781189161538
2079689970,3,9.106951,-1.5520501,-0.74700004,1781189161548
2079689980,3,9.126,-1.557,-0.735,1781189161558
2079689991,3,9.14295,-1.5829501,-0.735,1781189161566
2079690001,3,9.18795,-1.6030501,-0.73800004,1781189161578
2079690011,3,9.184051,-1.62195,-0.74505,1781189161587
2079690021,3,9.19995,-1.641,-0.75405,1781189161597
2079690031,3,9.259951,-1.62405,-0.795,1781189161607
2079690041,3,9.330001,-1.6189501,-0.84300005,1781189161617
2079690051,3,9.306001,-1.626,-0.82605004,1781189161627
2079690061,3,9.283951,-1.62195,-0.80505,1781189161639
2079690071,3,9.267,-1.6000501,-0.80505,1781189161648
2079690081,3,9.271951,-1.59105,-0.80205005,1781189161658
2079690091,3,9.265051,-1.557,-0.77805007,1781189161669
2079690101,3,9.279,-1.5810001,-0.75405,1781189161679
2079690111,3,9.27,-1.57095,-0.74205005,1781189161690
2079690122,3,9.246,-1.59105,-0.72105,1781189161698
2079690132,3,9.27,-1.61205,-0.74700004,1781189161708
2079690142,3,9.27,-1.6290001,-0.76905006,1781189161719
2079690152,3,9.267,-1.6500001,-0.81195,1781189161729
2079690162,3,9.198001,-1.64295,-0.81405,1781189161740
2079690172,3,9.1380005,-1.6290001,-0.81195,1781189161749
2079690182,3,9.093,-1.6290001,-0.80700004,1781189161759
2079690192,3,9.066,-1.60695,-0.79995006,1781189161768
2079690202,3,9.042001,-1.6170001,-0.78300005,1781189161778
2079690212,3,9.054001,-1.61205,-0.79695004,1781189161787
2079690222,3,9.045,-1.62405,-0.79305005,1781189161798
2079690232,3,9.045,-1.6000501,-0.78300005,1781189161810
2079690242,3,9.057,-1.59105,-0.77295005,1781189161820
2079690253,3,9.094951,-1.5880501,-0.77295005,1781189161829
2079690263,3,9.126,-1.60695,-0.77295005,1781189161840
2079690273,3,9.17895,-1.6309501,-0.771,1781189161850
2079690283,3,9.250951,-1.6459501,-0.77295005,1781189161860
2079690293,3,9.27495,-1.6500001,-0.77295005,1781189161869
2079690303,3,9.294001,-1.65795,-0.75195,1781189161880
2079690313,3,9.318001,-1.65495,-0.75405,1781189161890
2079690323,3,9.306001,-1.6530001,-0.76605004,1781189161900
2079690333,3,9.30795,-1.6530001,-0.77805007,1781189161909
2079690343,3,9.291,-1.6339501,-0.76905006,1781189161920
2079690353,3,9.28695,-1.6360501,-0.75405,1781189161930
2079690363,3,9.306001,-1.6360501,-0.76395005,1781189161939
2079690373,3,9.28905,-1.60695,-0.74505,1781189161951
2079690384,3,9.27495,-1.5979501,-0.76095,1781189161961
2079690394,3,9.27495,-1.58595,-0.75000006,1781189161970
2079690404,3,9.253051,-1.5790501,-0.75705004,1781189161981
2079690414,3,9.238951,-1.557,-0.74700004,1781189161990
2079690424,3,9.184051,-1.5589501,-0.76395005,1781189162001
2079690434,3,9.17205,-1.54305,-0.77595,1781189162011
2079690444,3,9.1380005,-1.55505,-0.80205005,1781189162020
2079690454,3,9.117001,-1.5640501,-0.81900007,1781189162031
2079690464,3,9.106951,-1.557,-0.83595,1781189162040
2079690474,3,9.088051,-1.5450001,-0.82905006,1781189162050
2079690484,3,9.076051,-1.5520501,-0.80205005,1781189162062
2079690494,3,9.064051,-1.5469501,-0.78495,1781189162070
2079690504,3,9.069,-1.53495,-0.76095,1781189162082
2079690514,3,9.05895,-1.5469501,-0.78795004,1781189162092
2079690525,3,9.088051,-1.5499501,-0.78300005,1781189162102
2079690535,3,9.18105,-1.5690001,-0.81705004,1781189162112
2079690545,3,9.2029505,-1.5880501,-0.82905006,1781189162122
2079690555,3,9.19095,-1.5949501,-0.84000003,1781189162132
2079690565,3,9.21,-1.593,-0.83100003,1781189162142
2079690575,3,9.21,-1.60695,-0.85005003,1781189162151
2079690585,3,9.23595,-1.59105,-0.81405,1781189162165
2079690595,3,9.32505,-1.605,-0.795,1781189162172
2079690605,3,9.378,-1.6140001,-0.80700004,1781189162180
2079690615,3,9.35595,-1.6170001,-0.78495,1781189162192
2079690625,3,9.351001,-1.6099501,-0.78795004,1781189162203
2079690635,3,9.33705,-1.6030501,-0.80700004,1781189162212
2079690645,3,9.339001,-1.5949501,-0.80505,1781189162223
2079690656,3,9.315001,-1.5949501,-0.795,1781189162231
2079690666,3,9.28695,-1.57605,-0.78795004,1781189162242
2079690676,3,9.271951,-1.57395,-0.80505,1781189162253
2079690686,3,9.295951,-1.5880501,-0.81405,1781189162263
2079690696,3,9.265051,-1.5810001,-0.81900007,1781189162271
2079690706,3,9.234,-1.5670501,-0.80895007,1781189162284
2079690716,3,9.17895,-1.5619501,-0.81705004,1781189162293
2079690726,3,9.17595,-1.5589501,-0.84000003,1781189162304
2079690736,3,9.14295,-1.5640501,-0.84300005,1781189162314
2079690746,3,9.117001,-1.5330001,-0.85005003,1781189162322
2079690756,3,9.13095,-1.557,-0.82395005,1781189162333
2079690766,3,9.13305,-1.57605,-0.84300005,1781189162342
2079690776,3,9.14295,-1.5880501,-0.83100003,1781189162353
2079690787,3,9.117001,-1.5949501,-0.78495,1781189162364
2079690797,3,9.1380005,-1.5949501,-0.75900006,1781189162374
2079690807,3,9.14805,-1.6290001,-0.771,1781189162384
2079690817,3,9.14805,-1.62195,-0.75195,1781189162393
2079690827,3,9.1050005,-1.6189501,-0.72300005,1781189162404
2079690837,3,9.094951,-1.62195,-0.71805006,1781189162414
2079690847,3,9.114,-1.6480501,-0.69000006,1781189162424
2079690857,3,9.129001,-1.6650001,-0.70395005,1781189162433
2079690867,3,9.150001,-1.6669501,-0.69900006,1781189162444
2079690877,3,9.13305,-1.6669501,-0.70605004,1781189162454
2079690887,3,9.15495,-1.64295,-0.74205005,1781189162464
2079690897,3,9.15705,-1.61205,-0.74700004,1781189162474
2079690907,3,9.20505,-1.58595,-0.75900006,1781189162485
2079690918,3,9.246,-1.6000501,-0.76095,1781189162493
2079690928,3,9.27,-1.5949501,-0.76905006,1781189162505
2079690938,3,9.279,-1.58595,-0.77805007,1781189162514
2079690948,3,9.283951,-1.5690001,-0.75195,1781189162525
2079690958,3,9.282001,-1.55505,-0.702,1781189162536
2079690968,3,9.27495,-1.5589501,-0.68700004,1781189162545
2079690978,3,9.253051,-1.5640501,-0.65895003,1781189162555
2079690988,3,9.25605,-1.58595,-0.62505,1781189162565
2079690998,3,9.247951,-1.5880501,-0.68505,1781189162574
2079691008,3,9.232051,-1.5949501,-0.702,1781189162586
2079691018,3,9.234,-1.5880501,-0.72300005,1781189162596
2079691028,3,9.196051,-1.593,-0.74700004,1781189162606
2079691038,3,9.162001,-1.5790501,-0.75405,1781189162616
2079691048,3,9.121051,-1.57395,-0.75195,1781189162624
2079691059,3,9.118951,-1.57095,-0.78300005,1781189162636
2079691069,3,9.088051,-1.557,-0.77805007,1781189162647
2079691079,3,9.106951,-1.5829501,-0.78300005,1781189162655
2079691089,3,9.13095,-1.593,-0.80505,1781189162666
2079691099,3,9.165,-1.62195,-0.80895007,1781189162676
2079691109,3,9.16905,-1.6480501,-0.81900007,1781189162687
2079691119,3,9.19095,-1.6699501,-0.83805007,1781189162697
2079691129,3,9.18795,-1.6699501,-0.83805007,1781189162707
2079691139,3,9.21,-1.6980001,-0.86205006,1781189162717
2079691149,3,9.22395,-1.713,-0.855,1781189162727
2079691159,3,9.226951,-1.71,-0.85005003,1781189162735
2079691169,3,9.234,-1.71,-0.85200006,1781189162747
2079691179,3,9.241051,-1.7029501,-0.81705004,1781189162756
2079691190,3,9.259951,-1.6699501,-0.81900007,1781189162766
2079691200,3,9.258,-1.6699501,-0.795,1781189162777
2079691210,3,9.262951,-1.6380001,-0.81405,1781189162787
2079691220,3,9.250951,-1.60695,-0.79305005,1781189162796
2079691230,3,9.232051,-1.59105,-0.79005,1781189162805
2079691240,3,9.271951,-1.5829501,-0.81705004,1781189162815
2079691250,3,9.265051,-1.57605,-0.81900007,1781189162826
2079691260,3,9.229051,-1.57605,-0.81195,1781189162838
2079691270,3,9.217051,-1.5619501,-0.81405,1781189162846
2079691280,3,9.13305,-1.53795,-0.78795004,1781189162858
2079691290,3,9.061951,-1.54005,-0.77595,1781189162866
2079691300,3,9.045,-1.5310501,-0.76905006,1781189162878
2079691310,3,9.02595,-1.54005,-0.73800004,1781189162886
2079691321,3,9.00405,-1.5469501,-0.735,1781189162896
2079691331,3,9.01095,-1.5520501,-0.72795004,1781189162906
2079691341,3,9.02295,-1.59105,-0.73800004,1781189162916
2079691351,3,9.045,-1.605,-0.75405,1781189162927
2079691361,3,9.066,-1.62405,-0.77805007,1781189162937
2079691371,3,9.085951,-1.62405,-0.78495,1781189162948
2079691381,3,9.09,-1.6189501,-0.78495,1781189162958
2079691391,3,9.118951,-1.641,-0.80895007,1781189162967
2079691401,3,9.165,-1.6360501,-0.80505,1781189162977
2079691411,3,9.184051,-1.65495,-0.79695004,1781189162989
2079691421,3,9.217051,-1.6669501,-0.78495,1781189162998
2079691431,3,9.265051,-1.6669501,-0.75405,1781189163009
2079691441,3,9.282001,-1.6500001,-0.73800004,1781189163017
2079691452,3,9.30795,-1.6650001,-0.73305005,1781189163027
2079691462,3,9.291,-1.626,-0.69705003,1781189163038
2079691472,3,9.271951,-1.6140001,-0.69000006,1781189163048
2079691482,3,9.250951,-1.5670501,-0.68205005,1781189163059
2079691492,3,9.253051,-1.5640501,-0.675,1781189163069
2079691502,3,9.27,-1.53795,-0.67305005,1781189163079
2079691512,3,9.306001,-1.53495,-0.666,1781189163089
2079691522,3,9.33195,-1.53495,-0.675,1781189163099
2079691532,3,9.30795,-1.5280501,-0.67800003,1781189163109
2079691542,3,9.279,-1.5450001,-0.69705003,1781189163118
2079691552,3,9.247951,-1.54305,-0.70905006,1781189163130
2079691562,3,9.250951,-1.5469501,-0.74205005,1781189163138
2079691572,3,9.25605,-1.5499501,-0.79305005,1781189163150
2079691582,3,9.229051,-1.5640501,-0.79695004,1781189163159
2079691593,3,9.229051,-1.5880501,-0.80895007,1781189163168
2079691603,3,9.21195,-1.5949501,-0.83295006,1781189163179
2079691613,3,9.18105,-1.6000501,-0.81900007,1781189163190
2079691623,3,9.17205,-1.6000501,-0.80205005,1781189163200
2079691633,3,9.14805,-1.6290001,-0.79305005,1781189163209
2079691643,3,9.141001,-1.641,-0.78105,1781189163219
2079691653,3,9.14505,-1.65495,-0.78300005,1781189163229
2079691663,3,9.14505,-1.6459501,-0.80205005,1781189163240
2079691673,3,9.153001,-1.64295,-0.78795004,1781189163249
2079691683,3,9.165,-1.6339501,-0.82095003,1781189163260
2079691693,3,9.21195,-1.62405,-0.85005003,1781189163271
2079691703,3,9.241051,-1.605,-0.855,1781189163281
2079691713,3,9.241051,-1.593,-0.83805007,1781189163289
2079691724,3,9.246,-1.5670501,-0.83595,1781189163301
2079691734,3,9.27,-1.54305,-0.795,1781189163309
2079691744,3,9.271951,-1.53795,-0.78105,1781189163321
2079691754,3,9.27,-1.5450001,-0.795,1781189163330
2079691764,3,9.247951,-1.5330001,-0.75000006,1781189163341
2079691774,3,9.229051,-1.5259501,-0.75195,1781189163351
2079691784,3,9.198001,-1.5120001,-0.75705004,1781189163360
2079691794,3,9.198001,-1.5160501,-0.76605004,1781189163371
2079691804,3,9.18795,-1.521,-0.76095,1781189163381
2079691814,3,9.15495,-1.5139501,-0.76395005,1781189163390
2079691824,3,9.14805,-1.521,-0.77595,1781189163401
2079691834,3,9.14295,-1.521,-0.78105,1781189163412
2079691844,3,9.141001,-1.5310501,-0.81900007,1781189163420
2079691855,3,9.162001,-1.55505,-0.82905006,1781189163432
2079691865,3,9.15495,-1.57095,-0.84795004,1781189163440
2079691875,3,9.14505,-1.57095,-0.83100003,1781189163450
2079691885,3,9.14805,-1.5810001,-0.82605004,1781189163462
2079691895,3,9.15705,-1.5829501,-0.81195,1781189163471
2079691905,3,9.17895,-1.57605,-0.80205005,1781189163482
2079691915,3,9.17595,-1.5670501,-0.78495,1781189163491
2079691925,3,9.19095,-1.5670501,-0.78105,1781189163502
2079691935,3,9.17595,-1.5619501,-0.78795004,1781189163511
2079691945,3,9.17205,-1.5469501,-0.76905006,1781189163523
2079691955,3,9.16005,-1.54305,-0.74205005,1781189163533
2079691965,3,9.198001,-1.5640501,-0.74205005,1781189163543
2079691975,3,9.241051,-1.5640501,-0.73305005,1781189163553
2079691985,3,9.30105,-1.5949501,-0.75000006,1781189163563
2079691996,3,9.339001,-1.6030501,-0.75705004,1781189163571
2079692006,3,9.373051,-1.605,-0.76605004,1781189163583
2079692016,3,9.394051,-1.593,-0.78300005,1781189163593
2079692026,3,9.32505,-1.5829501,-0.79305005,1781189163603
2079692036,3,9.28905,-1.54005,-0.795,1781189163613
2079692046,3,9.229051,-1.54005,-0.79305005,1781189163622
2079692056,3,9.19305,-1.53495,-0.78300005,1781189163633
2079692066,3,9.19095,-1.5310501,-0.78105,1781189163642
2079692076,3,9.17205,-1.53795,-0.75900006,1781189163654
2079692086,3,9.186001,-1.5330001,-0.73005,1781189163663
2079692096,3,9.15495,-1.5499501,-0.73005,1781189163674
2079692106,3,9.129001,-1.5450001,-0.73800004,1781189163683
2079692116,3,9.109051,-1.53795,-0.771,1781189163694
2079692127,3,9.129001,-1.5640501,-0.80700004,1781189163702
2079692137,3,9.15705,-1.5880501,-0.82095003,1781189163714
2079692147,3,9.17595,-1.6000501,-0.84300005,1781189163723
2079692157,3,9.184051,-1.6339501,-0.83295006,1781189163734
2079692167,3,9.184051,-1.6339501,-0.81900007,1781189163743
2079692177,3,9.19305,-1.6500001,-0.81900007,1781189163753
2079692187,3,9.186001,-1.6500001,-0.81405,1781189163763
2079692197,3,9.198001,-1.674,-0.795,1781189163772
2079692207,3,9.21,-1.6650001,-0.80700004,1781189163784
2079692217,3,9.220051,-1.6860001,-0.80700004,1781189163794
2079692227,3,9.229051,-1.6890001,-0.82395005,1781189163803
2079692237,3,9.220051,-1.6789501,-0.82395005,1781189163814
2079692247,3,9.165,-1.6620001,-0.82605004,1781189163826
2079692258,3,9.141001,-1.6459501,-0.80205005,1781189163835
2079692268,3,9.09,-1.6189501,-0.77805007,1781189163844
2079692278,3,9.078,-1.605,-0.73995006,1781189163855
2079692288,3,9.088051,-1.6030501,-0.71805006,1781189163865
2079692298,3,9.14295,-1.6170001,-0.70605004,1781189163875
2079692308,3,9.2029505,-1.6500001,-0.69900006,1781189163885
2079692318,3,9.246,-1.6650001,-0.71805006,1781189163894
2079692328,3,9.282001,-1.6620001,-0.72795004,1781189163905
2079692338,3,9.279,-1.64295,-0.74205005,1781189163914
2079692348,3,9.253051,-1.6500001,-0.72105,1781189163925
2079692358,3,9.259951,-1.6140001,-0.69000006,1781189163935
2079692368,3,9.229051,-1.593,-0.70905006,1781189163945
2079692378,3,9.20505,-1.6099501,-0.69000006,1781189163954
2079692389,3,9.162001,-1.6000501,-0.69405,1781189163964
2079692399,3,9.13605,-1.593,-0.69900006,1781189163976
2079692409,3,9.1050005,-1.5949501,-0.72105,1781189163985
2079692419,3,9.085951,-1.6000501,-0.726,1781189163995
2079692429,3,9.085951,-1.6000501,-0.74505,1781189164007
2079692439,3,9.05895,-1.6030501,-0.73305005,1781189164017
2079692449,3,9.064051,-1.605,-0.75705004,1781189164025
2079692459,3,9.097051,-1.6030501,-0.72300005,1781189164035
2079692469,3,9.12405,-1.626,-0.72300005,1781189164047
2079692479,3,9.14295,-1.6380001,-0.72105,1781189164055
2079692489,3,9.165,-1.6360501,-0.72795004,1781189164065
2079692499,3,9.226951,-1.6380001,-0.73305005,1781189164075
2079692509,3,9.253051,-1.6380001,-0.71805006,1781189164087
2079692519,3,9.24405,-1.62405,-0.702,1781189164096
2079692530,3,9.238951,-1.6170001,-0.67995006,1781189164107
2079692540,3,9.22395,-1.6000501,-0.69405,1781189164116
2079692550,3,9.2029505,-1.58595,-0.70395005,1781189164127
2079692560,3,9.18795,-1.5690001,-0.711,1781189164136
2079692570,3,9.17595,-1.57605,-0.68700004,1781189164146
2079692580,3,9.18795,-1.5640501,-0.71805006,1781189164157
2079692590,3,9.16695,-1.57095,-0.72300005,1781189164167
2079692600,3,9.17895,-1.58595,-0.74505,1781189164177
2079692610,3,9.196051,-1.5979501,-0.75405,1781189164187
2079692620,3,9.21195,-1.5880501,-0.76905006,1781189164197
2079692630,3,9.241051,-1.6140001,-0.77595,1781189164206
2079692640,3,9.247951,-1.6140001,-0.771,1781189164219
2079692650,3,9.27,-1.6170001,-0.75000006,1781189164227
2079692661,3,9.241051,-1.605,-0.75405,1781189164238
2079692671,3,9.20505,-1.5880501,-0.771,1781189164248
2079692681,3,9.14295,-1.55505,-0.76905006,1781189164257
2079692691,3,9.109051,-1.557,-0.79005,1781189164267
2079692701,3,9.09,-1.54005,-0.81705004,1781189164277
2079692711,3,9.076051,-1.53795,-0.80895007,1781189164287
2079692721,3,9.078,-1.5310501,-0.81405,1781189164297
2079692731,3,9.09,-1.521,-0.79995006,1781189164307
2079692741,3,9.14505,-1.5259501,-0.79995006,1781189164317
2079692751,3,9.18795,-1.5520501,-0.80700004,1781189164327
2079692761,3,9.22395,-1.57605,-0.82095003,1781189164339
2079692771,3,9.232051,-1.6099501,-0.81900007,1781189164347
2079692781,3,9.250951,-1.626,-0.82605004,1781189164359
2079692792,3,9.283951,-1.6360501,-0.83100003,1781189164369
2079692802,3,9.30105,-1.6669501,-0.83805007,1781189164379
2079692812,3,9.291,-1.677,-0.82095003,1781189164388
2079692822,3,9.30105,-1.6890001,-0.81405,1781189164398
2079692832,3,9.327001,-1.69305,-0.79995006,1781189164408
2079692842,3,9.271951,-1.6669501,-0.80700004,1781189164419
2079692852,3,9.226951,-1.6339501,-0.78795004,1781189164429
2079692862,3,9.21195,-1.6000501,-0.79005,1781189164438
2079692872,3,9.220051,-1.6099501,-0.79005,1781189164450
2079692882,3,9.20505,-1.5880501,-0.79995006,1781189164459
2079692892,3,9.19305,-1.57605,-0.81405,1781189164470
2079692902,3,9.14505,-1.593,-0.78495,1781189164480
2079692912,3,9.165,-1.61205,-0.78795004,1781189164490
2079692923,3,9.19095,-1.62195,-0.81195,1781189164500
2079692933,3,9.18105,-1.6380001,-0.81705004,1781189164509
2079692943,3,9.14295,-1.6339501,-0.81195,1781189164521
2079692953,3,9.094951,-1.6189501,-0.77805007,1781189164529
2079692963,3,9.093,-1.64295,-0.771,1781189164540
2079692973,3,9.066,-1.6189501,-0.79995006,1781189164550
2079692983,3,9.057,-1.6000501,-0.79305005,1781189164560
2079692993,3,9.04695,-1.57605,-0.75705004,1781189164569
2079693003,3,9.088051,-1.5810001,-0.73995006,1781189164580
2079693013,3,9.13095,-1.5690001,-0.73305005,1781189164589
2079693023,3,9.14805,-1.57605,-0.73305005,1781189164600
2079693033,3,9.16005,-1.5690001,-0.711,1781189164611
2079693043,3,9.16905,-1.5499501,-0.71595,1781189164620
2079693053,3,9.208051,-1.5829501,-0.726,1781189164631
2079693064,3,9.23595,-1.59105,-0.72105,1781189164641
2079693074,3,9.24405,-1.59105,-0.69195,1781189164650
2079693084,3,9.259951,-1.605,-0.69405,1781189164661
2079693094,3,9.27705,-1.6140001,-0.70605004,1781189164671
2079693104,3,9.262951,-1.6309501,-0.72795004,1781189164681
2079693114,3,9.27495,-1.6140001,-0.72105,1781189164690
2079693124,3,9.25605,-1.6099501,-0.73995006,1781189164700
2079693134,3,9.259951,-1.605,-0.75705004,1781189164710
2079693144,3,9.226951,-1.60695,-0.76095,1781189164722
2079693154,3,9.198001,-1.5880501,-0.75405,1781189164732
2079693164,3,9.18795,-1.593,-0.75195,1781189164743
2079693174,3,9.17595,-1.5589501,-0.735,1781189164751
2079693184,3,9.196051,-1.5469501,-0.74505,1781189164762
2079693195,3,9.196051,-1.5469501,-0.76095,1781189164771
2079693205,3,9.21,-1.5450001,-0.75195,1781189164782
2079693215,3,9.18105,-1.54305,-0.75000006,1781189164791
2079693225,3,9.14805,-1.5330001,-0.77595,1781189164802
2079693235,3,9.109051,-1.5310501,-0.79695004,1781189164812
2079693245,3,9.10005,-1.5120001,-0.80700004,1781189164822
2079693255,3,9.106951,-1.5310501,-0.81405,1781189164833
2079693265,3,9.118951,-1.5640501,-0.80505,1781189164842
2079693275,3,9.13305,-1.5640501,-0.78300005,1781189164852
2079693285,3,9.14505,-1.5640501,-0.77595,1781189164862
2079693295,3,9.174001,-1.5640501,-0.75000006,1781189164871
2079693305,3,9.217051,-1.60695,-0.75705004,1781189164881
2079693315,3,9.246,-1.6189501,-0.74205005,1781189164893
2079693326,3,9.267,-1.61205,-0.75405,1781189164903
2079693336,3,9.267,-1.626,-0.77805007,1781189164911
2079693346,3,9.28695,-1.6290001,-0.83595,1781189164923
2079693356,3,9.28905,-1.62405,-0.84300005,1781189164933
2079693366,3,9.291,-1.62195,-0.83100003,1781189164943
2079693376,3,9.282001,-1.6309501,-0.82905006,1781189164952
2079693386,3,9.28905,-1.626,-0.81195,1781189164963
2079693396,3,9.295951,-1.6360501,-0.80895007,1781189164972
2079693406,3,9.294001,-1.65795,-0.82095003,1781189164982
2079693416,3,9.28695,-1.6500001,-0.83100003,1781189164992
2079693426,3,9.279,-1.6650001,-0.81405,1781189165002
2079693436,3,9.279,-1.6480501,-0.795,1781189165013
2079693446,3,9.246,-1.64295,-0.77805007,1781189165022
2079693457,3,9.229051,-1.6309501,-0.74505,1781189165034
2079693467,3,9.19995,-1.626,-0.75900006,1781189165044
2079693477,3,9.174001,-1.6170001,-0.77595,1781189165054
2079693487,3,9.15495,-1.62405,-0.771,1781189165063
2079693497,3,9.18795,-1.6189501,-0.75195,1781189165074
2079693507,3,9.16695,-1.6099501,-0.74505,1781189165084
2079693517,3,9.121051,-1.6189501,-0.75900006,1781189165094
2079693527,3,9.097051,-1.605,-0.75705004,1781189165103
2079693537,3,9.082951,-1.58595,-0.795,1781189165114
2079693547,3,9.073951,-1.6030501,-0.81405,1781189165124
2079693557,3,9.106951,-1.6099501,-0.80700004,1781189165134
2079693567,3,9.126,-1.626,-0.81705004,1781189165143
2079693577,3,9.1380005,-1.641,-0.79995006,1781189165153
2079693587,3,9.15705,-1.6189501,-0.78795004,1781189165165
2079693598,3,9.150001,-1.6099501,-0.73995006,1781189165174
2079693608,3,9.198001,-1.62195,-0.70905006,1781189165184
2079693618,3,9.208051,-1.6380001,-0.70605004,1781189165193
2079693628,3,9.18105,-1.6290001,-0.68505,1781189165204
2079693638,3,9.16005,-1.6189501,-0.666,1781189165216
2079693648,3,9.17205,-1.60695,-0.68700004,1781189165224
2079693658,3,9.165,-1.5979501,-0.68505,1781189165235
2079693668,3,9.15705,-1.605,-0.71595,1781189165247
2079693678,3,9.15705,-1.5979501,-0.75000006,1781189165255
2079693688,3,9.17205,-1.5880501,-0.76605004,1781189165265
2079693698,3,9.20505,-1.6030501,-0.78495,1781189165274
2079693708,3,9.253051,-1.5829501,-0.80700004,1781189165285
2079693718,3,9.262951,-1.6000501,-0.79995006,1781189165294
2079693729,3,9.258,-1.5949501,-0.77595,1781189165304
2079693739,3,9.24405,-1.5619501,-0.76395005,1781189165315
2079693749,3,9.217051,-1.54005,-0.74505,1781189165325
2079693759,3,9.174001,-1.5310501,-0.72105,1781189165336
2079693769,3,9.13095,-1.5280501,-0.702,1781189165346
2079693779,3,9.12405,-1.5259501,-0.69900006,1781189165357
2079693789,3,9.126,-1.5160501,-0.711,1781189165365
2079693799,3,9.13305,-1.5310501,-0.771,1781189165376
2079693809,3,9.141001,-1.5330001,-0.78495,1781189165387
2079693819,3,9.13605,-1.5499501,-0.80895007,1781189165397
2079693829,3,9.118951,-1.5310501,-0.79305005,1781189165406
2079693839,3,9.13305,-1.5330001,-0.78495,1781189165416
2079693849,3,9.15495,-1.5520501,-0.78300005,1781189165426
2079693860,3,9.17205,-1.57095,-0.77595,1781189165435
2079693870,3,9.184051,-1.5949501,-0.795,1781189165446
2079693880,3,9.220051,-1.58595,-0.81195,1781189165456
2079693890,3,9.232051,-1.59105,-0.82605004,1781189165467
2079693900,3,9.271951,-1.593,-0.81405,1781189165476
2079693910,3,9.315001,-1.60695,-0.82095003,1781189165488
2079693920,3,9.33195,-1.5949501,-0.81195,1781189165496
2079693930,3,9.34395,-1.593,-0.80895007,1781189165506
2079693940,3,9.339001,-1.6030501,-0.84795004,1781189165517
2079693950,3,9.33495,-1.57395,-0.84795004,1781189165527
2079693960,3,9.31305,-1.57095,-0.83295006,1781189165537
2079693970,3,9.259951,-1.5810001,-0.82905006,1781189165547
2079693980,3,9.232051,-1.5499501,-0.79995006,1781189165559
2079693991,3,9.226951,-1.5499501,-0.78495,1781189165568
2079694001,3,9.214951,-1.5589501,-0.78795004,1781189165577
2079694011,3,9.217051,-1.5619501,-0.78495,1781189165588
2079694021,3,9.20505,-1.5619501,-0.80700004,1781189165597
2079694031,3,9.198001,-1.5619501,-0.81900007,1781189165607
2079694041,3,9.184051,-1.5829501,-0.82905006,1781189165617
2079694051,3,9.18105,-1.5880501,-0.85995007,1781189165627
2079694061,3,9.18795,-1.6099501,-0.85695004,1781189165637
2079694071,3,9.17595,-1.5979501,-0.86205006,1781189165647
2079694081,3,9.150001,-1.61205,-0.83295006,1781189165657
2079694091,3,9.14295,-1.6000501,-0.82905006,1781189165667
2079694101,3,9.102,-1.6099501,-0.79695004,1781189165679
2079694111,3,9.117001,-1.6099501,-0.78300005,1781189165688
2079694121,3,9.093,-1.5880501,-0.76905006,1781189165699
2079694132,3,9.081,-1.6170001,-0.75405,1781189165709
2079694142,3,9.10005,-1.6170001,-0.73800004,1781189165718
2079694152,3,9.141001,-1.6309501,-0.75000006,1781189165728
2079694162,3,9.17895,-1.64295,-0.75705004,1781189165739
2079694172,3,9.222,-1.6500001,-0.76095,1781189165748
2079694182,3,9.267,-1.674,-0.78300005,1781189165759
2079694192,3,9.318001,-1.6620001,-0.80895007,1781189165768
2079694202,3,9.35805,-1.66005,-0.78495,1781189165779
2079694212,3,9.387,-1.6530001,-0.76095,1781189165788
2079694222,3,9.394051,-1.6530001,-0.77295005,1781189165800
2079694232,3,9.361051,-1.6459501,-0.77295005,1781189165810
2079694242,3,9.28905,-1.5949501,-0.771,1781189165819
2079694252,3,9.259951,-1.59105,-0.77595,1781189165830
2079694263,3,9.229051,-1.57395,-0.76905006,1781189165839
2079694273,3,9.186001,-1.57605,-0.74205005,1781189165850
2079694283,3,9.14505,-1.5829501,-0.76095,1781189165860
2079694293,3,9.1050005,-1.57605,-0.75000006,1781189165869
2079694303,3,9.085951,-1.58595,-0.76905006,1781189165880
2079694313,3,9.076051,-1.5829501,-0.78495,1781189165889
2079694323,3,9.094951,-1.6170001,-0.80895007,1781189165900
2079694333,3,9.121051,-1.62405,-0.80700004,1781189165910
2079694343,3,9.088051,-1.6309501,-0.77805007,1781189165919
2079694353,3,9.078,-1.62195,-0.76605004,1781189165930
2079694363,3,9.09,-1.6170001,-0.75900006,1781189165939
2079694373,3,9.076051,-1.6140001,-0.75900006,1781189165950
2079694383,3,9.097051,-1.6170001,-0.76095,1781189165960
2079694394,3,9.11205,-1.62195,-0.75405,1781189165971
2079694404,3,9.12405,-1.6170001,-0.76395005,1781189165981
2079694414,3,9.106951,-1.61205,-0.77295005,1781189165990
2079694424,3,9.1050005,-1.605,-0.76905006,1781189166000
2079694434,3,9.097051,-1.59105,-0.78495,1781189166011
2079694444,3,9.118951,-1.6030501,-0.78795004,1781189166021
2079694454,3,9.150001,-1.6170001,-0.771,1781189166030
2079694464,3,9.186001,-1.6360501,-0.78495,1781189166041
2079694474,3,9.226951,-1.6459501,-0.771,1781189166051
2079694484,3,9.291,-1.65495,-0.78795004,1781189166061
2079694494,3,9.366,-1.6530001,-0.79005,1781189166071
2079694504,3,9.403951,-1.66005,-0.76905006,1781189166080
2079694514,3,9.387,-1.6339501,-0.74205005,1781189166092
2079694524,3,9.354,-1.626,-0.73995006,1781189166100
2079694535,3,9.31305,-1.59105,-0.71400005,1781189166111
2079694545,3,9.265051,-1.5979501,-0.75000006,1781189166122
2079694555,3,9.241051,-1.57095,-0.74505,1781189166132
2079694565,3,9.232051,-1.5810001,-0.75000006,1781189166142
2079694575,3,9.17595,-1.5810001,-0.74205005,1781189166152
2079694585,3,9.085951,-1.5810001,-0.74700004,1781189166162
2079694595,3,9.01605,-1.5790501,-0.72795004,1781189166172
2079694605,3,9.018001,-1.57095,-0.76605004,1781189166182
2079694615,3,9.01605,-1.6189501,-0.77805007,1781189166193
2079694625,3,9.052051,-1.6459501,-0.76395005,1781189166201
2079694635,3,9.076051,-1.65795,-0.76905006,1781189166212
2079694645,3,9.162001,-1.677,-0.78105,1781189166224
2079694655,3,9.241051,-1.713,-0.77595,1781189166231
2079694666,3,9.253051,-1.71,-0.79005,1781189166241
2079694676,3,9.267,-1.6819501,-0.74505,1781189166251
2079694686,3,9.30105,-1.6720501,-0.73800004,1781189166263
2079694696,3,9.29895,-1.6840501,-0.711,1781189166272
2079694706,3,9.294001,-1.6789501,-0.71805006,1781189166283
2079694716,3,9.262951,-1.65795,-0.70605004,1781189166292
2079694726,3,9.19995,-1.64295,-0.71595,1781189166303
2079694736,3,9.13305,-1.6309501,-0.73005,1781189166313
2079694746,3,9.097051,-1.62405,-0.72795004,1781189166322
2079694756,3,9.078,-1.61205,-0.73800004,1781189166334
2079694766,3,9.076051,-1.58595,-0.75705004,1781189166342
2079694776,3,9.097051,-1.58595,-0.74205005,1781189166354
2079694786,3,9.16005,-1.59105,-0.73005,1781189166364
2079694797,3,9.208051,-1.5880501,-0.735,1781189166374
2079694807,3,9.258,-1.6030501,-0.73305005,1781189166383
2079694817,3,9.250951,-1.58595,-0.711,1781189166394
2079694827,3,9.271951,-1.5810001,-0.68700004,1781189166404
2079694837,3,9.253051,-1.557,-0.64905006,1781189166413
2079694847,3,9.23595,-1.5589501,-0.64695,1781189166424
2079694857,3,9.214951,-1.5619501,-0.64395005,1781189166434
2079694867,3,9.18795,-1.57095,-0.66795003,1781189166444
2079694877,3,9.16695,-1.5499501,-0.68205005,1781189166453
2079694887,3,9.13095,-1.5640501,-0.69705003,1781189166465
2079694897,3,9.093,-1.54005,-0.69900006,1781189166475
2079694907,3,9.069,-1.5450001,-0.75405,1781189166484
2079694917,3,9.064051,-1.5619501,-0.76395005,1781189166495
2079694928,3,9.081,-1.5810001,-0.80505,1781189166503
2079694938,3,9.13605,-1.605,-0.81195,1781189166515
2079694948,3,9.16695,-1.626,-0.86895007,1781189166526
2079694958,3,9.2029505,-1.626,-0.86895007,1781189166536
2079694968,3,9.226951,-1.65795,-0.87600005,1781189166545
2079694978,3,9.258,-1.6459501,-0.89805007,1781189166555
2079694988,3,9.267,-1.6360501,-0.90795004,1781189166565
2079694998,3,9.291,-1.61205,-0.90495,1781189166575
2079695008,3,9.294001,-1.61205,-0.87900007,1781189166584
2079695018,3,9.247951,-1.5949501,-0.86205006,1781189166594
2079695028,3,9.18105,-1.5690001,-0.81705004,1781189166605
2079695038,3,9.1380005,-1.53795,-0.77595,1781189166615
2079695048,3,9.13605,-1.53795,-0.76605004,1781189166626
2079695058,3,9.13095,-1.5589501,-0.771,1781189166636
2079695069,3,9.17895,-1.5520501,-0.77295005,1781189166646
2079695079,3,9.20505,-1.57395,-0.79005,1781189166655
2079695089,3,9.259951,-1.5690001,-0.80700004,1781189166666
2079695099,3,9.306001,-1.5670501,-0.81900007,1781189166676
2079695109,3,9.32505,-1.5670501,-0.84495,1781189166687
2079695119,3,9.35805,-1.5810001,-0.87405,1781189166695
2079695129,3,9.394051,-1.61205,-0.90495,1781189166707
2079695139,3,9.391951,-1.61205,-0.92205006,1781189166715
2079695149,3,9.33495,-1.6189501,-0.915,1781189166727
2079695159,3,9.267,-1.605,-0.91005003,1781189166736
2079695169,3,9.21,-1.6000501,-0.90300006,1781189166746
2079695179,3,9.14505,-1.5949501,-0.90495,1781189166755
2079695189,3,9.097051,-1.6030501,-0.8880001,1781189166768
2079695200,3,9.0709505,-1.6189501,-0.91200006,1781189166776
2079695210,3,9.045,-1.6290001,-0.89805007,1781189166788
2079695220,3,9.02295,-1.641,-0.85995007,1781189166798
2079695230,3,9.0400505,-1.6290001,-0.81900007,1781189166808
2079695240,3,9.081,-1.6339501,-0.79995006,1781189166818
2079695250,3,9.106951,-1.6500001,-0.77295005,1781189166826
2079695260,3,9.141001,-1.6500001,-0.75000006,1781189166838
2079695270,3,9.17205,-1.6380001,-0.735,1781189166846
2079695280,3,9.2029505,-1.6530001,-0.72795004,1781189166856
2079695290,3,9.229051,-1.6380001,-0.73305005,1781189166867
2079695300,3,9.232051,-1.59105,-0.73305005,1781189166876
2079695310,3,9.246,-1.5979501,-0.70605004,1781189166886
2079695320,3,9.258,-1.5810001,-0.702,1781189166898
2079695331,3,9.259951,-1.5690001,-0.69900006,1781189166907
2079695341,3,9.23595,-1.55505,-0.675,1781189166916
2079695351,3,9.214951,-1.5520501,-0.67305005,1781189166927
2079695361,3,9.184051,-1.5499501,-0.65595,1781189166937
2079695371,3,9.16695,-1.5469501,-0.65595,1781189166947
2079695381,3,9.17895,-1.5640501,-0.65400004,1781189166957
2079695391,3,9.17595,-1.57095,-0.642,1781189166967
2079695401,3,9.2029505,-1.5790501,-0.642,1781189166977
2079695411,3,9.22395,-1.5880501,-0.65595,1781189166987
2079695421,3,9.232051,-1.5979501,-0.68700004,1781189166998
2079695431,3,9.241051,-1.62405,-0.70605004,1781189167008
2079695441,3,9.22395,-1.62405,-0.69195,1781189167017
2079695451,3,9.208051,-1.6170001,-0.71595,1781189167028
2079695462,3,9.16905,-1.60695,-0.72300005,1781189167038
2079695472,3,9.129001,-1.593,-0.74505,1781189167047
2079695482,3,9.094951,-1.57095,-0.75705004,1781189167059
2079695492,3,9.069,-1.557,-0.76605004,1781189167068
2079695502,3,9.081,-1.5589501,-0.76905006,1781189167078
2079695512,3,9.085951,-1.57605,-0.77295005,1781189167089
2079695522,3,9.118951,-1.5690001,-0.77805007,1781189167098
2079695532,3,9.153001,-1.5520501,-0.76095,1781189167108
2079695542,3,9.13605,-1.5469501,-0.75900006,1781189167118
2079695552,3,9.14505,-1.54005,-0.75000006,1781189167129
2079695562,3,9.1380005,-1.5469501,-0.735,1781189167139
2079695572,3,9.162001,-1.5520501,-0.74505,1781189167148
2079695582,3,9.18795,-1.57605,-0.75195,1781189167160
2079695592,3,9.208051,-1.5790501,-0.76395005,1781189167169
2079695603,3,9.25605,-1.593,-0.74700004,1781189167181
2079695613,3,9.262951,-1.59105,-0.74700004,1781189167189
2079695623,3,9.283951,-1.5880501,-0.77805007,1781189167201
2079695633,3,9.27,-1.5810001,-0.79995006,1781189167209
2079695643,3,9.250951,-1.5640501,-0.80505,1781189167219
2079695653,3,9.253051,-1.5520501,-0.80505,1781189167229
2079695663,3,9.250951,-1.5640501,-0.81900007,1781189167238
2079695673,3,9.226951,-1.5469501,-0.81900007,1781189167249
2079695683,3,9.21195,-1.53795,-0.80895007,1781189167261
2079695693,3,9.214951,-1.5280501,-0.83295006,1781189167271
2079695703,3,9.222,-1.54305,-0.86895007,1781189167279
2079695713,3,9.21,-1.5450001,-0.87405,1781189167290
2079695723,3,9.174001,-1.5280501,-0.83805007,1781189167300
2079695734,3,9.18105,-1.5469501,-0.84495,1781189167311
2079695744,3,9.19995,-1.557,-0.83100003,1781189167321
2079695754,3,9.19095,-1.5670501,-0.82395005,1781189167331
2079695764,3,9.17895,-1.557,-0.82395005,1781189167341
2079695774,3,9.17205,-1.5520501,-0.80895007,1781189167351
2079695784,3,9.186001,-1.55505,-0.79695004,1781189167361
2079695794,3,9.208051,-1.5880501,-0.79005,1781189167370
2079695804,3,9.21195,-1.5790501,-0.79305005,1781189167380
2079695814,3,9.19305,-1.5810001,-0.79305005,1781189167390
2079695824,3,9.17205,-1.5589501,-0.78495,1781189167401
2079695834,3,9.20505,-1.60695,-0.81405,1781189167412
2079695844,3,9.19305,-1.6000501,-0.84300005,1781189167420
2079695854,3,9.186001,-1.5880501,-0.81405,1781189167432
2079695865,3,9.16905,-1.6000501,-0.79995006,1781189167442
2079695875,3,9.19305,-1.5949501,-0.81195,1781189167451
2079695885,3,9.234,-1.6030501,-0.80505,1781189167462
2079695895,3,9.27495,-1.6000501,-0.80895007,1781189167472
2079695905,3,9.306001,-1.6140001,-0.81405,1781189167482
2079695915,3,9.32295,-1.62195,-0.81705004,1781189167492
2079695925,3,9.318001,-1.6170001,-0.83100003,1781189167502
2079695935,3,9.31305,-1.626,-0.83100003,1781189167512
2079695945,3,9.318001,-1.5790501,-0.855,1781189167522
2079695955,3,9.291,-1.605,-0.83100003,1781189167532
2079695965,3,9.234,-1.58595,-0.81405,1781189167542
2079695975,3,9.19305,-1.5810001,-0.78105,1781189167552
2079695985,3,9.17895,-1.5619501,-0.76605004,1781189167562
2079695996,3,9.1380005,-1.5790501,-0.75405,1781189167573
2079696006,3,9.1380005,-1.5810001,-0.735,1781189167583
2079696016,3,9.11205,-1.5810001,-0.73995006,1781189167593
2079696026,3,9.094951,-1.58595,-0.771,1781189167602
2079696036,3,9.10005,-1.5979501,-0.79305005,1781189167612
2079696046,3,9.093,-1.6030501,-0.79305005,1781189167623
2079696056,3,9.1050005,-1.59105,-0.78300005,1781189167633
2079696066,3,9.114,-1.57605,-0.75705004,1781189167643
2079696076,3,9.13095,-1.5979501,-0.75000006,1781189167654
2079696086,3,9.14805,-1.5880501,-0.726,1781189167663
2079696096,3,9.15705,-1.6000501,-0.735,1781189167674
2079696106,3,9.184051,-1.6170001,-0.74505,1781189167682
2079696116,3,9.226951,-1.6360501,-0.75195,1781189167694
2079696126,3,9.253051,-1.62405,-0.73305005,1781189167704
2079696137,3,9.265051,-1.6339501,-0.74205005,1781189167714
2079696147,3,9.265051,-1.62405,-0.73005,1781189167724
2079696157,3,9.265051,-1.62405,-0.73800004,1781189167733
2079696167,3,9.250951,-1.62405,-0.73005,1781189167744
2079696177,3,9.258,-1.6140001,-0.73995006,1781189167755
2079696187,3,9.267,-1.593,-0.71595,1781189167765
2079696197,3,9.294001,-1.61205,-0.711,1781189167774
2079696207,3,9.327001,-1.6189501,-0.726,1781189167784
2079696217,3,9.327001,-1.593,-0.72795004,1781189167794
2079696227,3,9.283951,-1.5790501,-0.73995006,1781189167804
2079696237,3,9.238951,-1.557,-0.75705004,1781189167815
2079696247,3,9.21,-1.5450001,-0.78795004,1781189167823
2079696257,3,9.186001,-1.54305,-0.795,1781189167835
2079696268,3,9.13605,-1.5469501,-0.77805007,1781189167843
2079696278,3,9.081,-1.521,-0.78300005,1781189167855
2079696288,3,9.02295,-1.53495,-0.76395005,1781189167865
2079696298,3,8.98995,-1.53495,-0.77295005,1781189167874
2079696308,3,8.98305,-1.54305,-0.77295005,1781189167885
2079696318,3,8.99205,-1.5450001,-0.75195,1781189167895
2079696328,3,8.98005,-1.5499501,-0.735,1781189167904
2079696338,3,9.021001,-1.5640501,-0.73305005,1781189167915
2079696348,3,9.081,-1.61205,-0.73305005,1781189167926
2079696358,3,9.141001,-1.6099501,-0.74505,1781189167935
2079696368,3,9.165,-1.6099501,-0.75900006,1781189167945
2079696378,3,9.226951,-1.6170001,-0.771,1781189167955
2079696388,3,9.27,-1.605,-0.75405,1781189167966
2079696399,3,9.31305,-1.61205,-0.771,1781189167976
2079696409,3,9.330001,-1.5810001,-0.74205005,1781189167985
2079696419,3,9.32295,-1.5880501,-0.75405,1781189167996
2079696429,3,9.28695,-1.5499501,-0.74700004,1781189168007
2079696439,3,9.282001,-1.5520501,-0.71805006,1781189168016
2079696449,3,9.294001,-1.5190501,-0.735,1781189168027
2079696459,3,9.294001,-1.53495,-0.726,1781189168037
2079696469,3,9.282001,-1.54005,-0.71595,1781189168047
2079696479,3,9.27,-1.5280501,-0.735,1781189168057
2079696489,3,9.262951,-1.5310501,-0.73995006,1781189168065
2079696499,3,9.259951,-1.5330001,-0.74205005,1781189168076
2079696509,3,9.265051,-1.5640501,-0.75900006,1781189168087
2079696519,3,9.262951,-1.5589501,-0.75705004,1781189168097
2079696530,3,9.25605,-1.5619501,-0.76395005,1781189168106
2079696540,3,9.21195,-1.5589501,-0.77595,1781189168117
2079696550,3,9.2029505,-1.55505,-0.80505,1781189168126
2079696560,3,9.222,-1.5670501,-0.83100003,1781189168136
2079696570,3,9.24405,-1.57395,-0.80700004,1781189168148
2079696580,3,9.19305,-1.5829501,-0.78300005,1781189168156
2079696590,3,9.13605,-1.5589501,-0.75900006,1781189168166
2079696600,3,9.076051,-1.53495,-0.74205005,1781189168176
2079696610,3,9.0400505,-1.5090001,-0.76605004,1781189168187
2079696620,3,9.03495,-1.5450001,-0.73800004,1781189168196
2079696630,3,9.045,-1.57095,-0.76395005,1781189168207
2079696640,3,9.073951,-1.593,-0.75195,1781189168217
2079696650,3,9.094951,-1.605,-0.79005,1781189168226
2079696660,3,9.15495,-1.6339501,-0.82605004,1781189168238
2079696671,3,9.198001,-1.626,-0.855,1781189168249
2079696681,3,9.253051,-1.6360501,-0.85200006,1781189168258
2079696691,3,9.294001,-1.65495,-0.85005003,1781189168267
2079696701,3,9.366,-1.6459501,-0.82605004,1781189168277
2079696711,3,9.385051,-1.641,-0.80505,1781189168287
2079696721,3,9.411,-1.626,-0.79995006,1781189168297
2079696731,3,9.399,-1.60695,-0.78795004,1781189168307
2079696741,3,9.3820505,-1.6000501,-0.75195,1781189168319
2079696751,3,9.339001,-1.5810001,-0.75405,1781189168327
2079696761,3,9.30105,-1.5790501,-0.726,1781189168339
2079696771,3,9.232051,-1.5589501,-0.74700004,1781189168348
2079696781,3,9.17595,-1.57395,-0.75900006,1781189168358
2079696791,3,9.15495,-1.557,-0.78495,1781189168367
2079696802,3,9.13095,-1.57395,-0.80205005,1781189168378
2079696812,3,9.13305,-1.5790501,-0.84000003,1781189168387
2079696822,3,9.117001,-1.5690001,-0.83805007,1781189168399
2079696832,3,9.13305,-1.54005,-0.85200006,1781189168409
2079696842,3,9.114,-1.5330001,-0.864,1781189168419
2079696852,3,9.13605,-1.54005,-0.83100003,1781189168429
2079696862,3,9.162001,-1.54005,-0.80895007,1781189168438
2079696872,3,9.16905,-1.53495,-0.78105,1781189168449
2079696882,3,9.18795,-1.55505,-0.75900006,1781189168459
2079696892,3,9.17595,-1.5499501,-0.74505,1781189168469
2079696902,3,9.14805,-1.55505,-0.77595,1781189168479
2079696912,3,9.1380005,-1.5640501,-0.75900006,1781189168490
2079696922,3,9.097051,-1.5829501,-0.75000006,1781189168500
2079696933,3,9.088051,-1.58595,-0.71595,1781189168510
2079696943,3,9.066,-1.5810001,-0.73005,1781189168521
2079696953,3,9.057,-1.59105,-0.70605004,1781189168529
2079696963,3,9.061951,-1.605,-0.70905006,1781189168540
2079696973,3,9.117001,-1.593,-0.711,1781189168550
2079696983,3,9.17895,-1.6099501,-0.74505,1781189168560
2079696993,3,9.241051,-1.6099501,-0.78105,1781189168570
2079697003,3,9.306001,-1.593,-0.76395005,1781189168579
2079697013,3,9.330001,-1.5790501,-0.74205005,1781189168590
2079697023,3,9.34395,-1.5640501,-0.74205005,1781189168599
2079697033,3,9.366,-1.57395,-0.73995006,1781189168611
2079697043,3,9.34605,-1.5690001,-0.72300005,1781189168619
2079697053,3,9.327001,-1.557,-0.73305005,1781189168630
2079697063,3,9.30105,-1.5520501,-0.73305005,1781189168641
2079697074,3,9.232051,-1.53795,-0.73800004,1781189168651
2079697084,3,9.17205,-1.5520501,-0.73305005,1781189168661
2079697094,3,9.11205,-1.5280501,-0.74700004,1781189168671
2079697104,3,9.05895,-1.521,-0.75000006,1781189168680
2079697114,3,9.0709505,-1.5330001,-0.77805007,1781189168690
2079697124,3,9.10005,-1.5520501,-0.78495,1781189168701
2079697134,3,9.094951,-1.53795,-0.77295005,1781189168710
2079697144,3,9.12405,-1.5469501,-0.75405,1781189168721
2079697154,3,9.141001,-1.5139501,-0.73995006,1781189168730
2079697164,3,9.165,-1.5120001,-0.70395005,1781189168743
2079697174,3,9.184051,-1.5330001,-0.71805006,1781189168750
2079697184,3,9.18795,-1.54005,-0.711,1781189168760
2079697194,3,9.186001,-1.5670501,-0.70395005,1781189168771
2079697205,3,9.19305,-1.5829501,-0.71805006,1781189168782
2079697215,3,9.19995,-1.60695,-0.75000006,1781189168791
2079697225,3,9.208051,-1.6380001,-0.75000006,1781189168801
2079697235,3,9.184051,-1.6500001,-0.75000006,1781189168812
2079697245,3,9.186001,-1.6459501,-0.735,1781189168821
2079697255,3,9.18795,-1.64295,-0.75705004,1781189168832
2079697265,3,9.18105,-1.6380001,-0.76395005,1781189168841
2079697275,3,9.232051,-1.641,-0.78495,1781189168851
2079697285,3,9.282001,-1.64295,-0.78795004,1781189168863
2079697295,3,9.32295,-1.6480501,-0.77295005,1781189168872
2079697305,3,9.3490505,-1.6290001,-0.75705004,1781189168882
2079697315,3,9.387,-1.6380001,-0.77295005,1781189168891
2079697325,3,9.391951,-1.60695,-0.77295005,1781189168903
2079697336,3,9.378,-1.60695,-0.78105,1781189168911
2079697346,3,9.351001,-1.6189501,-0.79005,1781189168923
2079697356,3,9.265051,-1.57395,-0.76395005,1781189168931
2079697366,3,9.186001,-1.5589501,-0.76395005,1781189168943
2079697376,3,9.109051,-1.5499501,-0.771,1781189168953
2079697386,3,9.082951,-1.557,-0.735,1781189168963
2079697396,3,9.093,-1.5829501,-0.73305005,1781189168972
2079697406,3,9.082951,-1.57395,-0.72105,1781189168982
2079697416,3,9.066,-1.5690001,-0.711,1781189168993
2079697426,3,9.054001,-1.58595,-0.69900006,1781189169004
2079697436,3,9.042001,-1.5829501,-0.72300005,1781189169012
2079697446,3,9.085951,-1.593,-0.72105,1781189169022
2079697456,3,9.13095,-1.62195,-0.73005,1781189169034
2079697467,3,9.17205,-1.6459501,-0.73995006,1781189169042
2079697477,3,9.222,-1.6669501,-0.73800004,1781189169052
2079697487,3,9.238951,-1.677,-0.74700004,1781189169063
2079697497,3,9.271951,-1.677,-0.77595,1781189169072
2079697507,3,9.265051,-1.6890001,-0.77805007,1781189169083
2079697517,3,9.250951,-1.6720501,-0.77595,1781189169094
2079697527,3,9.22395,-1.6620001,-0.78300005,1781189169103
2079697537,3,9.165,-1.641,-0.78300005,1781189169113
2079697547,3,9.15495,-1.6480501,-0.795,1781189169123
2079697557,3,9.13605,-1.6500001,-0.79995006,1781189169135
2079697567,3,9.16905,-1.65795,-0.79305005,1781189169143
2079697577,3,9.196051,-1.6459501,-0.80205005,1781189169154
2079697587,3,9.258,-1.66005,-0.81405,1781189169165
2079697597,3,9.291,-1.6189501,-0.78795004,1781189169174
2079697608,3,9.29895,-1.6030501,-0.77805007,1781189169185
2079697618,3,9.28695,-1.58595,-0.76095,1781189169194
2079697628,3,9.259951,-1.5810001,-0.73800004,1781189169204
2079697638,3,9.22395,-1.557,-0.726,1781189169215
2079697648,3,9.198001,-1.54305,-0.74505,1781189169224
2079697658,3,9.18795,-1.5499501,-0.73995006,1781189169235
2079697668,3,9.21,-1.5690001,-0.72105,1781189169245
2079697678,3,9.198001,-1.5949501,-0.73995006,1781189169254
2079697688,3,9.15705,-1.61205,-0.75000006,1781189169264
2079697698,3,9.061951,-1.6000501,-0.75705004,1781189169275
2079697708,3,9.01095,-1.59105,-0.79005,1781189169286
2079697718,3,8.937,-1.5790501,-0.82605004,1781189169294
2079697728,3,8.916,-1.5829501,-0.79695004,1781189169304
2079697739,3,8.941951,-1.5979501,-0.771,1781189169314
2079697749,3,8.99205,-1.6189501,-0.735,1781189169326
2079697759,3,9.093,-1.65795,-0.70605004,1781189169335
2079697769,3,9.19095,-1.6819501,-0.726,1781189169347
2079697779,3,9.267,-1.674,-0.74700004,1781189169356
2079697789,3,9.30795,-1.6720501,-0.73305005,1781189169365
2079697799,3,9.361051,-1.64295,-0.74205005,1781189169375
2079697809,3,9.40905,-1.641,-0.75705004,1781189169385
2079697819,3,9.403951,-1.60695,-0.73800004,1781189169395
2079697829,3,9.402,-1.5880501,-0.69000006,1781189169405
2079697839,3,9.361051,-1.5520501,-0.651,1781189169415
2079697849,3,9.31305,-1.5190501,-0.606,1781189169425
2079697859,3,9.258,-1.50405,-0.58395004,1781189169435
2079697870,3,9.186001,-1.4830501,-0.55995005,1781189169445
2079697880,3,9.1380005,-1.4899501,-0.58905005,1781189169457
2079697890,3,9.109051,-1.4950501,-0.61095005,1781189169467
2079697900,3,9.097051,-1.50405,-0.67305005,1781189169478
2079697910,3,9.13605,-1.53795,-0.72105,1781189169487
2079697920,3,9.14805,-1.54305,-0.77295005,1781189169498
2079697930,3,9.14295,-1.5589501,-0.80205005,1781189169506
2079697940,3,9.15705,-1.5640501,-0.80700004,1781189169518
2079697950,3,9.184051,-1.57095,-0.80505,1781189169529
2079697960,3,9.19305,-1.5619501,-0.80700004,1781189169536
2079697970,3,9.21195,-1.5949501,-0.79305005,1781189169548
2079697980,3,9.229051,-1.5829501,-0.76395005,1781189169558
2079697990,3,9.220051,-1.5880501,-0.74505,1781189169568
2079698001,3,9.196051,-1.5979501,-0.74205005,1781189169576
2079698011,3,9.184051,-1.593,-0.71805006,1781189169587
2079698021,3,9.17895,-1.6099501,-0.71595,1781189169596
2079698031,3,9.217051,-1.6500001,-0.726,1781189169607
2079698041,3,9.234,-1.6699501,-0.76905006,1781189169618
2079698051,3,9.262951,-1.6789501,-0.80700004,1781189169627
2079698061,3,9.291,-1.65495,-0.82095003,1781189169639
2079698071,3,9.31995,-1.6480501,-0.86205006,1781189169647
2079698081,3,9.351001,-1.6500001,-0.84795004,1781189169657
2079698091,3,9.379951,-1.6620001,-0.855,1781189169668
2079698101,3,9.35805,-1.6500001,-0.855,1781189169677
2079698111,3,9.361051,-1.62405,-0.82605004,1781189169688
2079698121,3,9.31095,-1.6030501,-0.80700004,1781189169699
2079698131,3,9.265051,-1.5810001,-0.77805007,1781189169709
2079698142,3,9.208051,-1.5619501,-0.73305005,1781189169719
2079698152,3,9.15705,-1.5670501,-0.73995006,1781189169729
2079698162,3,9.1380005,-1.5640501,-0.70605004,1781189169738
2079698172,3,9.13095,-1.5949501,-0.74205005,1781189169747
2079698182,3,9.114,-1.62405,-0.75900006,1781189169758
2079698192,3,9.085951,-1.5949501,-0.77595,1781189169767
2079698202,3,9.0379505,-1.5810001,-0.75195,1781189169778
2079698212,3,8.99505,-1.5829501,-0.76605004,1781189169788
2079698222,3,8.944051,-1.5619501,-0.75405,1781189169798
2079698232,3,8.941951,-1.57395,-0.75900006,1781189169809
2079698242,3,8.937,-1.557,-0.76095,1781189169819
2079698252,3,8.98995,-1.5810001,-0.76605004,1781189169830
2079698262,3,9.021001,-1.557,-0.771,1781189169840
2079698273,3,9.05895,-1.57095,-0.77595,1781189169850
2079698283,3,9.093,-1.5829501,-0.77295005,1781189169858
2079698293,3,9.109051,-1.5880501,-0.74505,1781189169869
2079698303,3,9.126,-1.5810001,-0.74505,1781189169879
2079698313,3,9.14295,-1.5880501,-0.75900006,1781189169890
2079698323,3,9.153001,-1.5880501,-0.75195,1781189169900
2079698333,3,9.15495,-1.60695,-0.74700004,1781189169910
2079698343,3,9.14805,-1.6099501,-0.73800004,1781189169919
2079698353,3,9.150001,-1.62195,-0.735,1781189169929
2079698363,3,9.19995,-1.626,-0.735,1781189169940
2079698373,3,9.234,-1.62195,-0.75405,1781189169950
2079698383,3,9.279,-1.6290001,-0.74700004,1781189169961
2079698393,3,9.327001,-1.6459501,-0.72795004,1781189169971
2079698404,3,9.351001,-1.6459501,-0.70395005,1781189169979
2079698414,3,9.3820505,-1.626,-0.70605004,1781189169989
2079698424,3,9.399,-1.62195,-0.70395005,1781189170000
2079698434,3,9.387,-1.6339501,-0.702,1781189170011
2079698444,3,9.366,-1.6459501,-0.72105,1781189170021
2079698454,3,9.306001,-1.6339501,-0.71805006,1781189170030
2079698464,3,9.229051,-1.626,-0.74205005,1781189170041
2079698474,3,9.18105,-1.5949501,-0.75900006,1781189170051
2079698484,3,9.11205,-1.605,-0.76905006,1781189170060
2079698494,3,9.042001,-1.593,-0.76395005,1781189170071
2079698504,3,9.02295,-1.5790501,-0.77805007,1781189170080
2079698514,3,9.0070505,-1.5880501,-0.77595,1781189170091
2079698524,3,9.01395,-1.60695,-0.79005,1781189170100
2079698535,3,9.054001,-1.6290001,-0.78795004,1781189170111
2079698545,3,9.0709505,-1.6480501,-0.77805007,1781189170120
2079698555,3,9.12405,-1.6459501,-0.79005,1781189170132
2079698565,3,9.174001,-1.6480501,-0.795,1781189170142
2079698575,3,9.2029505,-1.6720501,-0.771,1781189170152
2079698585,3,9.19995,-1.65795,-0.76605004,1781189170162
2079698595,3,9.23595,-1.6530001,-0.75900006,1781189170171
2079698605,3,9.262951,-1.6530001,-0.74700004,1781189170182
2079698615,3,9.250951,-1.677,-0.73005,1781189170191
2079698625,3,9.25605,-1.6480501,-0.73005,1781189170201
2079698635,3,9.246,-1.6339501,-0.69705003,1781189170212
2079698645,3,9.23595,-1.6339501,-0.65400004,1781189170224
2079698655,3,9.250951,-1.6360501,-0.63900006,1781189170231
2079698665,3,9.214951,-1.6309501,-0.642,1781189170243
2079698676,3,9.229051,-1.62405,-0.63000005,1781189170252
2079698686,3,9.27495,-1.6500001,-0.67800003,1781189170263
2079698696,3,9.31095,-1.641,-0.73005,1781189170274
2079698706,3,9.30105,-1.641,-0.74700004,1781189170283
2079698716,3,9.30105,-1.6140001,-0.735,1781189170295
2079698726,3,9.28695,-1.62195,-0.73800004,1781189170302
2079698736,3,9.28905,-1.626,-0.73995006,1781189170313
2079698746,3,9.27,-1.626,-0.75900006,1781189170322
2079698756,3,9.2029505,-1.6189501,-0.75000006,1781189170332
2079698766,3,9.17595,-1.6339501,-0.73800004,1781189170344
2079698776,3,9.16005,-1.6380001,-0.75000006,1781189170353
2079698786,3,9.118951,-1.674,-0.76605004,1781189170363
2079698796,3,9.066,-1.6459501,-0.73995006,1781189170374
2079698807,3,9.0070505,-1.6339501,-0.69405,1781189170384
2079698817,3,8.99205,-1.626,-0.735,1781189170392
2079698827,3,9.0070505,-1.626,-0.73305005,1781189170404
2079698837,3,9.02805,-1.62195,-0.75900006,1781189170414
2079698847,3,9.061951,-1.6309501,-0.73800004,1781189170424
2079698857,3,9.129001,-1.626,-0.73995006,1781189170434
2079698867,3,9.214951,-1.6339501,-0.76395005,1781189170443
2079698877,3,9.27495,-1.64295,-0.78795004,1781189170453
2079698887,3,9.30795,-1.62195,-0.79695004,1781189170464
2079698897,3,9.30105,-1.59105,-0.80505,1781189170473
2079698907,3,9.30105,-1.5979501,-0.74505,1781189170484
2079698917,3,9.330001,-1.5979501,-0.74205005,1781189170495
2079698927,3,9.33495,-1.6140001,-0.735,1781189170503
2079698938,3,9.342,-1.6170001,-0.74700004,1781189170515
2079698948,3,9.28695,-1.605,-0.75900006,1781189170524
2079698958,3,9.229051,-1.58595,-0.75705004,1781189170534
2079698968,3,9.2029505,-1.6000501,-0.75705004,1781189170546
2079698978,3,9.15705,-1.6099501,-0.75000006,1781189170555
2079698988,3,9.13095,-1.593,-0.75705004,1781189170565
2079698998,3,9.109051,-1.6030501,-0.771,1781189170575
2079699008,3,9.114,-1.6170001,-0.80895007,1781189170584
2079699018,3,9.129001,-1.6099501,-0.84795004,1781189170595
2079699028,3,9.14805,-1.60695,-0.86700004,1781189170604
2079699038,3,9.165,-1.5979501,-0.85695004,1781189170616
2079699048,3,9.16905,-1.61205,-0.85695004,1781189170624
2079699058,3,9.184051,-1.6360501,-0.86205006,1781189170636
2079699069,3,9.18105,-1.64295,-0.864,1781189170646
2079699079,3,9.16905,-1.6380001,-0.84795004,1781189170656
2079699089,3,9.13305,-1.641,-0.82395005,1781189170666
2079699099,3,9.088051,-1.65495,-0.79995006,1781189170676
2079699109,3,9.0709505,-1.6500001,-0.75195,1781189170687
2079699119,3,9.04695,-1.6620001,-0.74700004,1781189170696
2079699129,3,9.054001,-1.6699501,-0.76605004,1781189170707
2079699139,3,9.088051,-1.6669501,-0.771,1781189170716
2079699149,3,9.153001,-1.6650001,-0.79995006,1781189170727
2079699159,3,9.222,-1.6530001,-0.79995006,1781189170736
2079699169,3,9.25605,-1.6290001,-0.79005,1781189170746
2079699179,3,9.271951,-1.6030501,-0.79695004,1781189170755
2079699189,3,9.315001,-1.5979501,-0.75705004,1781189170767
2079699199,3,9.330001,-1.5829501,-0.75705004,1781189170775
2079699210,3,9.354,-1.5810001,-0.726,1781189170785
2079699220,3,9.3820505,-1.5520501,-0.702,1781189170798
2079699230,3,9.3820505,-1.5499501,-0.69705003,1781189170808
2079699240,3,9.342,-1.557,-0.67305005,1781189170816
2079699250,3,9.265051,-1.53795,-0.65595,1781189170826
2079699260,3,9.198001,-1.54305,-0.66105,1781189170838
2079699270,3,9.1380005,-1.5670501,-0.66300005,1781189170848
2079699280,3,9.097051,-1.5670501,-0.68505,1781189170858
2079699290,3,9.069,-1.57605,-0.71805006,1781189170866
2079699300,3,9.045,-1.5949501,-0.76095,1781189170876
2079699310,3,9.033,-1.5829501,-0.79305005,1781189170888
2079699320,3,9.069,-1.593,-0.84000003,1781189170898
2079699330,3,9.081,-1.5949501,-0.86700004,1781189170906
2079699341,3,9.118951,-1.5790501,-0.85200006,1781189170916
2079699351,3,9.1380005,-1.58595,-0.82095003,1781189170927
2079699361,3,9.19305,-1.59105,-0.79005,1781189170938
2079699371,3,9.21,-1.593,-0.78495,1781189170947
2079699381,3,9.234,-1.6030501,-0.75705004,1781189170956
2079699391,3,9.222,-1.60695,-0.73995006,1781189170967
2079699401,3,9.21,-1.6290001,-0.73005,1781189170977
2079699411,3,9.220051,-1.626,-0.726,1781189170987
2079699421,3,9.2029505,-1.6380001,-0.74205005,1781189170997
2079699431,3,9.208051,-1.6459501,-0.73995006,1781189171009
2079699441,3,9.19305,-1.6360501,-0.74205005,1781189171018
2079699451,3,9.220051,-1.64295,-0.72795004,1781189171029
2079699461,3,9.246,-1.6339501,-0.72795004,1781189171037
2079699472,3,9.283951,-1.61205,-0.73800004,1781189171047
2079699482,3,9.330001,-1.626,-0.73800004,1781189171059
2079699492,3,9.363001,-1.5979501,-0.72105,1781189171068
2079699502,3,9.424951,-1.605,-0.73995006,1781189171078
2079699512,3,9.4140005,-1.5979501,-0.73995006,1781189171088
2079699522,3,9.427951,-1.57605,-0.75705004,1781189171099
2079699532,3,9.411,-1.57095,-0.74205005,1781189171109
2079699542,3,9.363001,-1.5829501,-0.75195,1781189171119
2079699552,3,9.30795,-1.5829501,-0.78105,1781189171129
2079699562,3,9.222,-1.6030501,-0.771,1781189171138
2079699572,3,9.153001,-1.6000501,-0.78105,1781189171150
2079699582,3,9.064051,-1.605,-0.79305005,1781189171160
2079699592,3,8.99505,-1.60695,-0.78495,1781189171169
2079699602,3,8.938951,-1.6030501,-0.77295005,1781189171179
2079699613,3,8.923051,-1.6170001,-0.77295005,1781189171190
2079699623,3,8.96805,-1.6500001,-0.771,1781189171199
2079699633,3,9.01605,-1.6789501,-0.79695004,1781189171209
2079699643,3,9.117001,-1.69605,-0.81405,1781189171219
2079699653,3,9.2029505,-1.7010001,-0.81705004,1781189171229
2079699663,3,9.27,-1.7200501,-0.84300005,1781189171238
2079699673,3,9.291,-1.7029501,-0.83100003,1781189171250
2079699683,3,9.25605,-1.674,-0.81405,1781189171262
2079699693,3,9.262951,-1.6459501,-0.76395005,1781189171269
2079699703,3,9.238951,-1.6339501,-0.76395005,1781189171279
2079699713,3,9.226951,-1.62405,-0.73995006,1781189171291
2079699723,3,9.2029505,-1.6339501,-0.702,1781189171300
2079699733,3,9.19305,-1.6099501,-0.70905006,1781189171310
2079699744,3,9.17595,-1.6030501,-0.71805006,1781189171321
2079699754,3,9.16905,-1.6170001,-0.68505,1781189171331
2079699764,3,9.150001,-1.6170001,-0.666,1781189171339
2079699774,3,9.17205,-1.62405,-0.666,1781189171351
2079699784,3,9.19095,-1.626,-0.69195,1781189171361
2079699794,3,9.247951,-1.62405,-0.70605004,1781189171370
2079699804,3,9.27,-1.62195,-0.71595,1781189171381
2079699814,3,9.315001,-1.62195,-0.75900006,1781189171391
2079699824,3,9.30795,-1.58595,-0.76605004,1781189171401
2079699834,3,9.283951,-1.5520501,-0.76095,1781189171411
2079699844,3,9.238951,-1.54005,-0.78495,1781189171420
2079699854,3,9.17895,-1.524,-0.76395005,1781189171431
2079699864,3,9.1380005,-1.53495,-0.77595,1781189171442
2079699875,3,9.078,-1.5259501,-0.77295005,1781189171451
2079699885,3,9.052051,-1.5259501,-0.75705004,1781189171462
2079699895,3,9.018001,-1.557,-0.73005,1781189171472
2079699905,3,9.009001,-1.57095,-0.73005,1781189171481
2079699915,3,9.01605,-1.5810001,-0.72795004,1781189171491
2079699925,3,8.997001,-1.5810001,-0.70395005,1781189171502
2079699935,3,9.02805,-1.593,-0.71595,1781189171512
2079699945,3,9.057,-1.59105,-0.72795004,1781189171522
2079699955,3,9.121051,-1.58595,-0.74505,1781189171532
2079699965,3,9.162001,-1.6000501,-0.76095,1781189171542
2079699975,3,9.19305,-1.5829501,-0.77595,1781189171551
2079699985,3,9.250951,-1.5880501,-0.79695004,1781189171561
2079699995,3,9.27705,-1.5790501,-0.80700004,1781189171573
2079700006,3,9.295951,-1.5640501,-0.79005,1781189171582
2079700016,3,9.31305,-1.5469501,-0.75705004,1781189171593
2079700026,3,9.318001,-1.54305,-0.76395005,1781189171603
2079700036,3,9.30105,-1.5310501,-0.735,1781189171613
2079700046,3,9.29895,-1.54005,-0.70905006,1781189171623
2079700056,3,9.315001,-1.53795,-0.69000006,1781189171632
2079700066,3,9.32505,-1.5520501,-0.702,1781189171643
2079700076,3,9.342,-1.5670501,-0.726,1781189171652
2079700086,3,9.342,-1.557,-0.72795004,1781189171663
2079700096,3,9.31305,-1.5520501,-0.73005,1781189171672
2079700106,3,9.28695,-1.5670501,-0.75000006,1781189171683
2079700116,3,9.291,-1.5589501,-0.76905006,1781189171694
2079700126,3,9.28695,-1.55505,-0.77805007,1781189171702
2079700136,3,9.279,-1.55505,-0.80895007,1781189171712
2079700147,3,9.25605,-1.5330001,-0.83100003,1781189171722
2079700157,3,9.259951,-1.5619501,-0.85695004,1781189171733
2079700167,3,9.258,-1.54005,-0.85995007,1781189171743
2079700177,3,9.258,-1.54305,-0.83595,1781189171753
2079700187,3,9.226951,-1.5469501,-0.83295006,1781189171763
2079700197,3,9.18105,-1.5619501,-0.79305005,1781189171773
2079700207,3,9.13095,-1.5640501,-0.78795004,1781189171784
2079700217,3,9.094951,-1.59105,-0.76905006,1781189171795
2079700227,3,9.064051,-1.593,-0.76905006,1781189171804
2079700237,3,9.066,-1.626,-0.76095,1781189171813
2079700247,3,9.078,-1.65495,-0.74505,1781189171823
2079700257,3,9.118951,-1.6789501,-0.74700004,1781189171833
2079700267,3,9.153001,-1.7149501,-0.75195,1781189171845
2079700278,3,9.198001,-1.6980001,-0.79305005,1781189171855
2079700288,3,9.234,-1.7340001,-0.80895007,1781189171865
2079700298,3,9.267,-1.7149501,-0.81405,1781189171875
2079700308,3,9.32295,-1.7029501,-0.80895007,1781189171884
2079700318,3,9.37005,-1.674,-0.78495,1781189171895
2079700328,3,9.379951,-1.674,-0.76605004,1781189171905
2079700338,3,9.35805,-1.6290001,-0.76395005,1781189171914
2079700348,3,9.315001,-1.6000501,-0.75195,1781189171925
2079700358,3,9.262951,-1.557,-0.74505,1781189171935
2079700368,3,9.19995,-1.5450001,-0.71595,1781189171946
2079700378,3,9.14805,-1.54005,-0.69900006,1781189171955
2079700388,3,9.088051,-1.5280501,-0.71400005,1781189171966
2079700398,3,9.064051,-1.5310501,-0.71595,1781189171974
2079700409,3,9.0379505,-1.5330001,-0.75405,1781189171986
2079700419,3,9.0379505,-1.5499501,-0.74505,1781189171994
2079700429,3,9.018001,-1.54305,-0.73305005,1781189172005
2079700439,3,9.030001,-1.54005,-0.70605004,1781189172015
2079700449,3,9.069,-1.54305,-0.70395005,1781189172027
2079700459,3,9.106951,-1.5619501,-0.69900006,1781189172036
2079700469,3,9.129001,-1.57605,-0.67995006,1781189172045
2079700479,3,9.13305,-1.5589501,-0.69405,1781189172055
2079700489,3,9.126,-1.5810001,-0.71805006,1781189172065
2079700499,3,9.13095,-1.57395,-0.72795004,1781189172076
2079700509,3,9.12405,-1.5880501,-0.75405,1781189172085
2079700519,3,9.118951,-1.6030501,-0.75705004,1781189172095
2079700529,3,9.10005,-1.605,-0.771,1781189172107
2079700540,3,9.109051,-1.626,-0.76095,1781189172117
2079700550,3,9.09,-1.6360501,-0.75705004,1781189172127
2079700560,3,9.102,-1.6480501,-0.75705004,1781189172137
2079700570,3,9.118951,-1.6459501,-0.73995006,1781189172147
2079700580,3,9.16695,-1.6480501,-0.73305005,1781189172157
2079700590,3,9.23595,-1.64295,-0.75705004,1781189172166
2079700600,3,9.31095,-1.6720501,-0.76095,1781189172176
2079700610,3,9.37005,-1.6530001,-0.76905006,1781189172188
2079700620,3,9.387,-1.6309501,-0.76395005,1781189172197
2079700630,3,9.403951,-1.6309501,-0.76605004,1781189172208
2079700640,3,9.399,-1.6030501,-0.74205005,1781189172217
2079700650,3,9.35595,-1.5690001,-0.75000006,1781189172227
2079700660,3,9.318001,-1.5469501,-0.726,1781189172237
2079700670,3,9.265051,-1.5259501,-0.71400005,1781189172247
2079700681,3,9.18795,-1.4950501,-0.71595,1781189172257
2079700691,3,9.106951,-1.46595,-0.67800003,1781189172266
2079700701,3,9.0709505,-1.46595,-0.68505,1781189172276
2079700711,3,9.0379505,-1.45605,-0.68205005,1781189172287
2079700721,3,9.033,-1.4640001,-0.70605004,1781189172296
2079700731,3,9.057,-1.4899501,-0.71595,1781189172308
2079700741,3,9.093,-1.5090001,-0.73800004,1781189172317
2079700751,3,9.1380005,-1.5520501,-0.75705004,1781189172327
2079700761,3,9.141001,-1.5690001,-0.73800004,1781189172337
2079700771,3,9.150001,-1.5810001,-0.73005,1781189172347
2079700781,3,9.153001,-1.5829501,-0.75000006,1781189172357
2079700791,3,9.186001,-1.6189501,-0.78300005,1781189172369
2079700801,3,9.18795,-1.64295,-0.76905006,1781189172379
2079700812,3,9.198001,-1.677,-0.78105,1781189172388
2079700822,3,9.226951,-1.6819501,-0.78495,1781189172398
2079700832,3,9.232051,-1.69305,-0.79695004,1781189172409
2079700842,3,9.220051,-1.677,-0.75405,1781189172419
2079700852,3,9.226951,-1.6620001,-0.73005,1781189172429
2079700862,3,9.27705,-1.6720501,-0.72105,1781189172438
2079700872,3,9.33705,-1.6669501,-0.72105,1781189172448
2079700882,3,9.366,-1.674,-0.73305005,1781189172458
2079700892,3,9.39,-1.6500001,-0.72300005,1781189172469
2079700902,3,9.436951,-1.64295,-0.72795004,1781189172479
2079700912,3,9.459001,-1.6500001,-0.75195,1781189172489
2079700922,3,9.436951,-1.6380001,-0.77295005,1781189172500
2079700932,3,9.361051,-1.6189501,-0.76395005,1781189172510
2079700943,3,9.28695,-1.5949501,-0.73800004,1781189172520
2079700953,3,9.21195,-1.5520501,-0.73005,1781189172529
2079700963,3,9.16005,-1.54005,-0.726,1781189172540
2079700973,3,9.09,-1.53795,-0.711,1781189172549
2079700983,3,9.064051,-1.5160501,-0.67995006,1781189172560
2079700993,3,9.033,-1.5259501,-0.69405,1781189172570
2079701003,3,9.05895,-1.5090001,-0.711,1781189172579
2079701013,3,9.05895,-1.53795,-0.71805006,1781189172590
2079701023,3,9.045,-1.5469501,-0.73005,1781189172600
2079701033,3,9.00405,-1.53795,-0.69900006,1781189172610
2079701043,3,8.97105,-1.5190501,-0.70395005,1781189172620
2079701053,3,8.96595,-1.53795,-0.70605004,1781189172629
2079701063,3,8.99895,-1.5640501,-0.70605004,1781189172639
2079701074,3,9.04695,-1.59105,-0.711,1781189172651
2079701084,3,9.14295,-1.626,-0.73995006,1781189172661
2079701094,3,9.232051,-1.6650001,-0.79695004,1781189172671
2079701104,3,9.25605,-1.6380001,-0.81900007,1781189172681
2079701114,3,9.246,-1.66005,-0.81705004,1781189172690
2079701124,3,9.238951,-1.6500001,-0.76605004,1781189172701
2079701134,3,9.232051,-1.66005,-0.74505,1781189172710
2079701144,3,9.208051,-1.6669501,-0.73800004,1781189172721
2079701154,3,9.214951,-1.6699501,-0.71595,1781189172731
2079701164,3,9.232051,-1.6669501,-0.70605004,1781189172741
2079701174,3,9.259951,-1.65795,-0.70605004,1781189172750
2079701184,3,9.282001,-1.6650001,-0.71400005,1781189172761
2079701194,3,9.27,-1.6459501,-0.702,1781189172770
2079701204,3,9.229051,-1.61205,-0.70395005,1781189172780
2079701215,3,9.17595,-1.5520501,-0.711,1781189172791
2079701225,3,9.13605,-1.5310501,-0.702,1781189172802
2079701235,3,9.16005,-1.49205,-0.702,1781189172812
2079701245,3,9.14505,-1.473,-0.71595,1781189172822
2079701255,3,9.16005,-1.45605,-0.726,1781189172832
2079701265,3,9.174001,-1.4470501,-0.76905006,1781189172841
2079701275,3,9.19305,-1.4610001,-0.78300005,1781189172852
2079701285,3,9.21195,-1.45605,-0.795,1781189172861
2079701295,3,9.214951,-1.4899501,-0.79305005,1781189172872
2079701305,3,9.186001,-1.4970001,-0.77295005,1781189172881
2079701315,3,9.14295,-1.5160501,-0.76605004,1781189172892
2079701325,3,9.088051,-1.5139501,-0.75000006,1781189172901
2079701335,3,9.042001,-1.53795,-0.73305005,1781189172913
2079701346,3,8.99205,-1.5450001,-0.69900006,1781189172923
2079701356,3,8.98995,-1.5690001,-0.70605004,1781189172931
2079701366,3,9.030001,-1.5949501,-0.71595,1781189172942
2079701376,3,9.088051,-1.6030501,-0.72300005,1781189172952
2079701386,3,9.196051,-1.6189501,-0.75000006,1781189172963
2079701396,3,9.27705,-1.626,-0.76095,1781189172973
2079701406,3,9.378,-1.6309501,-0.77595,1781189172982
2079701416,3,9.448951,-1.6339501,-0.81195,1781189172994
2079701426,3,9.46905,-1.6099501,-0.78495,1781189173002
2079701436,3,9.46395,-1.57605,-0.80505,1781189173014
2079701446,3,9.45705,-1.58595,-0.80700004,1781189173024
2079701456,3,9.394051,-1.55505,-0.77595,1781189173033
2079701466,3,9.391951,-1.57395,-0.78300005,1781189173044
2079701477,3,9.373051,-1.57605,-0.795,1781189173053
2079701487,3,9.33705,-1.5810001,-0.795,1781189173062
2079701497,3,9.282001,-1.593,-0.80895007,1781189173074
2079701507,3,9.17205,-1.5690001,-0.81405,1781189173083
2079701517,3,9.082951,-1.557,-0.80700004,1781189173094
2079701527,3,9.00405,-1.53495,-0.78300005,1781189173104
2079701537,3,8.97105,-1.5280501,-0.76395005,1781189173114
2079701547,3,8.956051,-1.5120001,-0.75705004,1781189173124
2079701557,3,8.944051,-1.5090001,-0.72795004,1781189173134
2079701567,3,8.98005,-1.4950501,-0.69705003,1781189173143
2079701577,3,9.04695,-1.4779501,-0.66795003,1781189173155
2079701587,3,9.088051,-1.45905,-0.66300005,1781189173163
2079701597,3,9.12405,-1.46595,-0.67095006,1781189173174
2079701607,3,9.16695,-1.45905,-0.68700004,1781189173183
2079701618,3,9.232051,-1.4640001,-0.71805006,1781189173194
2079701628,3,9.291,-1.50405,-0.72795004,1781189173205
2079701638,3,9.373051,-1.53795,-0.75405,1781189173217
2079701648,3,9.387,-1.57605,-0.78495,1781189173224
2079701658,3,9.402,-1.61205,-0.78795004,1781189173234
2079701668,3,9.373051,-1.641,-0.82095003,1781189173246
2079701678,3,9.35805,-1.6669501,-0.83295006,1781189173255
2079701688,3,9.339001,-1.6840501,-0.83100003,1781189173265
2079701698,3,9.34395,-1.6980001,-0.83805007,1781189173274
2079701708,3,9.27705,-1.7200501,-0.82605004,1781189173284
2079701718,3,9.258,-1.7320501,-0.84000003,1781189173295
2079701728,3,9.217051,-1.7200501,-0.85695004,1781189173306
2079701738,3,9.217051,-1.7029501,-0.87900007,1781189173315
2079701749,3,9.214951,-1.674,-0.89100003,1781189173325
2079701759,3,9.18105,-1.6360501,-0.864,1781189173335
2079701769,3,9.15705,-1.593,-0.84000003,1781189173347
2079701779,3,9.0709505,-1.5589501,-0.80205005,1781189173356
2079701789,3,8.99505,-1.50705,-0.77595,1781189173367
2079701799,3,8.944051,-1.45905,-0.75900006,1781189173376
2079701809,3,8.904,-1.42305,-0.73005,1781189173387
2079701819,3,8.87205,-1.416,-0.702,1781189173396
2079701829,3,8.905951,-1.42305,-0.69405,1781189173407
2079701839,3,8.92695,-1.44,-0.67800003,1781189173417
2079701849,3,8.98305,-1.4610001,-0.67095006,1781189173425
2079701859,3,9.05895,-1.4800501,-0.67305005,1781189173436
2079701869,3,9.13305,-1.5000001,-0.702,1781189173446
2079701880,3,9.22395,-1.521,-0.72300005,1781189173456
2079701890,3,9.291,-1.57095,-0.74205005,1781189173466
2079701900,3,9.342,-1.5949501,-0.771,1781189173477
2079701910,3,9.35805,-1.6459501,-0.77805007,1781189173486
2079701920,3,9.39,-1.6699501,-0.79305005,1781189173498
2079701930,3,9.373051,-1.6819501,-0.81900007,1781189173508
2079701940,3,9.373051,-1.7170501,-0.81705004,1781189173516
2079701950,3,9.351001,-1.7389501,-0.82605004,1781189173527
2079701960,3,9.33705,-1.7580001,-0.85005003,1781189173538
2079701970,3,9.283951,-1.7370001,-0.82605004,1781189173547
2079701980,3,9.246,-1.7220001,-0.84000003,1781189173557
2079701990,3,9.238951,-1.7320501,-0.84495,1781189173568
2079702000,3,9.232051,-1.725,-0.83805007,1781189173578
2079702011,3,9.217051,-1.7010001,-0.83805007,1781189173587
2079702021,3,9.21195,-1.7010001,-0.79305005,1781189173596
2079702031,3,9.246,-1.6699501,-0.80205005,1781189173607
2079702041,3,9.283951,-1.674,-0.80205005,1781189173617
2079702051,3,9.25605,-1.6459501,-0.78495,1781189173627
2079702061,3,9.217051,-1.6000501,-0.76395005,1781189173637
2079702071,3,9.15705,-1.55505,-0.73995006,1781189173647
2079702081,3,9.13095,-1.54305,-0.70905006,1781189173658
2079702091,3,9.094951,-1.5450001,-0.68505,1781189173667
2079702101,3,9.049951,-1.5280501,-0.66105,1781189173677
2079702111,3,9.033,-1.5469501,-0.62505,1781189173688
2079702121,3,9.00405,-1.5690001,-0.61095005,1781189173698
2079702131,3,8.985001,-1.5690001,-0.62295,1781189173707
2079702141,3,8.985001,-1.5670501,-0.63900006,1781189173718
2079702152,3,9.009001,-1.6000501,-0.65400004,1781189173728
2079702162,3,9.049951,-1.6140001,-0.68205005,1781189173739
2079702172,3,9.126,-1.6720501,-0.73305005,1781189173748
2079702182,3,9.198001,-1.6840501,-0.76605004,1781189173759
2079702192,3,9.267,-1.7050501,-0.771,1781189173768
2079702202,3,9.33705,-1.7010001,-0.78495,1781189173778
2079702212,3,9.35805,-1.69605,-0.75705004,1781189173788
2079702222,3,9.373051,-1.7010001,-0.76605004,1781189173798
2079702232,3,9.4140005,-1.7149501,-0.76605004,1781189173809
2079702242,3,9.43995,-1.7340001,-0.78300005,1781189173819
2079702252,3,9.430051,-1.7580001,-0.79695004,1781189173829
2079702262,3,9.391951,-1.746,-0.78495,1781189173840
2079702272,3,9.33705,-1.7050501,-0.78300005,1781189173850
2079702283,3,9.258,-1.69095,-0.76905006,1781189173859
2079702293,3,9.20505,-1.69095,-0.73005,1781189173869
2079702303,3,9.17595,-1.69305,-0.71805006,1781189173880
2079702313,3,9.141001,-1.6840501,-0.75405,1781189173890
2079702323,3,9.106951,-1.6669501,-0.77805007,1781189173899
2079702333,3,9.118951,-1.65495,-0.80205005,1781189173910
2079702343,3,9.109051,-1.64295,-0.83295006,1781189173919
2079702353,3,9.109051,-1.6170001,-0.795,1781189173930
2079702363,3,9.109051,-1.5880501,-0.76905006,1781189173939
2079702373,3,9.117001,-1.57395,-0.75405,1781189173949
2079702383,3,9.097051,-1.5520501,-0.726,1781189173961
2079702393,3,9.094951,-1.5160501,-0.69195,1781189173970
2079702403,3,9.081,-1.5090001,-0.68205005,1781189173980
2079702414,3,9.069,-1.5120001,-0.675,1781189173989
2079702424,3,9.076051,-1.5139501,-0.69000006,1781189174001
2079702434,3,9.073951,-1.53795,-0.711,1781189174010
2079702444,3,9.088051,-1.57095,-0.75405,1781189174021
2079702454,3,9.106951,-1.60695,-0.77295005,1781189174031
2079702464,3,9.129001,-1.6650001,-0.81405,1781189174041
2079702474,3,9.13605,-1.6980001,-0.81705004,1781189174050
2079702484,3,9.17205,-1.71,-0.83295006,1781189174061
2079702494,3,9.19995,-1.7580001,-0.83595,1781189174070
2079702504,3,9.232051,-1.77495,-0.83595,1781189174081
2079702514,3,9.295951,-1.8060001,-0.85005003,1781189174091
2079702524,3,9.35805,-1.8199501,-0.85995007,1781189174102
2079702534,3,9.406051,-1.7989501,-0.87600005,1781189174111
2079702545,3,9.459001,-1.7920501,-0.88395005,1781189174122
2079702555,3,9.47595,-1.7680501,-0.864,1781189174132
2079702565,3,9.44205,-1.7389501,-0.84495,1781189174140
2079702575,3,9.391951,-1.69605,-0.82095003,1781189174151
2079702585,3,9.31305,-1.6669501,-0.81705004,1781189174162
2079702595,3,9.25605,-1.62405,-0.78795004,1781189174171
2079702605,3,9.196051,-1.6099501,-0.78300005,1781189174183
2079702615,3,9.13305,-1.59105,-0.75195,1781189174192
2079702625,3,9.0709505,-1.57605,-0.71400005,1781189174202
2079702635,3,9.045,-1.5690001,-0.70605004,1781189174213
2079702645,3,9.045,-1.54305,-0.675,1781189174223
2079702655,3,9.0709505,-1.54005,-0.66795003,1781189174232
2079702665,3,9.076051,-1.5670501,-0.66105,1781189174243
2079702675,3,9.102,-1.5670501,-0.702,1781189174253
2079702686,3,9.106951,-1.5619501,-0.74700004,1781189174262
2079702696,3,9.11205,-1.5499501,-0.771,1781189174272
2079702706,3,9.126,-1.5469501,-0.78105,1781189174282
2079702716,3,9.106951,-1.5499501,-0.75405,1781189174292
2079702726,3,9.082951,-1.557,-0.73800004,1781189174302
2079702736,3,9.057,-1.57095,-0.72795004,1781189174312
2079702746,3,9.033,-1.593,-0.72795004,1781189174323
2079702756,3,9.02805,-1.61205,-0.75405,1781189174333
2079702766,3,9.073951,-1.6620001,-0.78105,1781189174342
2079702776,3,9.11205,-1.6720501,-0.79995006,1781189174354
2079702786,3,9.18105,-1.7200501,-0.83295006,1781189174362
2079702796,3,9.247951,-1.7370001,-0.82905006,1781189174374
2079702806,3,9.306001,-1.7410501,-0.84000003,1781189174382
2079702817,3,9.35595,-1.725,-0.83595,1781189174394
2079702827,3,9.35595,-1.72905,-0.81705004,1781189174402
2079702837,3,9.385051,-1.713,-0.80205005,1781189174413
2079702847,3,9.423,-1.69095,-0.80700004,1781189174423
2079702857,3,9.436951,-1.674,-0.82095003,1781189174433
2079702867,3,9.430051,-1.6620001,-0.83295006,1781189174444
2079702877,3,9.387,-1.65495,-0.84300005,1781189174454
2079702887,3,9.306001,-1.59105,-0.80700004,1781189174464
2079702897,3,9.226951,-1.5670501,-0.79005,1781189174474
2079702907,3,9.117001,-1.5280501,-0.72105,1781189174484
2079702917,3,9.03495,-1.5310501,-0.67800003,1781189174494
2079702927,3,8.98995,-1.5160501,-0.63900006,1781189174505
2079702937,3,8.986951,-1.5120001,-0.65895003,1781189174515
2079702948,3,8.985001,-1.5469501,-0.69195,1781189174524
2079702958,3,9.018001,-1.5619501,-0.726,1781189174534
2079702968,3,8.99895,-1.53495,-0.77295005,1781189174545
2079702978,3,9.01395,-1.54305,-0.77295005,1781189174555
2079702988,3,9.02595,-1.557,-0.77805007,1781189174564
2079702998,3,9.0400505,-1.54305,-0.76905006,1781189174574
2079703008,3,9.078,-1.5619501,-0.76605004,1781189174586
2079703018,3,9.1050005,-1.6000501,-0.76905006,1781189174595
2079703028,3,9.16695,-1.6189501,-0.75705004,1781189174605
2079703038,3,9.162001,-1.62405,-0.735,1781189174614
2079703048,3,9.18795,-1.626,-0.72795004,1781189174624
2079703058,3,9.220051,-1.6360501,-0.72300005,1781189174636
2079703068,3,9.24405,-1.6360501,-0.72795004,1781189174646
2079703078,3,9.315001,-1.6480501,-0.73800004,1781189174656
2079703089,3,9.35595,-1.6530001,-0.726,1781189174666
2079703099,3,9.43305,-1.65795,-0.75195,1781189174676
2079703109,3,9.45705,-1.6339501,-0.74700004,1781189174687
2079703119,3,9.4140005,-1.60695,-0.72795004,1781189174695
2079703129,3,9.35805,-1.5829501,-0.72300005,1781189174707
2079703139,3,9.33195,-1.5520501,-0.73305005,1781189174715
2079703149,3,9.30105,-1.5280501,-0.74205005,1781189174727
2079703159,3,9.267,-1.5259501,-0.76605004,1781189174735
2079703169,3,9.214951,-1.521,-0.77295005,1781189174749
2079703179,3,9.17205,-1.5139501,-0.78495,1781189174758
2079703189,3,9.121051,-1.521,-0.81900007,1781189174767
2079703199,3,9.102,-1.5139501,-0.81405,1781189174776
2079703209,3,9.097051,-1.5120001,-0.83595,1781189174786
2079703220,3,9.085951,-1.521,-0.80895007,1781189174796
2079703230,3,9.064051,-1.5259501,-0.81195,1781189174807
2079703240,3,9.030001,-1.54305,-0.82395005,1781189174816
2079703250,3,9.02805,-1.55505,-0.81705004,1781189174828
2079703260,3,9.02805,-1.5810001,-0.83295006,1781189174836
2079703270,3,9.061951,-1.6000501,-0.82395005,1781189174846
2079703280,3,9.11205,-1.626,-0.85005003,1781189174858
2079703290,3,9.186001,-1.6459501,-0.86700004,1781189174866
2079703300,3,9.232051,-1.641,-0.85200006,1781189174878
2079703310,3,9.271951,-1.6459501,-0.85995007,1781189174888
2079703320,3,9.30795,-1.6459501,-0.81705004,1781189174898
2079703330,3,9.33495,-1.6309501,-0.83295006,1781189174907
2079703340,3,9.354,-1.674,-0.81705004,1781189174918
2079703351,3,9.3490505,-1.641,-0.82905006,1781189174926
2079703361,3,9.318001,-1.62405,-0.85005003,1781189174938
2079703371,3,9.283951,-1.6189501,-0.83100003,1781189174947
2079703381,3,9.253051,-1.6170001,-0.81900007,1781189174956
2079703391,3,9.247951,-1.6170001,-0.82605004,1781189174967
2079703401,3,9.23595,-1.6189501,-0.84000003,1781189174977
2079703411,3,9.222,-1.6309501,-0.85005003,1781189174988
2079703421,3,9.24405,-1.6339501,-0.89295006,1781189174998
2079703431,3,9.220051,-1.6480501,-0.92205006,1781189175007
2079703441,3,9.226951,-1.6669501,-0.93105006,1781189175018
2079703451,3,9.208051,-1.6620001,-0.9480001,1781189175027
2079703461,3,9.150001,-1.65795,-0.92700005,1781189175038
2079703471,3,9.106951,-1.6620001,-0.90000004,1781189175048
2079703482,3,9.088051,-1.6309501,-0.87600005,1781189175059
2079703492,3,9.076051,-1.6380001,-0.82095003,1781189175069
2079703502,3,9.097051,-1.6620001,-0.79695004,1781189175079
2079703512,3,9.129001,-1.6500001,-0.76395005,1781189175089
2079703522,3,9.13605,-1.6720501,-0.73005,1781189175099
2079703532,3,9.1050005,-1.65795,-0.71400005,1781189175109
2079703542,3,9.097051,-1.65795,-0.71595,1781189175118
2079703552,3,9.081,-1.62405,-0.69195,1781189175129
2079703562,3,9.121051,-1.6290001,-0.702,1781189175139
2079703572,3,9.16695,-1.6480501,-0.69900006,1781189175148
2079703582,3,9.174001,-1.6500001,-0.68700004,1781189175159
2079703592,3,9.2029505,-1.6620001,-0.72105,1781189175170
2079703602,3,9.250951,-1.65495,-0.75000006,1781189175178
2079703612,3,9.283951,-1.6789501,-0.76605004,1781189175189
2079703623,3,9.303,-1.6720501,-0.76605004,1781189175199
2079703633,3,9.32505,-1.674,-0.75705004,1781189175210
2079703643,3,9.33705,-1.677,-0.76395005,1781189175218
2079703653,3,9.31995,-1.674,-0.74505,1781189175229
2079703663,3,9.295951,-1.6720501,-0.73005,1781189175239
2079703673,3,9.234,-1.6620001,-0.72300005,1781189175249
2079703683,3,9.19095,-1.6480501,-0.69705003,1781189175260
2079703693,3,9.14295,-1.6380001,-0.68700004,1781189175270
2079703703,3,9.088051,-1.6189501,-0.69405,1781189175279
2079703713,3,9.064051,-1.6189501,-0.68505,1781189175290
2079703723,3,9.073951,-1.605,-0.68700004,1781189175300
2079703733,3,9.0709505,-1.593,-0.69000006,1781189175311
2079703743,3,9.069,-1.593,-0.711,1781189175321
2079703754,3,9.0709505,-1.5810001,-0.72105,1781189175331
2079703764,3,9.102,-1.57395,-0.726,1781189175341
2079703774,3,9.13605,-1.58595,-0.72300005,1781189175351
2079703784,3,9.16905,-1.57605,-0.726,1781189175362
2079703794,3,9.18105,-1.5810001,-0.71805006,1781189175369
2079703804,3,9.196051,-1.593,-0.71805006,1781189175379
2079703814,3,9.198001,-1.6000501,-0.72105,1781189175390
2079703824,3,9.153001,-1.593,-0.71595,1781189175400
2079703834,3,9.141001,-1.6189501,-0.726,1781189175411
2079703844,3,9.093,-1.6380001,-0.74505,1781189175421
2079703854,3,9.093,-1.6360501,-0.75405,1781189175432
2079703864,3,9.114,-1.64295,-0.76395005,1781189175442
2079703874,3,9.18105,-1.6819501,-0.78105,1781189175451
2079703885,3,9.220051,-1.6860001,-0.79305005,1781189175460
2079703895,3,9.28905,-1.69095,-0.81405,1781189175471
2079703905,3,9.327001,-1.6699501,-0.83295006,1781189175481
2079703915,3,9.366,-1.66005,-0.80700004,1781189175492
2079703925,3,9.366,-1.62195,-0.81405,1781189175501
2079703935,3,9.363001,-1.60695,-0.78300005,1781189175511
2079703945,3,9.351001,-1.593,-0.75405,1781189175521
2079703955,3,9.318001,-1.593,-0.75195,1781189175532
2079703965,3,9.25605,-1.5640501,-0.74505,1781189175543
2079703975,3,9.17595,-1.5469501,-0.71805006,1781189175552
2079703985,3,9.13605,-1.5139501,-0.735,1781189175563
2079703995,3,9.078,-1.5139501,-0.75705004,1781189175571
2079704005,3,9.018001,-1.5190501,-0.75705004,1781189175582
2079704016,3,8.97795,-1.524,-0.77295005,1781189175593
2079704026,3,8.974951,-1.524,-0.78495,1781189175603
2079704036,3,8.99505,-1.5469501,-0.795,1781189175613
2079704046,3,9.018001,-1.5619501,-0.79005,1781189175623
2079704056,3,9.093,-1.57395,-0.78105,1781189175633
2079704066,3,9.16005,-1.5829501,-0.78795004,1781189175643
2079704076,3,9.23595,-1.641,-0.78300005,1781189175653
2079704086,3,9.28905,-1.6360501,-0.81405,1781189175662
2079704096,3,9.327001,-1.6530001,-0.83295006,1781189175672
2079704106,3,9.32505,-1.6650001,-0.85005003,1781189175682
2079704116,3,9.33495,-1.69305,-0.82605004,1781189175694
2079704126,3,9.294001,-1.7010001,-0.82395005,1781189175702
2079704136,3,9.234,-1.6789501,-0.80505,1781189175714
2079704146,3,9.2029505,-1.674,-0.82095003,1781189175724
2079704157,3,9.18105,-1.6650001,-0.79005,1781189175734
2079704167,3,9.17205,-1.6650001,-0.771,1781189175743
2079704177,3,9.186001,-1.677,-0.79005,1781189175753
2079704187,3,9.217051,-1.6669501,-0.79005,1781189175763
2079704197,3,9.27495,-1.6339501,-0.80895007,1781189175775
2079704207,3,9.34395,-1.6380001,-0.79995006,1781189175783
2079704217,3,9.379951,-1.641,-0.81705004,1781189175794
2079704227,3,9.39,-1.60695,-0.79005,1781189175805
2079704237,3,9.33705,-1.6099501,-0.77595,1781189175814
2079704247,3,9.27495,-1.5880501,-0.75405,1781189175825
2079704257,3,9.21,-1.5690001,-0.74505,1781189175835
2079704267,3,9.150001,-1.5670501,-0.75405,1781189175844
2079704277,3,9.081,-1.5690001,-0.75405,1781189175853
2079704288,3,9.01605,-1.5829501,-0.73800004,1781189175863
2079704298,3,8.985001,-1.5690001,-0.74700004,1781189175875
2079704308,3,8.953951,-1.57095,-0.74505,1781189175885
2079704318,3,8.949,-1.5949501,-0.735,1781189175895
2079704328,3,8.96805,-1.62195,-0.75405,1781189175905
2079704338,3,9.009001,-1.641,-0.75705004,1781189175915
2079704348,3,9.073951,-1.65795,-0.76395005,1781189175925
2079704358,3,9.162001,-1.6720501,-0.80895007,1781189175934
2079704368,3,9.208051,-1.69305,-0.83295006,1781189175945
2079704378,3,9.246,-1.6789501,-0.83295006,1781189175955
2079704388,3,9.282001,-1.6500001,-0.80700004,1781189175966
2079704398,3,9.30795,-1.65795,-0.80895007,1781189175974
2079704408,3,9.339001,-1.6500001,-0.79695004,1781189175986
2079704419,3,9.33495,-1.6309501,-0.795,1781189175994
2079704429,3,9.30795,-1.62195,-0.78795004,1781189176006
2079704439,3,9.27495,-1.6140001,-0.78105,1781189176015
2079704449,3,9.247951,-1.62405,-0.77595,1781189176026
2079704459,3,9.208051,-1.62195,-0.78300005,1781189176036
2079704469,3,9.162001,-1.61205,-0.78795004,1781189176045
2079704479,3,9.114,-1.5810001,-0.74700004,1781189176057
2079704489,3,9.093,-1.5690001,-0.71595,1781189176067
2079704499,3,9.129001,-1.5520501,-0.72300005,1781189176076
2079704509,3,9.16695,-1.5619501,-0.75195,1781189176086
2079704519,3,9.18795,-1.55505,-0.72795004,1781189176097
2079704529,3,9.19095,-1.53495,-0.72300005,1781189176105
2079704539,3,9.20505,-1.5090001,-0.711,1781189176115
2079704550,3,9.186001,-1.5190501,-0.69405,1781189176126
2079704560,3,9.18795,-1.521,-0.711,1781189176136
2079704570,3,9.17595,-1.5160501,-0.711,1781189176148
2079704580,3,9.14505,-1.488,-0.73995006,1781189176162
2079704590,3,9.102,-1.4970001,-0.75405,1781189176167
2079704600,3,9.085951,-1.521,-0.75705004,1781189176178
2079704610,3,9.069,-1.53495,-0.78105,1781189176186
2079704620,3,9.10005,-1.5619501,-0.76905006,1781189176196
2079704630,3,9.1050005,-1.60695,-0.78105,1781189176207
2079704640,3,9.126,-1.6380001,-0.80505,1781189176216
2079704650,3,9.14805,-1.674,-0.83595,1781189176226
2079704660,3,9.19995,-1.7029501,-0.83805007,1781189176236
2079704670,3,9.246,-1.713,-0.86205006,1781189176246
2079704680,3,9.28905,-1.7370001,-0.855,1781189176258
2079704691,3,9.330001,-1.7200501,-0.85695004,1781189176267
2079704701,3,9.361051,-1.713,-0.8880001,1781189176277
2079704711,3,9.387,-1.6789501,-0.8880001,1781189176287
2079704721,3,9.375,-1.65495,-0.85005003,1781189176296
2079704731,3,9.330001,-1.626,-0.81195,1781189176307
2079704741,3,9.283951,-1.62195,-0.78105,1781189176317
2079704751,3,9.246,-1.5949501,-0.76605004,1781189176327
2079704761,3,9.22395,-1.5810001,-0.75000006,1781189176338
2079704771,3,9.19305,-1.5829501,-0.71805006,1781189176347
2079704781,3,9.162001,-1.5790501,-0.69405,1781189176359
2079704791,3,9.14295,-1.5810001,-0.702,1781189176368
2079704801,3,9.153001,-1.605,-0.68700004,1781189176378
2079704811,3,9.18795,-1.6099501,-0.73800004,1781189176387
2079704822,3,9.20505,-1.626,-0.74700004,1781189176399
2079704832,3,9.21,-1.62195,-0.78795004,1781189176409
2079704842,3,9.20505,-1.6360501,-0.79695004,1781189176418
2079704852,3,9.16905,-1.62405,-0.80895007,1781189176428
2079704862,3,9.121051,-1.6099501,-0.77805007,1781189176439
2079704872,3,9.094951,-1.626,-0.78495,1781189176449
2079704882,3,9.076051,-1.6360501,-0.77805007,1781189176458
2079704892,3,9.09,-1.6459501,-0.79995006,1781189176469
2079704902,3,9.097051,-1.6620001,-0.78105,1781189176478
2079704912,3,9.10005,-1.71,-0.81705004,1781189176490
2079704922,3,9.078,-1.7010001,-0.82095003,1781189176498
2079704932,3,9.057,-1.725,-0.82095003,1781189176508
2079704942,3,9.0400505,-1.725,-0.79305005,1781189176518
2079704953,3,9.042001,-1.72905,-0.78105,1781189176529
2079704963,3,9.094951,-1.74405,-0.76395005,1781189176538
2079704973,3,9.141001,-1.72695,-0.76395005,1781189176550
2079704983,3,9.234,-1.725,-0.75405,1781189176559
2079704993,3,9.30795,-1.725,-0.76905006,1781189176570
2079705003,3,9.33495,-1.69605,-0.771,1781189176579
2079705013,3,9.32505,-1.6650001,-0.76395005,1781189176589
2079705023,3,9.339001,-1.6099501,-0.74505,1781189176600
2079705033,3,9.31995,-1.58595,-0.74205005,1781189176610
2079705043,3,9.282001,-1.5640501,-0.71595,1781189176620
2079705053,3,9.238951,-1.5259501,-0.69405,1781189176630
2079705063,3,9.184051,-1.5469501,-0.70395005,1781189176640
2079705073,3,9.11205,-1.53795,-0.71595,1781189176651
2079705083,3,9.049951,-1.54305,-0.70605004,1781189176659
2079705094,3,9.030001,-1.5640501,-0.73305005,1781189176671
2079705104,3,9.045,-1.5810001,-0.73800004,1781189176681
2079705114,3,9.076051,-1.5949501,-0.77295005,1781189176690
2079705124,3,9.102,-1.605,-0.80205005,1781189176700
2079705134,3,9.12405,-1.62405,-0.82605004,1781189176711
2079705144,3,9.153001,-1.6290001,-0.81705004,1781189176721
2079705154,3,9.162001,-1.62195,-0.795,1781189176730
2079705164,3,9.162001,-1.61205,-0.78300005,1781189176741
2079705174,3,9.16695,-1.62405,-0.75900006,1781189176751
2079705184,3,9.16905,-1.6530001,-0.75705004,1781189176762
2079705194,3,9.17205,-1.6620001,-0.78495,1781189176771
2079705204,3,9.162001,-1.6620001,-0.795,1781189176782
2079705214,3,9.165,-1.6530001,-0.78300005,1781189176791
2079705225,3,9.15495,-1.677,-0.78495,1781189176801
2079705235,3,9.16005,-1.674,-0.77595,1781189176811
2079705245,3,9.174001,-1.6840501,-0.76605004,1781189176822
2079705255,3,9.24405,-1.6860001,-0.79305005,1781189176832
2079705265,3,9.28905,-1.6860001,-0.81405,1781189176842
2079705275,3,9.34605,-1.6840501,-0.84795004,1781189176851
2079705285,3,9.387,-1.6699501,-0.84795004,1781189176861
2079705295,3,9.402,-1.6699501,-0.84795004,1781189176871
2079705305,3,9.394051,-1.6500001,-0.82095003,1781189176881
2079705315,3,9.36795,-1.6459501,-0.83295006,1781189176893
2079705325,3,9.3490505,-1.6459501,-0.80505,1781189176901
2079705335,3,9.330001,-1.6290001,-0.81405,1781189176911
2079705345,3,9.315001,-1.62195,-0.82395005,1781189176923
2079705356,3,9.27705,-1.6140001,-0.78105,1781189176933
2079705366,3,9.253051,-1.6000501,-0.75405,1781189176943
2079705376,3,9.24405,-1.6189501,-0.76905006,1781189176953
2079705386,3,9.214951,-1.62405,-0.79005,1781189176962
2079705396,3,9.19995,-1.6339501,-0.81705004,1781189176973
2079705406,3,9.19095,-1.6500001,-0.86895007,1781189176982
2079705416,3,9.17205,-1.66005,-0.88605005,1781189176993
2079705426,3,9.14805,-1.66005,-0.87195003,1781189177002
2079705436,3,9.13605,-1.6860001,-0.85695004,1781189177013
2079705446,3,9.1050005,-1.713,-0.855,1781189177023
2079705456,3,9.076051,-1.725,-0.82605004,1781189177034
2079705466,3,9.073951,-1.7320501,-0.81195,1781189177043
2079705476,3,9.066,-1.7509501,-0.81195,1781189177052
2079705487,3,9.054001,-1.761,-0.81705004,1781189177064
2079705497,3,9.073951,-1.7680501,-0.83595,1781189177074
2079705507,3,9.0709505,-1.7509501,-0.84495,1781189177084
2079705517,3,9.109051,-1.7530501,-0.85005003,1781189177094
2079705527,3,9.12405,-1.7320501,-0.84000003,1781189177103
2079705537,3,9.141001,-1.7320501,-0.83595,1781189177114
2079705547,3,9.16005,-1.7080501,-0.79695004,1781189177124
2079705557,3,9.208051,-1.69095,-0.73995006,1781189177134
2079705567,3,9.21195,-1.6890001,-0.71805006,1781189177143
2079705577,3,9.229051,-1.69305,-0.69195,1781189177154
2079705587,3,9.253051,-1.6720501,-0.69705003,1781189177165
2079705597,3,9.291,-1.65495,-0.70605004,1781189177175
2079705607,3,9.31995,-1.64295,-0.72795004,1781189177185
2079705617,3,9.3490505,-1.6530001,-0.76905006,1781189177193
2079705628,3,9.339001,-1.64295,-0.75405,1781189177204
2079705638,3,9.303,-1.6360501,-0.78495,1781189177214
2079705648,3,9.250951,-1.5979501,-0.75705004,1781189177224
2079705658,3,9.174001,-1.5670501,-0.74700004,1781189177235
2079705668,3,9.109051,-1.5589501,-0.735,1781189177245
2079705678,3,9.045,-1.5450001,-0.70905006,1781189177255
2079705688,3,9.018001,-1.5619501,-0.735,1781189177265
2079705698,3,8.99205,-1.57095,-0.73005,1781189177275
2079705708,3,8.99205,-1.58595,-0.75195,1781189177284
2079705718,3,9.021001,-1.5949501,-0.75900006,1781189177294
2079705728,3,9.054001,-1.62195,-0.76605004,1781189177305
2079705738,3,9.093,-1.62405,-0.78795004,1781189177316
2079705748,3,9.10005,-1.641,-0.78105,1781189177327
2079705759,3,9.109051,-1.66005,-0.79305005,1781189177336
2079705769,3,9.11205,-1.6530001,-0.795,1781189177345
2079705779,3,9.162001,-1.6669501,-0.81900007,1781189177355
2079705789,3,9.198001,-1.69305,-0.83100003,1781189177365
2079705799,3,9.238951,-1.6980001,-0.81900007,1781189177377
2079705809,3,9.28695,-1.69305,-0.82905006,1781189177387
2079705819,3,9.32505,-1.7149501,-0.83595,1781189177395
2079705829,3,9.303,-1.69605,-0.82905006,1781189177407
2079705839,3,9.291,-1.6789501,-0.82395005,1781189177415
2079705849,3,9.28695,-1.6669501,-0.80205005,1781189177425
2079705859,3,9.279,-1.6480501,-0.79995006,1781189177435
2079705869,3,9.23595,-1.641,-0.76095,1781189177446
2079705879,3,9.19305,-1.60695,-0.74505,1781189177455
2079705890,3,9.17595,-1.5670501,-0.71805006,1781189177466
2079705900,3,9.13305,-1.55505,-0.69195,1781189177477
2079705910,3,9.1380005,-1.5469501,-0.69705003,1781189177487
2079705920,3,9.13605,-1.54005,-0.702,1781189177496
2079705930,3,9.14805,-1.5330001,-0.69900006,1781189177506
2079705940,3,9.16695,-1.53495,-0.72795004,1781189177516
2079705950,3,9.17595,-1.5330001,-0.75705004,1781189177527
2079705960,3,9.208051,-1.524,-0.78495,1781189177538
2079705970,3,9.2029505,-1.521,-0.795,1781189177547
2079705980,3,9.198001,-1.54005,-0.81195,1781189177558
2079705990,3,9.18105,-1.5310501,-0.78300005,1781189177566
2079706000,3,9.162001,-1.5310501,-0.78105,1781189177578
2079706010,3,9.14505,-1.53495,-0.771,1781189177588
2079706021,3,9.109051,-1.54305,-0.771,1781189177598
2079706031,3,9.088051,-1.57095,-0.77595,1781189177606
2079706041,3,9.093,-1.593,-0.79995006,1781189177617
2079706051,3,9.106951,-1.6380001,-0.82395005,1781189177627
2079706061,3,9.13305,-1.6819501,-0.84495,1781189177636
2079706071,3,9.16005,-1.6890001,-0.84300005,1781189177647
2079706081,3,9.198001,-1.69605,-0.87600005,1781189177657
2079706091,3,9.25605,-1.7080501,-0.85995007,1781189177667
2079706101,3,9.31995,-1.7320501,-0.85695004,1781189177677
2079706111,3,9.385051,-1.7200501,-0.85995007,1781189177688
2079706121,3,9.411,-1.7010001,-0.82395005,1781189177698
2079706131,3,9.411,-1.65795,-0.83100003,1781189177707
2079706141,3,9.424951,-1.6500001,-0.81900007,1781189177718
2079706151,3,9.399,-1.6360501,-0.795,1781189177727
2079706162,3,9.34395,-1.62195,-0.78300005,1781189177739
2079706172,3,9.283951,-1.62405,-0.80895007,1781189177749
2079706182,3,9.220051,-1.5949501,-0.81195,1781189177759
2079706192,3,9.1380005,-1.5979501,-0.80700004,1781189177768
2079706202,3,9.061951,-1.5790501,-0.81900007,1781189177778
2079706212,3,9.021001,-1.58595,-0.81900007,1781189177788
2079706222,3,9.01395,-1.5790501,-0.82905006,1781189177799
2079706232,3,9.018001,-1.5790501,-0.83805007,1781189177808
2079706242,3,9.076051,-1.5829501,-0.87600005,1781189177818
2079706252,3,9.106951,-1.59105,-0.88395005,1781189177829
2079706262,3,9.118951,-1.5690001,-0.86700004,1781189177838
2079706272,3,9.11205,-1.5520501,-0.80895007,1781189177848
2079706282,3,9.114,-1.54305,-0.80505,1781189177858
2079706293,3,9.153001,-1.53795,-0.77595,1781189177868
2079706303,3,9.162001,-1.5790501,-0.75405,1781189177878
2079706313,3,9.17895,-1.593,-0.75195,1781189177889
2079706323,3,9.19305,-1.60695,-0.771,1781189177900
2079706333,3,9.19305,-1.62195,-0.79305005,1781189177910
2079706343,3,9.19095,-1.6480501,-0.82905006,1781189177920
2079706353,3,9.150001,-1.641,-0.83805007,1781189177930
2079706363,3,9.11205,-1.65495,-0.84000003,1781189177939
2079706373,3,9.102,-1.6860001,-0.87600005,1781189177949
2079706383,3,9.14805,-1.6819501,-0.8880001,1781189177960
2079706393,3,9.165,-1.7080501,-0.86700004,1781189177969
2079706403,3,9.232051,-1.713,-0.86700004,1781189177980
2079706413,3,9.27,-1.713,-0.864,1781189177991
2079706424,3,9.318001,-1.6980001,-0.87900007,1781189177999
2079706434,3,9.34605,-1.6980001,-0.87600005,1781189178011
2079706444,3,9.379951,-1.69605,-0.83805007,1781189178021
2079706454,3,9.402,-1.6819501,-0.82605004,1781189178030
2079706464,3,9.3820505,-1.6699501,-0.79695004,1781189178041
2079706474,3,9.291,-1.6530001,-0.80700004,1781189178051
2079706484,3,9.19305,-1.6140001,-0.795,1781189178061
2079706494,3,9.1050005,-1.5979501,-0.795,1781189178071
2079706504,3,9.078,-1.61205,-0.78495,1781189178080
2079706514,3,9.042001,-1.605,-0.76905006,1781189178091
2079706524,3,9.045,-1.60695,-0.76395005,1781189178102
2079706534,3,9.0709505,-1.62405,-0.75195,1781189178110
2079706544,3,9.093,-1.6380001,-0.75405,1781189178122
2079706554,3,9.15705,-1.65795,-0.75000006,1781189178132
2079706565,3,9.19305,-1.674,-0.75000006,1781189178142
2079706575,3,9.217051,-1.66005,-0.75405,1781189178152
2079706585,3,9.198001,-1.6669501,-0.74700004,1781189178161
2079706595,3,9.19095,-1.6290001,-0.76605004,1781189178171
2079706605,3,9.18105,-1.641,-0.75705004,1781189178181
2079706615,3,9.153001,-1.641,-0.74505,1781189178192
2079706625,3,9.150001,-1.6480501,-0.72795004,1781189178202
2079706635,3,9.141001,-1.674,-0.69405,1781189178214
2079706645,3,9.13605,-1.677,-0.702,1781189178223
2079706655,3,9.150001,-1.65795,-0.69000006,1781189178231
2079706665,3,9.17205,-1.6840501,-0.70605004,1781189178243
2079706675,3,9.16905,-1.69605,-0.68700004,1781189178253
2079706685,3,9.196051,-1.6890001,-0.68205005,1781189178262
2079706696,3,9.19995,-1.6890001,-0.67995006,1781189178273
2079706706,3,9.217051,-1.6720501,-0.70605004,1781189178286
2079706716,3,9.23595,-1.69095,-0.711,1781189178292
2079706726,3,9.265051,-1.69095,-0.71400005,1781189178303
2079706736,3,9.29895,-1.6860001,-0.73305005,1781189178312
2079706746,3,9.294001,-1.6720501,-0.75000006,1781189178324
2079706756,3,9.27495,-1.66005,-0.75195,1781189178333
2079706766,3,9.24405,-1.64295,-0.726,1781189178343
2079706776,3,9.196051,-1.6290001,-0.71805006,1781189178352
2079706786,3,9.165,-1.62195,-0.71805006,1781189178363
2079706796,3,9.109051,-1.6170001,-0.70395005,1781189178374
2079706806,3,9.085951,-1.60695,-0.71595,1781189178383
2079706816,3,9.064051,-1.62405,-0.75195,1781189178394
2079706827,3,9.03495,-1.6170001,-0.73800004,1781189178404
2079706837,3,9.05895,-1.62195,-0.72795004,1781189178414
2079706847,3,9.102,-1.6380001,-0.70905006,1781189178423
2079706857,3,9.153001,-1.64295,-0.69705003,1781189178434
2079706867,3,9.222,-1.677,-0.69195,1781189178443
2079706877,3,9.247951,-1.6819501,-0.702,1781189178454
2079706887,3,9.265051,-1.6840501,-0.75405,1781189178464
2079706897,3,9.283951,-1.6860001,-0.78105,1781189178474
2079706907,3,9.241051,-1.674,-0.79305005,1781189178484
2079706917,3,9.21195,-1.65495,-0.79695004,1781189178495
2079706927,3,9.198001,-1.6339501,-0.771,1781189178504
2079706937,3,9.186001,-1.6290001,-0.771,1781189178513
2079706947,3,9.18795,-1.6309501,-0.75405,1781189178525
2079706958,3,9.17595,-1.6360501,-0.75705004,1781189178535
2079706968,3,9.17205,-1.6500001,-0.75705004,1781189178543
2079706978,3,9.196051,-1.6620001,-0.771,1781189178555
2079706988,3,9.217051,-1.6500001,-0.79995006,1781189178565
2079706998,3,9.229051,-1.674,-0.82095003,1781189178575
2079707008,3,9.25605,-1.6669501,-0.84300005,1781189178585
2079707018,3,9.259951,-1.65795,-0.85695004,1781189178594
2079707028,3,9.226951,-1.6459501,-0.84495,1781189178604
2079707038,3,9.18105,-1.6339501,-0.84795004,1781189178614
2079707048,3,9.1380005,-1.61205,-0.82905006,1781189178624
2079707058,3,9.129001,-1.6170001,-0.84495,1781189178635
2079707068,3,9.094951,-1.6360501,-0.85005003,1781189178646
2079707078,3,9.078,-1.6140001,-0.84795004,1781189178656
2079707088,3,9.0400505,-1.62405,-0.85005003,1781189178664
2079707099,3,9.018001,-1.6140001,-0.84300005,1781189178676
2079707109,3,9.009001,-1.6099501,-0.79995006,1781189178686
2079707119,3,9.030001,-1.6099501,-0.79305005,1781189178695
2079707129,3,9.05895,-1.6099501,-0.76605004,1781189178705
2079707139,3,9.082951,-1.6170001,-0.76395005,1781189178716
2079707149,3,9.13605,-1.6339501,-0.75900006,1781189178725
2079707159,3,9.14505,-1.6360501,-0.771,1781189178736
2079707169,3,9.232051,-1.6360501,-0.79695004,1781189178746
2079707179,3,9.27705,-1.674,-0.81195,1781189178757
2079707189,3,9.33495,-1.6789501,-0.82095003,1781189178765
2079707199,3,9.351001,-1.69305,-0.81900007,1781189178775
2079707209,3,9.375,-1.6819501,-0.82605004,1781189178786
2079707219,3,9.3490505,-1.6980001,-0.78105,1781189178796
2079707230,3,9.30105,-1.66005,-0.76095,1781189178807
2079707240,3,9.247951,-1.6500001,-0.73305005,1781189178815
2079707250,3,9.220051,-1.6339501,-0.72105,1781189178826
2079707260,3,9.208051,-1.66005,-0.73305005,1781189178837
2079707270,3,9.208051,-1.6459501,-0.75000006,1781189178848
2079707280,3,9.20505,-1.6459501,-0.77595,1781189178857
2079707290,3,9.208051,-1.6459501,-0.795,1781189178866
2079707300,3,9.17205,-1.6459501,-0.81195,1781189178877
2079707310,3,9.126,-1.626,-0.80205005,1781189178887
2079707320,3,9.118951,-1.6099501,-0.78105,1781189178896
2079707330,3,9.12405,-1.6339501,-0.78300005,1781189178908
2079707340,3,9.097051,-1.626,-0.78495,1781189178918
2079707350,3,9.10005,-1.60695,-0.76095,1781189178928
2079707361,3,9.129001,-1.6189501,-0.76905006,1781189178936
2079707371,3,9.153001,-1.6339501,-0.75900006,1781189178946
2079707381,3,9.153001,-1.6500001,-0.73995006,1781189178958
2079707391,3,9.13605,-1.6380001,-0.73305005,1781189178967
2079707401,3,9.14805,-1.6459501,-0.74205005,1781189178978
2079707411,3,9.13305,-1.6459501,-0.73005,1781189178986
2079707421,3,9.118951,-1.6500001,-0.74505,1781189178997
2079707431,3,9.10005,-1.64295,-0.73995006,1781189179007
2079707441,3,9.141001,-1.6530001,-0.735,1781189179018
2079707451,3,9.17595,-1.6459501,-0.75900006,1781189179028
2079707461,3,9.238951,-1.6720501,-0.75900006,1781189179039
2079707471,3,9.28905,-1.65795,-0.75900006,1781189179047
2079707481,3,9.29895,-1.65795,-0.76605004,1781189179058
2079707492,3,9.32295,-1.677,-0.75705004,1781189179069
2079707502,3,9.33495,-1.6650001,-0.74700004,1781189179079
2079707512,3,9.339001,-1.6530001,-0.72795004,1781189179088
2079707522,3,9.318001,-1.6530001,-0.74205005,1781189179098
2079707532,3,9.303,-1.674,-0.73800004,1781189179109
2079707542,3,9.30105,-1.6500001,-0.76605004,1781189179119
2079707552,3,9.229051,-1.6620001,-0.76095,1781189179128
2079707562,3,9.16695,-1.6360501,-0.73005,1781189179138
2079707572,3,9.106951,-1.626,-0.735,1781189179148
2079707582,3,9.073951,-1.6339501,-0.75000006,1781189179159
2079707592,3,9.093,-1.64295,-0.77595,1781189179169
2079707602,3,9.082951,-1.64295,-0.80505,1781189179178
2079707612,3,9.057,-1.65495,-0.81405,1781189179189
2079707622,3,9.073951,-1.64295,-0.83295006,1781189179199
2079707633,3,9.10005,-1.6339501,-0.87405,1781189179209
2079707643,3,9.097051,-1.641,-0.864,1781189179219
2079707653,3,9.097051,-1.61205,-0.83295006,1781189179230
2079707663,3,9.093,-1.6030501,-0.79305005,1781189179239
2079707673,3,9.102,-1.5829501,-0.77805007,1781189179249
2079707683,3,9.106951,-1.6000501,-0.74205005,1781189179260
2079707693,3,9.094951,-1.6030501,-0.74205005,1781189179269
2079707703,3,9.11205,-1.6140001,-0.73995006,1781189179279
2079707713,3,9.102,-1.61205,-0.76095,1781189179289
2079707723,3,9.129001,-1.6360501,-0.76395005,1781189179299
2079707733,3,9.153001,-1.6669501,-0.79995006,1781189179311
2079707743,3,9.220051,-1.7029501,-0.83100003,1781189179321
2079707753,3,9.253051,-1.6980001,-0.83805007,1781189179331
2079707764,3,9.28695,-1.7050501,-0.85005003,1781189179341
2079707774,3,9.306001,-1.6860001,-0.82395005,1781189179351
2079707784,3,9.327001,-1.677,-0.79005,1781189179360
2079707794,3,9.31995,-1.6699501,-0.77295005,1781189179371
2079707804,3,9.30795,-1.6650001,-0.76395005,1781189179381
2079707814,3,9.282001,-1.6500001,-0.76905006,1781189179390
2079707824,3,9.247951,-1.6720501,-0.78300005,1781189179401
2079707834,3,9.22395,-1.6819501,-0.83295006,1781189179410
2079707844,3,9.186001,-1.6840501,-0.83595,1781189179420
2079707854,3,9.12405,-1.69305,-0.84000003,1781189179431
2079707864,3,9.106951,-1.6840501,-0.81705004,1781189179441
2079707874,3,9.078,-1.6890001,-0.795,1781189179451
2079707884,3,9.081,-1.6890001,-0.78300005,1781189179460
2079707895,3,9.11205,-1.6860001,-0.80895007,1781189179472
2079707905,3,9.126,-1.69305,-0.79005,1781189179482
2079707915,3,9.15495,-1.6840501,-0.76395005,1781189179492
2079707925,3,9.165,-1.6650001,-0.75405,1781189179502
2079707935,3,9.17895,-1.6669501,-0.735,1781189179511
2079707945,3,9.19995,-1.6500001,-0.73800004,1781189179521
2079707955,3,9.208051,-1.6480501,-0.74505,1781189179531
2079707965,3,9.20505,-1.6530001,-0.74700004,1781189179543
2079707975,3,9.184051,-1.6290001,-0.75195,1781189179552
2079707985,3,9.174001,-1.6339501,-0.76905006,1781189179562
2079707995,3,9.16005,-1.64295,-0.74700004,1781189179571
2079708005,3,9.162001,-1.6530001,-0.74205005,1781189179583
2079708015,3,9.19095,-1.674,-0.75900006,1781189179593
2079708026,3,9.21,-1.69305,-0.79305005,1781189179603
2079708036,3,9.250951,-1.69605,-0.82395005,1781189179613
2079708046,3,9.27,-1.6860001,-0.85995007,1781189179622
2079708056,3,9.28905,-1.6890001,-0.84495,1781189179633
2079708066,3,9.291,-1.6720501,-0.85995007,1781189179643
2079708076,3,9.318001,-1.64295,-0.83295006,1781189179653
2079708086,3,9.32295,-1.6459501,-0.81900007,1781189179664
2079708096,3,9.32295,-1.64295,-0.80205005,1781189179672
2079708106,3,9.27495,-1.6380001,-0.83100003,1781189179682
2079708116,3,9.27705,-1.62405,-0.86205006,1781189179694
2079708126,3,9.247951,-1.6170001,-0.88605005,1781189179703
2079708136,3,9.208051,-1.6140001,-0.90000004,1781189179714
2079708146,3,9.126,-1.6170001,-0.94095004,1781189179724
2079708156,3,9.064051,-1.6140001,-0.95505005,1781189179734
2079708167,3,9.00405,-1.605,-0.97200006,1781189179742
2079708177,3,8.973001,-1.6170001,-0.92700005,1781189179753
2079708187,3,8.96595,-1.6360501,-0.89595,1781189179763
2079708197,3,8.953951,-1.69305,-0.83595,1781189179774
2079708207,3,8.99895,-1.72905,-0.77805007,1781189179783
2079708217,3,9.05895,-1.77495,-0.735,1781189179793
2079708227,3,9.109051,-1.81605,-0.72105,1781189179803
2079708237,3,9.14295,-1.8280501,-0.73005,1781189179814
2079708247,3,9.21,-1.84905,-0.74505,1781189179823
2079708257,3,9.25605,-1.84905,-0.76605004,1781189179834
2079708267,3,9.295951,-1.8400501,-0.78495,1781189179845
2079708277,3,9.30795,-1.81605,-0.78300005,1781189179855
2079708287,3,9.31995,-1.7820001,-0.78105,1781189179865
2079708298,3,9.363001,-1.7580001,-0.76905006,1781189179873
2079708308,3,9.375,-1.725,-0.75705004,1781189179885
2079708318,3,9.375,-1.6720501,-0.77595,1781189179895
2079708328,3,9.363001,-1.6480501,-0.80505,1781189179905
2079708338,3,9.315001,-1.6170001,-0.81195,1781189179915
2079708348,3,9.25605,-1.6360501,-0.84495,1781189179925
2079708358,3,9.283951,-1.6360501,-0.83295006,1781189179934
2079708368,3,9.259951,-1.6099501,-0.84000003,1781189179945
2079708378,3,9.208051,-1.5790501,-0.83595,1781189179954
2079708388,3,9.18105,-1.58595,-0.82095003,1781189179965
2079708398,3,9.14295,-1.5880501,-0.79995006,1781189179976
2079708408,3,9.10005,-1.5790501,-0.74205005,1781189179986
2079708418,3,9.064051,-1.58595,-0.68205005,1781189179995
2079708429,3,9.042001,-1.5949501,-0.66300005,1781189180006
2079708439,3,9.018001,-1.5880501,-0.642,1781189180015
2079708449,3,9.01605,-1.60695,-0.62700003,1781189180025
2079708459,3,9.01395,-1.6189501,-0.61095005,1781189180035
2079708469,3,9.057,-1.6000501,-0.61800003,1781189180045
2079708479,3,9.0709505,-1.593,-0.63000005,1781189180055
2079708489,3,9.0400505,-1.5949501,-0.61995006,1781189180067
2079708499,3,9.088051,-1.5880501,-0.60105,1781189180076
2079708509,3,9.081,-1.5880501,-0.59400004,1781189180085
2079708519,3,9.0709505,-1.57095,-0.60795003,1781189180096
2079708529,3,9.073951,-1.5810001,-0.63900006,1781189180105
2079708539,3,9.117001,-1.58595,-0.70395005,1781189180116
2079708549,3,9.153001,-1.605,-0.77295005,1781189180126
2079708559,3,9.186001,-1.6170001,-0.82605004,1781189180136
2079708570,3,9.238951,-1.6380001,-0.86700004,1781189180146
2079708580,3,9.27,-1.65495,-0.864,1781189180158
2079708590,3,9.33195,-1.65495,-0.88095003,1781189180166
2079708600,3,9.379951,-1.6530001,-0.86700004,1781189180176
2079708610,3,9.43995,-1.69605,-0.84495,1781189180186
2079708620,3,9.418051,-1.6840501,-0.81405,1781189180197
2079708630,3,9.397051,-1.6459501,-0.77595,1781189180208
2079708640,3,9.366,-1.62195,-0.73005,1781189180220
2079708650,3,9.30105,-1.626,-0.69405,1781189180228
2079708660,3,9.279,-1.6140001,-0.67305005,1781189180237
2079708670,3,9.258,-1.6030501,-0.69195,1781189180246
2079708680,3,9.27495,-1.5949501,-0.72300005,1781189180258
2079708690,3,9.271951,-1.58595,-0.78795004,1781189180267
2079708701,3,9.28905,-1.57605,-0.81705004,1781189180276
2079708711,3,9.265051,-1.5520501,-0.85695004,1781189180289
2079708721,3,9.262951,-1.5280501,-0.87600005,1781189180297
2079708731,3,9.24405,-1.5120001,-0.90000004,1781189180306
2079708741,3,9.22395,-1.50705,-0.91005003,1781189180317
2079708751,3,9.220051,-1.4970001,-0.87900007,1781189180327
2079708761,3,9.238951,-1.5090001,-0.89100003,1781189180338
2079708771,3,9.23595,-1.5000001,-0.88605005,1781189180348
2079708781,3,9.229051,-1.5120001,-0.87195003,1781189180357
2079708791,3,9.250951,-1.54005,-0.86205006,1781189180367
2079708801,3,9.27705,-1.5670501,-0.89595,1781189180379
2079708811,3,9.339001,-1.626,-0.90300006,1781189180387
2079708821,3,9.46395,-1.69605,-0.91995007,1781189180399
2079708832,3,9.595051,-1.7820001,-0.93900007,1781189180408
2079708842,3,9.67905,-1.8559501,-0.9889501,1781189180419
2079708852,3,9.70995,-1.9159501,-0.9889501,1781189180429
2079708862,3,9.703051,-1.9380001,-0.95505005,1781189180437
2079708872,3,9.663,-1.9279501,-0.90795004,1781189180449
2079708882,3,9.6,-1.8829501,-0.83595,1781189180458
2079708892,3,9.574051,-1.84395,-0.74505,1781189180469
2079708902,3,9.516001,-1.78005,-0.66300005,1781189180479
2079708912,3,9.49995,-1.7149501,-0.66105,1781189180489
2079708922,3,9.471001,-1.6699501,-0.651,1781189180498
2079708932,3,9.493051,-1.7050501,-0.61305004,1781189180509
2079708942,3,9.44205,-1.65795,-0.666,1781189180519
2079708952,3,9.354,-1.6339501,-0.72300005,1781189180530
2079708963,3,9.303,-1.6170001,-0.795,1781189180539
2079708973,3,9.109051,-1.5619501,-0.75705004,1781189180550
2079708983,3,8.923051,-1.50405,-0.72300005,1781189180560
2079708993,3,8.809951,-1.4490001,-0.65895003,1781189180570
2079709003,3,8.722051,-1.452,-0.62700003,1781189180580
2079709013,3,8.70495,-1.45395,-0.59400004,1781189180590
2079709023,3,8.74995,-1.50195,-0.59895,1781189180600
2079709033,3,8.809951,-1.5810001,-0.63495004,1781189180609
2079709043,3,8.889001,-1.5979501,-0.69000006,1781189180620
2079709053,3,8.932051,-1.5790501,-0.735,1781189180630
2079709063,3,8.89605,-1.5280501,-0.76605004,1781189180640
2079709073,3,8.889001,-1.524,-0.74505,1781189180650
2079709083,3,8.889001,-1.55505,-0.726,1781189180660
2079709093,3,8.865001,-1.5880501,-0.67800003,1781189180669
2079709104,3,8.88405,-1.5880501,-0.666,1781189180681
2079709114,3,8.899051,-1.62405,-0.666,1781189180691
2079709124,3,8.93505,-1.6309501,-0.67800003,1781189180701
2079709134,3,9.00195,-1.6720501,-0.69195,1781189180711
2079709144,3,9.09,-1.69095,-0.70395005,1781189180720
2079709154,3,9.214951,-1.725,-0.75000006,1781189180731
2079709164,3,9.29895,-1.7580001,-0.78795004,1781189180741
2079709174,3,9.303,-1.7629501,-0.83100003,1781189180751
2079709184,3,9.283951,-1.7370001,-0.82905006,1781189180760
2079709194,3,9.25605,-1.7080501,-0.84000003,1781189180770
2079709204,3,9.241051,-1.6699501,-0.82905006,1781189180782
2079709214,3,9.19095,-1.641,-0.80700004,1781189180791
2079709224,3,9.14295,-1.6140001,-0.83100003,1781189180801
2079709235,3,9.094951,-1.57395,-0.81900007,1781189180811
2079709245,3,9.052051,-1.5330001,-0.83100003,1781189180820
2079709255,3,8.96805,-1.50705,-0.80700004,1781189180832
2079709265,3,8.87205,-1.4490001,-0.76905006,1781189180841
2079709275,3,8.809951,-1.4089501,-0.74700004,1781189180852
2079709285,3,8.805,-1.4130001,-0.735,1781189180862
2079709295,3,8.83395,-1.41795,-0.74505,1781189180871
2079709305,3,8.899051,-1.4250001,-0.75000006,1781189180882
2079709315,3,8.956051,-1.4440501,-0.77295005,1781189180892
2079709325,3,9.04695,-1.4640001,-0.81900007,1781189180903
2079709335,3,9.061951,-1.46595,-0.84495,1781189180911
2079709345,3,9.0709505,-1.46595,-0.84795004,1781189180922
2079709355,3,9.082951,-1.4610001,-0.86700004,1781189180932
2079709366,3,9.1050005,-1.437,-0.85995007,1781189180942
2079709376,3,9.14295,-1.44,-0.86895007,1781189180953
2079709386,3,9.16695,-1.44,-0.855,1781189180963
2079709396,3,9.19305,-1.45605,-0.83295006,1781189180973
2079709406,3,9.20505,-1.4830501,-0.79005,1781189180983
2079709416,3,9.22395,-1.4640001,-0.75705004,1781189180992
2079709426,3,9.229051,-1.4830501,-0.72795004,1781189181002
2079709436,3,9.265051,-1.4830501,-0.711,1781189181012
2079709446,3,9.279,-1.50405,-0.71400005,1781189181023
2079709456,3,9.282001,-1.5310501,-0.72795004,1781189181034
2079709466,3,9.24405,-1.5330001,-0.726,1781189181042
2079709476,3,9.232051,-1.5450001,-0.73305005,1781189181054
2079709486,3,9.21195,-1.5670501,-0.72105,1781189181063
2079709497,3,9.19995,-1.5880501,-0.70605004,1781189181074
2079709507,3,9.220051,-1.5949501,-0.71805006,1781189181082
2079709517,3,9.226951,-1.5979501,-0.70395005,1781189181094
2079709527,3,9.253051,-1.5979501,-0.69405,1781189181104
2079709537,3,9.282001,-1.5670501,-0.70905006,1781189181114
2079709547,3,9.31995,-1.557,-0.75195,1781189181124
2079709557,3,9.303,-1.54005,-0.78795004,1781189181134
2079709567,3,9.339001,-1.5120001,-0.83805007,1781189181143
2079709577,3,9.34395,-1.50705,-0.88605005,1781189181154
2079709587,3,9.354,-1.4899501,-0.90000004,1781189181165
2079709597,3,9.33495,-1.4970001,-0.89805007,1781189181174
2079709607,3,9.294001,-1.4950501,-0.89295006,1781189181186
2079709617,3,9.226951,-1.4760001,-0.85695004,1781189181195
2079709627,3,9.18795,-1.4899501,-0.83100003,1781189181205
2079709638,3,9.162001,-1.5310501,-0.80895007,1781189181218
2079709648,3,9.17895,-1.5520501,-0.795,1781189181225
2079709658,3,9.17595,-1.593,-0.77595,1781189181234
2079709668,3,9.2029505,-1.6290001,-0.77595,1781189181245
2079709678,3,9.222,-1.64295,-0.795,1781189181254
2079709688,3,9.241051,-1.64295,-0.79305005,1781189181267
2079709698,3,9.25605,-1.60695,-0.77595,1781189181274
2079709708,3,9.262951,-1.5979501,-0.735,1781189181287
2079709718,3,9.25605,-1.5690001,-0.71805006,1781189181294
2079709728,3,9.222,-1.53495,-0.651,1781189181305
2079709738,3,9.21,-1.5160501,-0.59595,1781189181317
2079709748,3,9.18795,-1.4950501,-0.56295,1781189181326
2079709758,3,9.2029505,-1.5090001,-0.55095005,1781189181335
2079709769,3,9.18795,-1.4950501,-0.55995005,1781189181347
2079709779,3,9.232051,-1.50705,-0.59400004,1781189181356
2079709789,3,9.226951,-1.5310501,-0.63495004,1781189181366
2079709799,3,9.222,-1.521,-0.63195,1781189181376
2079709809,3,9.247951,-1.53495,-0.67800003,1781189181385
2079709819,3,9.262951,-1.5280501,-0.73005,1781189181395
2079709829,3,9.271951,-1.524,-0.79695004,1781189181407
2079709839,3,9.27495,-1.5280501,-0.81195,1781189181417
2079709849,3,9.327001,-1.5280501,-0.82095003,1781189181425
2079709859,3,9.3490505,-1.524,-0.82395005,1781189181435
2079709869,3,9.34605,-1.5499501,-0.84495,1781189181447
2079709879,3,9.33195,-1.59105,-0.86205006,1781189181455
2079709889,3,9.31095,-1.6000501,-0.88395005,1781189181465
2079709900,3,9.27495,-1.5979501,-0.88395005,1781189181475
2079709910,3,9.222,-1.6099501,-0.864,1781189181486
2079709920,3,9.253051,-1.60695,-0.87900007,1781189181498
2079709930,3,9.226951,-1.6170001,-0.83805007,1781189181508
2079709940,3,9.18795,-1.641,-0.77595,1781189181518
2079709950,3,9.174001,-1.641,-0.75195,1781189181527
2079709960,3,9.165,-1.6189501,-0.71595,1781189181538
2079709970,3,9.16905,-1.605,-0.72105,1781189181546
2079709980,3,9.184051,-1.6099501,-0.71805006,1781189181556
2079709990,3,9.18795,-1.60695,-0.73995006,1781189181568
2079710000,3,9.184051,-1.5880501,-0.70605004,1781189181578
2079710010,3,9.16905,-1.557,-0.675,1781189181588
2079710020,3,9.16695,-1.5139501,-0.675,1781189181598
2079710030,3,9.16695,-1.5160501,-0.65895003,1781189181606
2079710041,3,9.14295,-1.5120001,-0.63900006,1781189181616
2079710051,3,9.165,-1.5280501,-0.63900006,1781189181626
2079710061,3,9.19305,-1.5469501,-0.69000006,1781189181637
2079710071,3,9.220051,-1.55505,-0.74700004,1781189181647
2079710081,3,9.24405,-1.57395,-0.78300005,1781189181658
2079710091,3,9.238951,-1.5640501,-0.82905006,1781189181668
2079710101,3,9.208051,-1.5619501,-0.81900007,1781189181678
2079710111,3,9.16695,-1.5280501,-0.83100003,1781189181688
2079710121,3,9.12405,-1.5280501,-0.80505,1781189181698
2079710131,3,9.12405,-1.5310501,-0.76905006,1781189181707
2079710141,3,9.129001,-1.5520501,-0.78495,1781189181719
2079710151,3,9.126,-1.5690001,-0.77595,1781189181729
2079710161,3,9.17895,-1.5790501,-0.80205005,1781189181738
2079710172,3,9.17895,-1.605,-0.78495,1781189181751
2079710182,3,9.19305,-1.60695,-0.77595,1781189181759
2079710192,3,9.2029505,-1.6380001,-0.78300005,1781189181769
2079710202,3,9.22395,-1.6339501,-0.76095,1781189181778
2079710212,3,9.241051,-1.6290001,-0.73995006,1781189181789
2079710222,3,9.250951,-1.6339501,-0.72300005,1781189181799
2079710232,3,9.24405,-1.6000501,-0.72105,1781189181809
2079710242,3,9.262951,-1.6000501,-0.70905006,1781189181819
2079710252,3,9.259951,-1.593,-0.73305005,1781189181830
2079710262,3,9.250951,-1.5829501,-0.70905006,1781189181839
2079710272,3,9.232051,-1.5670501,-0.70395005,1781189181850
2079710282,3,9.17895,-1.5450001,-0.72105,1781189181860
2079710292,3,9.12405,-1.5160501,-0.69705003,1781189181870
2079710303,3,9.097051,-1.521,-0.69900006,1781189181878
2079710313,3,9.069,-1.5190501,-0.67800003,1781189181888
2079710323,3,9.049951,-1.5310501,-0.69705003,1781189181899
2079710333,3,9.0379505,-1.5259501,-0.67800003,1781189181910
2079710343,3,9.030001,-1.54005,-0.67800003,1781189181919
2079710353,3,9.064051,-1.524,-0.69000006,1781189181930
2079710363,3,9.093,-1.524,-0.711,1781189181940
2079710373,3,9.126,-1.5190501,-0.73005,1781189181949
2079710383,3,9.150001,-1.521,-0.77295005,1781189181960
2079710393,3,9.18795,-1.5330001,-0.78300005,1781189181970
2079710403,3,9.246,-1.53495,-0.78795004,1781189181981
2079710413,3,9.28905,-1.5520501,-0.79005,1781189181989
2079710423,3,9.339001,-1.5450001,-0.76605004,1781189182001
2079710434,3,9.373051,-1.57605,-0.76905006,1781189182011
2079710444,3,9.39,-1.5690001,-0.74700004,1781189182021
2079710454,3,9.354,-1.5690001,-0.72105,1781189182031
2079710464,3,9.34605,-1.5979501,-0.73305005,1781189182041
2079710474,3,9.35805,-1.6030501,-0.71595,1781189182051
2079710484,3,9.33195,-1.605,-0.71805006,1781189182061
2079710494,3,9.291,-1.6140001,-0.70605004,1781189182070
2079710504,3,9.267,-1.6099501,-0.72795004,1781189182081
2079710514,3,9.250951,-1.6170001,-0.72300005,1781189182091
2079710524,3,9.22395,-1.5949501,-0.76605004,1781189182100
2079710534,3,9.22395,-1.57395,-0.77805007,1781189182110
2079710544,3,9.196051,-1.5589501,-0.81195,1781189182120
2079710554,3,9.16905,-1.5499501,-0.78495,1781189182131
2079710564,3,9.117001,-1.5090001,-0.77295005,1781189182142
2079710575,3,9.082951,-1.4970001,-0.76395005,1781189182150
2079710585,3,9.106951,-1.4899501,-0.795,1781189182162
2079710595,3,9.097051,-1.50705,-0.77805007,1781189182172
2079710605,3,9.082951,-1.50405,-0.76605004,1781189182181
2079710615,3,9.097051,-1.5330001,-0.75405,1781189182191
2079710625,3,9.150001,-1.54005,-0.75900006,1781189182202
2079710635,3,9.16905,-1.5499501,-0.76395005,1781189182211
2079710645,3,9.17205,-1.5640501,-0.735,1781189182224
2079710655,3,9.196051,-1.5640501,-0.69900006,1781189182231
2079710665,3,9.19995,-1.5469501,-0.69405,1781189182243
2079710675,3,9.238951,-1.54005,-0.68205005,1781189182252
2079710685,3,9.271951,-1.5520501,-0.69000006,1781189182262
2079710695,3,9.30795,-1.5280501,-0.70605004,1781189182271
2079710706,3,9.327001,-1.5499501,-0.71805006,1781189182281
2079710716,3,9.29895,-1.53795,-0.73005,1781189182291
2079710726,3,9.265051,-1.5259501,-0.70905006,1781189182303
2079710736,3,9.241051,-1.5139501,-0.711,1781189182312
2079710746,3,9.17895,-1.5090001,-0.72105,1781189182323
2079710756,3,9.174001,-1.524,-0.72105,1781189182334
2079710766,3,9.17595,-1.5670501,-0.74505,1781189182343
2079710776,3,9.17595,-1.6000501,-0.75900006,1781189182353
2079710786,3,9.17595,-1.5979501,-0.77295005,1781189182362
2079710796,3,9.162001,-1.6170001,-0.77805007,1781189182373
2079710806,3,9.14505,-1.5810001,-0.78495,1781189182382
2079710816,3,9.129001,-1.5520501,-0.75195,1781189182393
2079710826,3,9.102,-1.524,-0.74700004,1781189182402
2079710837,3,9.088051,-1.50195,-0.73800004,1781189182414
2079710847,3,9.097051,-1.4830501,-0.72300005,1781189182424
2079710857,3,9.13305,-1.4899501,-0.73995006,1781189182434
2079710867,3,9.153001,-1.50195,-0.75900006,1781189182444
2079710877,3,9.16905,-1.5160501,-0.74205005,1781189182454
2079710887,3,9.19095,-1.5310501,-0.72795004,1781189182464
2079710897,3,9.21195,-1.5880501,-0.72105,1781189182473
2079710907,3,9.22395,-1.6030501,-0.70905006,1781189182484
2079710917,3,9.24405,-1.62405,-0.70395005,1781189182494
2079710927,3,9.27,-1.6309501,-0.70395005,1781189182503
2079710937,3,9.291,-1.6309501,-0.72105,1781189182515
2079710947,3,9.258,-1.6099501,-0.73995006,1781189182524
2079710957,3,9.238951,-1.6000501,-0.74505,1781189182534
2079710968,3,9.217051,-1.5829501,-0.77295005,1781189182544
2079710978,3,9.21,-1.58595,-0.78300005,1781189182555
2079710988,3,9.19305,-1.55505,-0.80895007,1781189182564
2079710998,3,9.17895,-1.5589501,-0.79995006,1781189182574
2079711008,3,9.14505,-1.55505,-0.75405,1781189182585
2079711018,3,9.121051,-1.557,-0.76605004,1781189182595
2079711028,3,9.114,-1.55505,-0.72300005,1781189182605
2079711038,3,9.165,-1.5880501,-0.72300005,1781189182615
2079711048,3,9.20505,-1.59105,-0.72300005,1781189182625
2079711058,3,9.241051,-1.626,-0.73305005,1781189182634
2079711068,3,9.282001,-1.6500001,-0.74205005,1781189182646
2079711078,3,9.33495,-1.674,-0.77595,1781189182655
2079711088,3,9.363001,-1.6650001,-0.78795004,1781189182666
2079711098,3,9.363001,-1.6669501,-0.79005,1781189182674
2079711109,3,9.33705,-1.6459501,-0.75900006,1781189182686
2079711119,3,9.267,-1.6380001,-0.726,1781189182696
2079711129,3,9.232051,-1.6309501,-0.67305005,1781189182707
2079711139,3,9.196051,-1.6380001,-0.66300005,1781189182716
2079711149,3,9.14505,-1.60695,-0.64395005,1781189182727
2079711159,3,9.126,-1.593,-0.68505,1781189182736
2079711169,3,9.106951,-1.5640501,-0.75000006,1781189182750
2079711179,3,9.064051,-1.5810001,-0.771,1781189182755
2079711189,3,9.0379505,-1.57395,-0.80505,1781189182768
2079711199,3,9.0379505,-1.5979501,-0.82605004,1781189182777
2079711209,3,9.0709505,-1.6030501,-0.84000003,1781189182786
2079711219,3,9.069,-1.60695,-0.82395005,1781189182795
2079711229,3,9.088051,-1.593,-0.81705004,1781189182808
2079711240,3,9.10005,-1.60695,-0.79995006,1781189182817
2079711250,3,9.14805,-1.62405,-0.795,1781189182825
2079711260,3,9.165,-1.6099501,-0.78105,1781189182836
2079711270,3,9.18795,-1.605,-0.771,1781189182846
2079711280,3,9.24405,-1.6030501,-0.74205005,1781189182858
2079711290,3,9.250951,-1.626,-0.711,1781189182866
2079711300,3,9.258,-1.6309501,-0.69705003,1781189182876
2079711310,3,9.258,-1.65795,-0.67995006,1781189182887
2079711320,3,9.27495,-1.65795,-0.68205005,1781189182898
2079711330,3,9.291,-1.6620001,-0.68205005,1781189182907
2079711340,3,9.306001,-1.66005,-0.70395005,1781189182916
2079711350,3,9.31095,-1.6309501,-0.68700004,1781189182926
2079711360,3,9.30795,-1.6380001,-0.71805006,1781189182939
2079711371,3,9.27495,-1.6099501,-0.711,1781189182947
2079711381,3,9.238951,-1.5790501,-0.71595,1781189182956
2079711391,3,9.2029505,-1.54305,-0.73800004,1781189182966
2079711401,3,9.13605,-1.5160501,-0.74700004,1781189182978
2079711411,3,9.073951,-1.49205,-0.735,1781189182987
2079711421,3,9.069,-1.4899501,-0.726,1781189182998
2079711431,3,9.078,-1.4760001,-0.72105,1781189183007
2079711441,3,9.02595,-1.5090001,-0.71595,1781189183017
2079711451,3,9.009001,-1.5139501,-0.67995006,1781189183027
2079711461,3,9.049951,-1.54005,-0.69900006,1781189183038
2079711471,3,9.073951,-1.5589501,-0.726,1781189183047
2079711481,3,9.10005,-1.5829501,-0.72795004,1781189183058
2079711491,3,9.141001,-1.60695,-0.74505,1781189183068
2079711502,3,9.18795,-1.6000501,-0.735,1781189183079
2079711512,3,9.19995,-1.5829501,-0.73800004,1781189183087
2079711522,3,9.214951,-1.57095,-0.75405,1781189183097
2079711532,3,9.25605,-1.557,-0.74700004,1781189183109
2079711542,3,9.27,-1.5450001,-0.75900006,1781189183119
2079711552,3,9.247951,-1.54005,-0.75900006,1781189183128
2079711562,3,9.247951,-1.5310501,-0.735,1781189183138
2079711572,3,9.229051,-1.5280501,-0.72300005,1781189183149
2079711582,3,9.208051,-1.54005,-0.73005,1781189183158
2079711592,3,9.21195,-1.57095,-0.73995006,1781189183168
2079711602,3,9.232051,-1.58595,-0.77595,1781189183178
2079711612,3,9.24405,-1.641,-0.77805007,1781189183188
2079711622,3,9.222,-1.6360501,-0.771,1781189183199
2079711632,3,9.18795,-1.6140001,-0.76095,1781189183209
2079711643,3,9.217051,-1.626,-0.72795004,1781189183219
2079711653,3,9.217051,-1.605,-0.735,1781189183229
2079711663,3,9.19305,-1.57605,-0.73995006,1781189183240
2079711673,3,9.16905,-1.5829501,-0.72300005,1781189183251
2079711683,3,9.16005,-1.5589501,-0.73800004,1781189183259
2079711693,3,9.15705,-1.53495,-0.75405,1781189183270
2079711703,3,9.13095,-1.5469501,-0.75405,1781189183282
2079711713,3,9.102,-1.53795,-0.76605004,1781189183289
2079711723,3,9.09,-1.5520501,-0.75000006,1781189183299
2079711733,3,9.117001,-1.5640501,-0.78105,1781189183311
2079711743,3,9.13095,-1.58595,-0.82395005,1781189183320
2079711753,3,9.14505,-1.5829501,-0.83295006,1781189183331
2079711763,3,9.153001,-1.5640501,-0.80895007,1781189183341
2079711774,3,9.14805,-1.5619501,-0.77295005,1781189183350
2079711784,3,9.184051,-1.5829501,-0.79695004,1781189183360
2079711794,3,9.28905,-1.6030501,-0.82095003,1781189183371
2079711804,3,9.29895,-1.61205,-0.80895007,1781189183381
2079711814,3,9.250951,-1.5880501,-0.78495,1781189183391
2079711824,3,9.246,-1.5790501,-0.72300005,1781189183401
2079711834,3,9.259951,-1.5979501,-0.73800004,1781189183410
2079711844,3,9.28695,-1.62405,-0.711,1781189183421
2079711854,3,9.31095,-1.6480501,-0.71595,1781189183431
2079711864,3,9.32505,-1.66005,-0.72300005,1781189183440
2079711874,3,9.258,-1.65495,-0.726,1781189183452
2079711884,3,9.217051,-1.6480501,-0.71805006,1781189183462
2079711894,3,9.229051,-1.65795,-0.74505,1781189183472
2079711905,3,9.24405,-1.66005,-0.80700004,1781189183482
2079711915,3,9.265051,-1.674,-0.84300005,1781189183492
2079711925,3,9.232051,-1.6500001,-0.83595,1781189183501
2079711935,3,9.19995,-1.6140001,-0.795,1781189183512
2079711945,3,9.15705,-1.59105,-0.79005,1781189183522
2079711955,3,9.141001,-1.5949501,-0.79305005,1781189183531
2079711965,3,9.141001,-1.5880501,-0.79305005,1781189183543
2079711975,3,9.13305,-1.59105,-0.78495,1781189183551
2079711985,3,9.13095,-1.6000501,-0.795,1781189183562
2079711995,3,9.102,-1.5979501,-0.77595,1781189183572
2079712005,3,9.064051,-1.5829501,-0.795,1781189183582
2079712015,3,9.09,-1.59105,-0.78495,1781189183591
2079712025,3,9.076051,-1.5670501,-0.80895007,1781189183603
2079712035,3,9.10005,-1.5790501,-0.795,1781189183611
2079712046,3,9.14505,-1.57095,-0.80205005,1781189183623
2079712056,3,9.186001,-1.5880501,-0.82905006,1781189183632
2079712066,3,9.196051,-1.5880501,-0.81705004,1781189183643
2079712076,3,9.250951,-1.5790501,-0.79695004,1781189183653
2079712086,3,9.27705,-1.6170001,-0.79995006,1781189183663
2079712096,3,9.31095,-1.60695,-0.79995006,1781189183673
2079712106,3,9.33495,-1.62405,-0.80505,1781189183683
2079712116,3,9.318001,-1.626,-0.82605004,1781189183692
2079712126,3,9.279,-1.6170001,-0.80205005,1781189183702
2079712136,3,9.24405,-1.6030501,-0.795,1781189183713
2079712146,3,9.217051,-1.60695,-0.771,1781189183723
2079712156,3,9.25605,-1.6309501,-0.76905006,1781189183734
2079712166,3,9.31305,-1.66005,-0.79005,1781189183742
2079712177,3,9.31995,-1.6480501,-0.81705004,1781189183753
2079712187,3,9.31095,-1.64295,-0.80205005,1781189183763
2079712197,3,9.27495,-1.6170001,-0.81195,1781189183772
2079712207,3,9.247951,-1.5810001,-0.82395005,1781189183784
2079712217,3,9.19995,-1.57395,-0.82395005,1781189183794
2079712227,3,9.14295,-1.55505,-0.80700004,1781189183802
2079712237,3,9.088051,-1.53795,-0.771,1781189183813
2079712247,3,9.081,-1.57605,-0.735,1781189183825
2079712257,3,9.081,-1.57095,-0.75195,1781189183835
2079712267,3,9.129001,-1.6000501,-0.74700004,1781189183844
2079712277,3,9.114,-1.6140001,-0.75195,1781189183853
2079712287,3,9.094951,-1.59105,-0.74700004,1781189183864
2079712297,3,9.088051,-1.58595,-0.75900006,1781189183873
2079712308,3,9.118951,-1.6000501,-0.78300005,1781189183885
2079712318,3,9.150001,-1.6140001,-0.79695004,1781189183895
2079712328,3,9.18105,-1.5979501,-0.79695004,1781189183905
2079712338,3,9.18105,-1.60695,-0.77805007,1781189183915
2079712348,3,9.241051,-1.593,-0.771,1781189183925
2079712358,3,9.28905,-1.59105,-0.77805007,1781189183934
2079712368,3,9.241051,-1.57605,-0.73995006,1781189183944
2079712378,3,9.21,-1.593,-0.69705003,1781189183955
2079712388,3,9.19095,-1.6000501,-0.67995006,1781189183964
2079712398,3,9.19305,-1.6170001,-0.65400004,1781189183975
2079712408,3,9.2029505,-1.64295,-0.67305005,1781189183986
2079712418,3,9.24405,-1.6669501,-0.69000006,1781189183995
2079712428,3,9.262951,-1.6720501,-0.70905006,1781189184005
2079712439,3,9.28905,-1.677,-0.735,1781189184015
2079712449,3,9.306001,-1.6720501,-0.735,1781189184025
2079712459,3,9.306001,-1.6480501,-0.75405,1781189184036
2079712469,3,9.282001,-1.626,-0.75000006,1781189184047
2079712479,3,9.259951,-1.6309501,-0.75900006,1781189184056
2079712489,3,9.23595,-1.6030501,-0.75000006,1781189184067
2079712499,3,9.196051,-1.57095,-0.735,1781189184075
2079712509,3,9.15705,-1.5589501,-0.71805006,1781189184088
2079712519,3,9.109051,-1.57395,-0.66795003,1781189184095
2079712529,3,9.117001,-1.57605,-0.65400004,1781189184105
2079712539,3,9.13095,-1.62195,-0.65895003,1781189184115
2079712549,3,9.16005,-1.6309501,-0.69000006,1781189184126
2079712559,3,9.15495,-1.65495,-0.735,1781189184138
2079712569,3,9.14295,-1.6189501,-0.75405,1781189184145
2079712580,3,9.114,-1.6309501,-0.78105,1781189184157
2079712590,3,9.09,-1.61205,-0.81900007,1781189184167
2079712600,3,9.094951,-1.61205,-0.82095003,1781189184175
2079712610,3,9.102,-1.61205,-0.83805007,1781189184186
2079712620,3,9.1380005,-1.61205,-0.83100003,1781189184197
2079712630,3,9.15495,-1.58595,-0.85005003,1781189184206
2079712640,3,9.16005,-1.59105,-0.855,1781189184219
2079712650,3,9.14805,-1.59105,-0.82395005,1781189184227
2079712660,3,9.2029505,-1.5790501,-0.78300005,1781189184237
2079712670,3,9.21,-1.5880501,-0.78795004,1781189184247
2079712680,3,9.20505,-1.5810001,-0.74505,1781189184258
2079712690,3,9.222,-1.5880501,-0.73995006,1781189184267
2079712700,3,9.258,-1.6309501,-0.75000006,1781189184276
2079712711,3,9.267,-1.6309501,-0.74700004,1781189184287
2079712721,3,9.27,-1.6380001,-0.75705004,1781189184297
2079712731,3,9.29895,-1.6290001,-0.75000006,1781189184306
2079712741,3,9.31995,-1.6360501,-0.771,1781189184318
2079712751,3,9.363001,-1.641,-0.78105,1781189184327
2079712761,3,9.35805,-1.6170001,-0.80505,1781189184337
2079712771,3,9.303,-1.593,-0.79005,1781189184348
2079712781,3,9.2029505,-1.5619501,-0.75900006,1781189184357
2079712791,3,9.174001,-1.5690001,-0.75000006,1781189184367
2079712801,3,9.1380005,-1.55505,-0.75705004,1781189184378
2079712811,3,9.14295,-1.58595,-0.76395005,1781189184388
2079712821,3,9.14805,-1.6030501,-0.78795004,1781189184399
2079712831,3,9.14805,-1.62405,-0.84000003,1781189184409
2079712842,3,9.14805,-1.6030501,-0.86895007,1781189184419
2079712852,3,9.174001,-1.626,-0.91200006,1781189184428
2079712862,3,9.174001,-1.62405,-0.94605005,1781189184437
2079712872,3,9.15495,-1.6140001,-0.94095004,1781189184449
2079712882,3,9.118951,-1.5979501,-0.93900007,1781189184458
2079712892,3,9.066,-1.57395,-0.88395005,1781189184469
2079712902,3,9.057,-1.5520501,-0.85005003,1781189184478
2079712912,3,9.09,-1.5640501,-0.83595,1781189184489
2079712922,3,9.14295,-1.5690001,-0.79995006,1781189184498
2079712932,3,9.198001,-1.6000501,-0.79005,1781189184510
2079712942,3,9.259951,-1.6309501,-0.77295005,1781189184518
2079712952,3,9.294001,-1.6170001,-0.77295005,1781189184529
2079712962,3,9.31305,-1.6290001,-0.77805007,1781189184539
2079712973,3,9.306001,-1.626,-0.78300005,1781189184549
2079712983,3,9.282001,-1.62405,-0.76605004,1781189184560
2079712993,3,9.267,-1.6000501,-0.75195,1781189184570
2079713003,3,9.232051,-1.6030501,-0.73800004,1781189184580
2079713013,3,9.20505,-1.57605,-0.73005,1781189184590
2079713023,3,9.217051,-1.5469501,-0.74205005,1781189184600
2079713033,3,9.232051,-1.5640501,-0.75900006,1781189184610
2079713043,3,9.226951,-1.5619501,-0.77805007,1781189184619
2079713053,3,9.220051,-1.5670501,-0.771,1781189184630
2079713063,3,9.21,-1.5280501,-0.75000006,1781189184640
2079713073,3,9.19995,-1.5450001,-0.73005,1781189184650
2079713083,3,9.19095,-1.53495,-0.73995006,1781189184660
2079713093,3,9.21,-1.5520501,-0.75705004,1781189184671
2079713103,3,9.17595,-1.5670501,-0.76605004,1781189184681
2079713114,3,9.141001,-1.55505,-0.76095,1781189184691
2079713124,3,9.121051,-1.557,-0.74700004,1781189184700
2079713134,3,9.121051,-1.5670501,-0.76905006,1781189184711
2079713144,3,9.117001,-1.55505,-0.76905006,1781189184721
2079713154,3,9.09,-1.54305,-0.75000006,1781189184731
2079713164,3,9.082951,-1.5280501,-0.73305005,1781189184741
2079713174,3,9.121051,-1.53795,-0.73305005,1781189184752
2079713184,3,9.16695,-1.5520501,-0.74205005,1781189184761
2079713194,3,9.18795,-1.54305,-0.76905006,1781189184771
2079713204,3,9.16005,-1.5259501,-0.75900006,1781189184780
2079713214,3,9.17595,-1.5310501,-0.75195,1781189184792
2079713224,3,9.208051,-1.5259501,-0.74505,1781189184802
2079713234,3,9.234,-1.53795,-0.74205005,1781189184811
2079713245,3,9.247951,-1.524,-0.74505,1781189184821
2079713255,3,9.241051,-1.5139501,-0.74205005,1781189184832
2079713265,3,9.241051,-1.5120001,-0.71595,1781189184842
2079713275,3,9.247951,-1.5160501,-0.72105,1781189184852
2079713285,3,9.271951,-1.5160501,-0.73800004,1781189184862
2079713295,3,9.283951,-1.5310501,-0.73800004,1781189184871
2079713305,3,9.31305,-1.54305,-0.73305005,1781189184882
2079713315,3,9.28695,-1.5310501,-0.75000006,1781189184892
2079713325,3,9.267,-1.5259501,-0.74505,1781189184902
2079713335,3,9.271951,-1.524,-0.75900006,1781189184912
2079713345,3,9.232051,-1.5280501,-0.75705004,1781189184923
2079713355,3,9.229051,-1.5090001,-0.76905006,1781189184933
2079713365,3,9.226951,-1.53795,-0.75405,1781189184943
2079713376,3,9.21,-1.53795,-0.771,1781189184953
2079713386,3,9.198001,-1.5499501,-0.75900006,1781189184961
2079713396,3,9.174001,-1.53495,-0.79305005,1781189184973
2079713406,3,9.16005,-1.5330001,-0.82095003,1781189184982
2079713416,3,9.18105,-1.5589501,-0.83295006,1781189184993
2079713426,3,9.214951,-1.5810001,-0.8880001,1781189185002
2079713436,3,9.241051,-1.5690001,-0.90300006,1781189185012
2079713446,3,9.214951,-1.5640501,-0.89595,1781189185023
2079713456,3,9.16695,-1.54005,-0.88095003,1781189185032
2079713466,3,9.093,-1.5120001,-0.84795004,1781189185042
2079713476,3,9.02595,-1.5000001,-0.81705004,1781189185054
2079713486,3,8.961,-1.4760001,-0.77295005,1781189185063
2079713496,3,8.96805,-1.49205,-0.74505,1781189185074
2079713507,3,9.030001,-1.5330001,-0.75195,1781189185082
2079713517,3,9.097051,-1.557,-0.75705004,1781189185094
2079713527,3,9.16695,-1.55505,-0.76095,1781189185102
2079713537,3,9.24405,-1.58595,-0.78495,1781189185114
2079713547,3,9.30795,-1.5979501,-0.82095003,1781189185124
2079713557,3,9.33705,-1.59105,-0.85005003,1781189185134
2079713567,3,9.33495,-1.5810001,-0.85005003,1781189185144
2079713577,3,9.361051,-1.5640501,-0.82095003,1781189185154
2079713587,3,9.354,-1.5450001,-0.81405,1781189185164
2079713597,3,9.342,-1.5520501,-0.795,1781189185173
2079713607,3,9.315001,-1.5619501,-0.75900006,1781189185184
2079713617,3,9.259951,-1.5619501,-0.74700004,1781189185194
2079713627,3,9.17205,-1.5810001,-0.73305005,1781189185204
2079713637,3,9.1050005,-1.5949501,-0.73005,1781189185215
2079713648,3,9.081,-1.61205,-0.75900006,1781189185224
2079713658,3,9.042001,-1.6360501,-0.79305005,1781189185234
2079713668,3,9.009001,-1.641,-0.82605004,1781189185245
2079713678,3,9.0070505,-1.6290001,-0.80505,1781189185255
2079713688,3,9.0379505,-1.6480501,-0.83295006,1781189185264
2079713698,3,9.081,-1.6459501,-0.88095003,1781189185275
2079713708,3,9.118951,-1.6360501,-0.87600005,1781189185283
2079713718,3,9.141001,-1.6140001,-0.86895007,1781189185295
2079713728,3,9.15495,-1.58595,-0.83805007,1781189185305
2079713738,3,9.208051,-1.5790501,-0.83295006,1781189185316
2079713748,3,9.27,-1.57395,-0.81900007,1781189185326
2079713758,3,9.32295,-1.5829501,-0.79005,1781189185334
2079713768,3,9.303,-1.57095,-0.77805007,1781189185344
2079713779,3,9.28695,-1.5690001,-0.726,1781189185356
2079713789,3,9.253051,-1.5810001,-0.69000006,1781189185365
2079713799,3,9.234,-1.57395,-0.651,1781189185376
2079713809,3,9.186001,-1.6000501,-0.63495004,1781189185386
2079713819,3,9.19995,-1.6170001,-0.62505,1781189185397
2079713829,3,9.19995,-1.6530001,-0.63000005,1781189185406
2079713839,3,9.17895,-1.6360501,-0.675,1781189185416
2079713849,3,9.220051,-1.6650001,-0.69405,1781189185425
2079713859,3,9.250951,-1.6620001,-0.74700004,1781189185436
2079713869,3,9.27495,-1.66005,-0.75405,1781189185446
2079713879,3,9.28905,-1.62405,-0.78495,1781189185455
2079713889,3,9.265051,-1.6030501,-0.795,1781189185467
2079713899,3,9.21,-1.6170001,-0.78495,1781189185475
2079713910,3,9.18795,-1.60695,-0.78300005,1781189185486
2079713920,3,9.15495,-1.6030501,-0.82905006,1781189185496
2079713930,3,9.12405,-1.6030501,-0.84795004,1781189185507
2079713940,3,9.121051,-1.6189501,-0.85200006,1781189185517
2079713950,3,9.106951,-1.6099501,-0.84495,1781189185526
2079713960,3,9.109051,-1.6380001,-0.86205006,1781189185537
2079713970,3,9.057,-1.6290001,-0.855,1781189185548
2079713980,3,9.0400505,-1.626,-0.81195,1781189185558
2079713990,3,9.01605,-1.605,-0.81195,1781189185566
2079714000,3,9.00195,-1.5880501,-0.77295005,1781189185578
2079714010,3,9.03495,-1.593,-0.76395005,1781189185588
2079714020,3,9.064051,-1.58595,-0.771,1781189185598
2079714030,3,9.13095,-1.5810001,-0.75405,1781189185608
2079714040,3,9.19995,-1.6030501,-0.76905006,1781189185618
2079714051,3,9.25605,-1.6030501,-0.78300005,1781189185628
2079714061,3,9.279,-1.61205,-0.75000006,1781189185637
2079714071,3,9.291,-1.61205,-0.73995006,1781189185646
2079714081,3,9.330001,-1.6030501,-0.71805006,1781189185657
2079714091,3,9.327001,-1.6189501,-0.71595,1781189185667
2079714101,3,9.327001,-1.6530001,-0.70605004,1781189185677
2079714111,3,9.330001,-1.6380001,-0.71400005,1781189185687
2079714121,3,9.303,-1.6720501,-0.74505,1781189185698
2079714131,3,9.259951,-1.6500001,-0.75405,1781189185707
2079714141,3,9.232051,-1.6500001,-0.75705004,1781189185717
2079714151,3,9.234,-1.64295,-0.77295005,1781189185728
2079714161,3,9.23595,-1.6459501,-0.77805007,1781189185737
2079714171,3,9.18795,-1.6309501,-0.77295005,1781189185748
2079714182,3,9.16695,-1.6170001,-0.75405,1781189185759
2079714192,3,9.15495,-1.61205,-0.76905006,1781189185768
2079714202,3,9.121051,-1.6000501,-0.75900006,1781189185778
2079714212,3,9.117001,-1.5880501,-0.79305005,1781189185789
2079714222,3,9.093,-1.605,-0.80700004,1781189185799
2079714232,3,9.088051,-1.6140001,-0.83295006,1781189185810
2079714242,3,9.082951,-1.6189501,-0.84795004,1781189185818
2079714252,3,9.114,-1.62195,-0.864,1781189185829
2079714262,3,9.106951,-1.6290001,-0.87195003,1781189185839
2079714272,3,9.13095,-1.62405,-0.86895007,1781189185848
2079714282,3,9.1380005,-1.6530001,-0.80700004,1781189185860
2079714292,3,9.18795,-1.64295,-0.79995006,1781189185868
2079714302,3,9.196051,-1.64295,-0.75405,1781189185879
2079714313,3,9.241051,-1.6530001,-0.73800004,1781189185890
2079714323,3,9.271951,-1.674,-0.71595,1781189185900
2079714333,3,9.31305,-1.6819501,-0.70905006,1781189185910
2079714343,3,9.32295,-1.6860001,-0.711,1781189185920
2079714353,3,9.361051,-1.69095,-0.73005,1781189185930
2079714363,3,9.34395,-1.69305,-0.75195,1781189185940
2079714373,3,9.33195,-1.6860001,-0.75000006,1781189185949
2079714383,3,9.30795,-1.6699501,-0.76605004,1781189185961
2079714393,3,9.238951,-1.6530001,-0.78105,1781189185969
2079714403,3,9.16695,-1.626,-0.76095,1781189185981
2079714413,3,9.129001,-1.62195,-0.76395005,1781189185990
2079714423,3,9.102,-1.6140001,-0.771,1781189186001
2079714433,3,9.117001,-1.6099501,-0.80700004,1781189186011
2079714444,3,9.106951,-1.6030501,-0.82095003,1781189186019
2079714454,3,9.1050005,-1.5979501,-0.81705004,1781189186031
2079714464,3,9.088051,-1.5829501,-0.81705004,1781189186041
2079714474,3,9.081,-1.5880501,-0.82095003,1781189186051
2079714484,3,9.064051,-1.5810001,-0.80700004,1781189186061
2079714494,3,9.085951,-1.57095,-0.81405,1781189186071
2079714504,3,9.11205,-1.593,-0.81705004,1781189186080
2079714514,3,9.118951,-1.6030501,-0.82905006,1781189186090
2079714524,3,9.150001,-1.6000501,-0.81705004,1781189186101
2079714534,3,9.17205,-1.6030501,-0.80895007,1781189186111
2079714544,3,9.17205,-1.626,-0.79695004,1781189186120
2079714554,3,9.2029505,-1.6380001,-0.79995006,1781189186132
2079714564,3,9.234,-1.641,-0.795,1781189186142
2079714574,3,9.247951,-1.6380001,-0.81195,1781189186152
2079714585,3,9.250951,-1.6290001,-0.80505,1781189186161
2079714595,3,9.265051,-1.6380001,-0.79695004,1781189186172
2079714605,3,9.262951,-1.677,-0.80700004,1781189186182
2079714615,3,9.27,-1.6720501,-0.80205005,1781189186191
2079714625,3,9.262951,-1.6819501,-0.81405,1781189186201
2079714635,3,9.247951,-1.6980001,-0.84795004,1781189186212
2079714645,3,9.241051,-1.677,-0.83805007,1781189186223
2079714655,3,9.232051,-1.6669501,-0.84495,1781189186232
2079714665,3,9.226951,-1.6789501,-0.84495,1781189186241
2079714675,3,9.238951,-1.6530001,-0.82905006,1781189186252
2079714685,3,9.232051,-1.64295,-0.80505,1781189186261
2079714695,3,9.2029505,-1.6339501,-0.81705004,1781189186274
2079714705,3,9.19305,-1.5979501,-0.79005,1781189186282
2079714716,3,9.186001,-1.5949501,-0.77805007,1781189186292
2079714726,3,9.17895,-1.59105,-0.74700004,1781189186302
2079714736,3,9.14805,-1.57605,-0.73305005,1781189186313
2079714746,3,9.1050005,-1.5690001,-0.71805006,1781189186323
2079714756,3,9.106951,-1.5670501,-0.71805006,1781189186332
2079714766,3,9.13305,-1.5690001,-0.70605004,1781189186342
2079714776,3,9.126,-1.5829501,-0.74505,1781189186353
2079714786,3,9.129001,-1.5979501,-0.75195,1781189186363
2079714796,3,9.14805,-1.62195,-0.75000006,1781189186374
2079714806,3,9.186001,-1.64295,-0.78795004,1781189186382
2079714816,3,9.2029505,-1.626,-0.80505,1781189186392
2079714826,3,9.21195,-1.641,-0.79995006,1781189186403
2079714836,3,9.226951,-1.6669501,-0.81195,1781189186414
2079714847,3,9.220051,-1.6669501,-0.79005,1781189186424
2079714857,3,9.226951,-1.66005,-0.78105,1781189186434
2079714867,3,9.22395,-1.674,-0.76605004,1781189186442
2079714877,3,9.226951,-1.6860001,-0.78105,1781189186454
2079714887,3,9.246,-1.7080501,-0.75405,1781189186463
2079714897,3,9.279,-1.7080501,-0.74700004,1781189186473
2079714907,3,9.32505,-1.7029501,-0.75900006,1781189186483
2079714917,3,9.315001,-1.7050501,-0.75705004,1781189186493
2079714927,3,9.291,-1.69605,-0.74205005,1781189186503
2079714937,3,9.25605,-1.6840501,-0.75900006,1781189186515
2079714947,3,9.234,-1.65495,-0.73995006,1781189186524
2079714957,3,9.208051,-1.641,-0.75900006,1781189186534
2079714967,3,9.17205,-1.61205,-0.75195,1781189186543
2079714978,3,9.196051,-1.593,-0.73305005,1781189186555
2079714988,3,9.21195,-1.6000501,-0.72300005,1781189186565
2079714998,3,9.19995,-1.5829501,-0.74205005,1781189186575
2079715008,3,9.184051,-1.5880501,-0.74700004,1781189186585
2079715018,3,9.14805,-1.5670501,-0.75405,1781189186595
2079715028,3,9.109051,-1.57605,-0.771,1781189186605
2079715038,3,9.076051,-1.5790501,-0.78105,1781189186615
2079715048,3,9.052051,-1.5790501,-0.78105,1781189186624
2079715058,3,9.057,-1.593,-0.771,1781189186634
2079715068,3,9.049951,-1.59105,-0.76605004,1781189186645
2079715078,3,9.082951,-1.5880501,-0.771,1781189186655
2079715088,3,9.13605,-1.60695,-0.79695004,1781189186666
2079715098,3,9.17895,-1.62195,-0.82905006,1781189186675
2079715108,3,9.18795,-1.6339501,-0.82905006,1781189186686
2079715119,3,9.19095,-1.6309501,-0.83595,1781189186696
2079715129,3,9.232051,-1.6290001,-0.83295006,1781189186707
2079715139,3,9.220051,-1.6500001,-0.84795004,1781189186715
2079715149,3,9.258,-1.6620001,-0.8880001,1781189186727
2079715159,3,9.267,-1.6789501,-0.87900007,1781189186736
2079715169,3,9.265051,-1.674,-0.86205006,1781189186747
2079715179,3,9.24405,-1.6620001,-0.83595,1781189186757
2079715189,3,9.222,-1.6650001,-0.80895007,1781189186765
2079715199,3,9.21,-1.6339501,-0.78495,1781189186776
2079715209,3,9.20505,-1.6360501,-0.78795004,1781189186787
2079715219,3,9.234,-1.61205,-0.79305005,1781189186796
2079715229,3,9.27,-1.6189501,-0.80205005,1781189186807
2079715239,3,9.27705,-1.6189501,-0.81195,1781189186816
2079715250,3,9.279,-1.58595,-0.80205005,1781189186827
2079715260,3,9.253051,-1.5790501,-0.79305005,1781189186838
2079715270,3,9.234,-1.5640501,-0.78795004,1781189186846
2079715280,3,9.19995,-1.5450001,-0.79995006,1781189186857
2079715290,3,9.15705,-1.524,-0.76905006,1781189186867
2079715300,3,9.1050005,-1.521,-0.79005,1781189186878
2079715310,3,9.076051,-1.524,-0.79995006,1781189186888
2079715320,3,9.061951,-1.54305,-0.78300005,1781189186896
2079715330,3,9.064051,-1.57095,-0.80895007,1781189186906
2079715340,3,9.085951,-1.5979501,-0.83295006,1781189186918
2079715350,3,9.109051,-1.6030501,-0.84795004,1781189186927
2079715360,3,9.10005,-1.6000501,-0.85200006,1781189186938
2079715370,3,9.094951,-1.5949501,-0.82605004,1781189186946
2079715381,3,9.102,-1.5810001,-0.82905006,1781189186957
2079715391,3,9.109051,-1.59105,-0.83100003,1781189186967
2079715401,3,9.13605,-1.5810001,-0.83100003,1781189186977
2079715411,3,9.18795,-1.5880501,-0.84495,1781189186987
2079715421,3,9.222,-1.58595,-0.84795004,1781189186996
2079715431,3,9.246,-1.5640501,-0.80505,1781189187008
2079715441,3,9.25605,-1.57395,-0.77295005,1781189187018
2079715451,3,9.247951,-1.59105,-0.75705004,1781189187027
2079715461,3,9.253051,-1.57605,-0.735,1781189187038
2079715471,3,9.283951,-1.58595,-0.75000006,1781189187048
2079715481,3,9.282001,-1.605,-0.74205005,1781189187057
2079715491,3,9.27495,-1.6170001,-0.74700004,1781189187069
2079715501,3,9.27705,-1.5979501,-0.74700004,1781189187079
2079715512,3,9.246,-1.61205,-0.75705004,1781189187087
2079715522,3,9.2029505,-1.6140001,-0.76095,1781189187099
2079715532,3,9.14295,-1.60695,-0.74505,1781189187108
2079715542,3,9.16005,-1.58595,-0.76095,1781189187119
2079715552,3,9.126,-1.593,-0.79305005,1781189187128
2079715562,3,9.14295,-1.62195,-0.79005,1781189187138
2079715572,3,9.117001,-1.605,-0.76095,1781189187149
2079715582,3,9.13305,-1.5880501,-0.78105,1781189187158
2079715592,3,9.16005,-1.60695,-0.78300005,1781189187169
2079715602,3,9.18105,-1.61205,-0.79005,1781189187179
2079715612,3,9.184051,-1.626,-0.78795004,1781189187190
2079715622,3,9.19305,-1.6140001,-0.80205005,1781189187198
2079715632,3,9.17595,-1.6099501,-0.82395005,1781189187210
2079715642,3,9.17895,-1.6030501,-0.80505,1781189187219
2079715653,3,9.16005,-1.5979501,-0.78105,1781189187229
2079715663,3,9.16695,-1.6030501,-0.77805007,1781189187238
2079715673,3,9.162001,-1.5979501,-0.78105,1781189187249
2079715683,3,9.15495,-1.5880501,-0.76905006,1781189187259
2079715693,3,9.14505,-1.5810001,-0.74505,1781189187268
2079715703,3,9.174001,-1.6030501,-0.735,1781189187279
2079715713,3,9.17895,-1.6170001,-0.73800004,1781189187289
2079715723,3,9.18105,-1.62195,-0.72300005,1781189187300
2079715733,3,9.18795,-1.60695,-0.70605004,1781189187309
2079715743,3,9.18105,-1.605,-0.71400005,1781189187319
2079715753,3,9.208051,-1.6309501,-0.76905006,1781189187329
2079715763,3,9.23595,-1.6170001,-0.79995006,1781189187339
2079715773,3,9.19305,-1.6290001,-0.80505,1781189187350
2079715784,3,9.14805,-1.6099501,-0.80505,1781189187360
2079715794,3,9.129001,-1.57395,-0.78300005,1781189187370
2079715804,3,9.150001,-1.59105,-0.771,1781189187381
2079715814,3,9.14505,-1.5829501,-0.77295005,1781189187391
2079715824,3,9.198001,-1.5829501,-0.77595,1781189187401
2079715834,3,9.217051,-1.593,-0.77295005,1781189187411
2079715844,3,9.247951,-1.59105,-0.74505,1781189187421
2079715854,3,9.246,-1.5670501,-0.76605004,1781189187431
2079715864,3,9.27,-1.57605,-0.78105,1781189187442
2079715874,3,9.27705,-1.6030501,-0.795,1781189187451
2079715884,3,9.23595,-1.6140001,-0.81195,1781189187462
2079715894,3,9.214951,-1.6170001,-0.80505,1781189187471
2079715904,3,9.214951,-1.62405,-0.82095003,1781189187480
2079715915,3,9.229051,-1.6500001,-0.82605004,1781189187491
2079715925,3,9.21,-1.6480501,-0.84795004,1781189187501
2079715935,3,9.222,-1.6480501,-0.87900007,1781189187512
2079715945,3,9.174001,-1.626,-0.87195003,1781189187521
2079715955,3,9.114,-1.5810001,-0.82905006,1781189187531
2079715965,3,9.066,-1.5469501,-0.81705004,1781189187543
2079715975,3,9.02805,-1.5330001,-0.78495,1781189187551
2079715985,3,9.064051,-1.54005,-0.77295005,1781189187562
2079715995,3,9.12405,-1.5619501,-0.80205005,1781189187572
2079716005,3,9.19995,-1.57605,-0.83595,1781189187582
2079716015,3,9.220051,-1.5979501,-0.85695004,1781189187592
2079716025,3,9.27,-1.57395,-0.84000003,1781189187603
2079716035,3,9.294001,-1.593,-0.83100003,1781189187612
2079716046,3,9.30795,-1.593,-0.82395005,1781189187623
2079716056,3,9.295951,-1.59105,-0.79995006,1781189187633
2079716066,3,9.29895,-1.59105,-0.79305005,1781189187643
2079716076,3,9.250951,-1.5979501,-0.78105,1781189187653
2079716086,3,9.229051,-1.5810001,-0.76905006,1781189187663
2079716096,3,9.19305,-1.57605,-0.76605004,1781189187673
2079716106,3,9.198001,-1.557,-0.73305005,1781189187682
2079716116,3,9.21195,-1.59105,-0.73800004,1781189187693
2079716126,3,9.220051,-1.58595,-0.76095,1781189187702
2079716136,3,9.226951,-1.57605,-0.80505,1781189187712
2079716146,3,9.19095,-1.5880501,-0.84495,1781189187723
2079716156,3,9.150001,-1.57395,-0.87195003,1781189187732
2079716166,3,9.11205,-1.5520501,-0.87195003,1781189187743
2079716176,3,9.073951,-1.5499501,-0.8880001,1781189187753
2079716187,3,9.061951,-1.5670501,-0.8880001,1781189187763
2079716197,3,9.05895,-1.57395,-0.88395005,1781189187773
2079716207,3,9.066,-1.5619501,-0.855,1781189187784
2079716217,3,9.1050005,-1.5810001,-0.84495,1781189187793
2079716227,3,9.150001,-1.593,-0.85200006,1781189187804
2079716237,3,9.15495,-1.59105,-0.84495,1781189187815
2079716247,3,9.17595,-1.5829501,-0.82095003,1781189187825
2079716257,3,9.21,-1.5640501,-0.81405,1781189187833
2079716267,3,9.23595,-1.5690001,-0.79305005,1781189187845
2079716277,3,9.282001,-1.5810001,-0.76605004,1781189187854
2079716287,3,9.306001,-1.5979501,-0.76605004,1781189187864
2079716297,3,9.33705,-1.6099501,-0.75195,1781189187874
2079716307,3,9.342,-1.62195,-0.76905006,1781189187883
2079716318,3,9.32505,-1.626,-0.77805007,1781189187895
2079716328,3,9.31995,-1.6189501,-0.77805007,1781189187905
2079716338,3,9.27,-1.5979501,-0.771,1781189187915
2079716348,3,9.208051,-1.605,-0.75000006,1781189187925
2079716358,3,9.165,-1.59105,-0.74700004,1781189187935
2079716368,3,9.118951,-1.57095,-0.726,1781189187945
2079716378,3,9.081,-1.5589501,-0.72105,1781189187954
2079716388,3,9.057,-1.5450001,-0.71595,1781189187965
2079716398,3,9.1050005,-1.5640501,-0.73005,1781189187974
2079716408,3,9.114,-1.5949501,-0.74700004,1781189187986
2079716418,3,9.16005,-1.59105,-0.77805007,1781189187995
2079716428,3,9.162001,-1.593,-0.82605004,1781189188006
2079716438,3,9.21195,-1.57395,-0.88095003,1781189188015
2079716449,3,9.22395,-1.57605,-0.91200006,1781189188025
2079716459,3,9.22395,-1.55505,-0.91200006,1781189188035
2079716469,3,9.15495,-1.5330001,-0.855,1781189188046
2079716479,3,9.109051,-1.5160501,-0.79305005,1781189188055
2079716489,3,9.082951,-1.50195,-0.74700004,1781189188067
2079716499,3,9.085951,-1.50405,-0.71400005,1781189188075
2079716509,3,9.10005,-1.524,-0.70605004,1781189188087
2079716519,3,9.15705,-1.54005,-0.69900006,1781189188097
2079716529,3,9.234,-1.5640501,-0.726,1781189188107
2079716539,3,9.32295,-1.60695,-0.78495,1781189188116
2079716549,3,9.33195,-1.605,-0.79695004,1781189188125
2079716559,3,9.33195,-1.5979501,-0.82905006,1781189188135
2079716569,3,9.315001,-1.61205,-0.81900007,1781189188146
2079716579,3,9.303,-1.605,-0.80895007,1781189188155
2079716590,3,9.31095,-1.60695,-0.80205005,1781189188166
2079716600,3,9.33495,-1.6170001,-0.82395005,1781189188176
2079716610,3,9.31995,-1.6140001,-0.81900007,1781189188187
2079716620,3,9.32505,-1.62195,-0.79305005,1781189188196
2079716630,3,9.315001,-1.61205,-0.80505,1781189188206
2079716640,3,9.28695,-1.6189501,-0.81405,1781189188216
2079716650,3,9.226951,-1.6030501,-0.79005,1781189188228
2079716660,3,9.17895,-1.60695,-0.78495,1781189188238
2079716670,3,9.15495,-1.62195,-0.76605004,1781189188246
2079716680,3,9.17205,-1.6339501,-0.77805007,1781189188257
2079716690,3,9.16695,-1.6170001,-0.79305005,1781189188267
2079716700,3,9.165,-1.6500001,-0.81195,1781189188276
2079716710,3,9.153001,-1.641,-0.855,1781189188290
2079716721,3,9.1380005,-1.6459501,-0.85695004,1781189188296
2079716731,3,9.117001,-1.60695,-0.84795004,1781189188307
2079716741,3,9.102,-1.5949501,-0.82905006,1781189188317
2079716751,3,9.106951,-1.58595,-0.79995006,1781189188327
2079716761,3,9.14295,-1.59105,-0.77595,1781189188337
2079716771,3,9.14805,-1.5829501,-0.74505,1781189188347
2079716781,3,9.17595,-1.5829501,-0.73305005,1781189188358
2079716791,3,9.18795,-1.6000501,-0.75000006,1781189188367
2079716801,3,9.222,-1.6360501,-0.74700004,1781189188378
2079716811,3,9.24405,-1.65495,-0.78105,1781189188387
2079716821,3,9.267,-1.6620001,-0.76095,1781189188397
2079716831,3,9.279,-1.6819501,-0.77805007,1781189188409
2079716841,3,9.283951,-1.6860001,-0.76905006,1781189188419
2079716852,3,9.262951,-1.7010001,-0.76395005,1781189188427
2079716862,3,9.295951,-1.69305,-0.72105,1781189188438
2079716872,3,9.294001,-1.6699501,-0.735,1781189188448
2079716882,3,9.271951,-1.66005,-0.74205005,1781189188458
2079716892,3,9.229051,-1.64295,-0.76605004,1781189188468
2079716902,3,9.222,-1.62195,-0.77595,1781189188478
2079716912,3,9.174001,-1.61205,-0.79995006,1781189188488
2079716922,3,9.129001,-1.5880501,-0.81900007,1781189188498
2079716932,3,9.066,-1.58595,-0.81195,1781189188510
2079716942,3,9.030001,-1.593,-0.80205005,1781189188519
2079716952,3,9.01095,-1.58595,-0.78795004,1781189188529
2079716962,3,9.054001,-1.6030501,-0.77805007,1781189188539
2079716972,3,9.12405,-1.6170001,-0.78495,1781189188550
2079716983,3,9.1380005,-1.62195,-0.80205005,1781189188560
2079716993,3,9.150001,-1.6140001,-0.80505,1781189188568
2079717003,3,9.18105,-1.6140001,-0.82605004,1781189188580
2079717013,3,9.19995,-1.6290001,-0.84495,1781189188589
2079717023,3,9.19095,-1.62405,-0.86205006,1781189188599
2079717033,3,9.18795,-1.5979501,-0.83805007,1781189188610
2079717043,3,9.217051,-1.5949501,-0.82095003,1781189188620
2079717053,3,9.20505,-1.59105,-0.771,1781189188630
2079717063,3,9.16905,-1.5829501,-0.77295005,1781189188640
2079717073,3,9.19095,-1.6000501,-0.76095,1781189188650
2079717083,3,9.174001,-1.5880501,-0.75705004,1781189188660
2079717093,3,9.150001,-1.58595,-0.74505,1781189188670
2079717103,3,9.16695,-1.593,-0.73305005,1781189188679
2079717113,3,9.2029505,-1.5949501,-0.73800004,1781189188691
2079717124,3,9.234,-1.6030501,-0.74700004,1781189188700
2079717134,3,9.267,-1.5829501,-0.75705004,1781189188711
2079717144,3,9.29895,-1.593,-0.771,1781189188721
2079717154,3,9.28695,-1.5589501,-0.78495,1781189188731
2079717164,3,9.291,-1.53495,-0.79305005,1781189188741
2079717174,3,9.267,-1.5190501,-0.77595,1781189188751
2079717184,3,9.250951,-1.4970001,-0.76395005,1781189188761
2079717194,3,9.23595,-1.5000001,-0.75900006,1781189188770
2079717204,3,9.19095,-1.5160501,-0.77595,1781189188781
2079717214,3,9.153001,-1.5190501,-0.76905006,1781189188791
2079717224,3,9.12405,-1.5330001,-0.78105,1781189188801
2079717234,3,9.11205,-1.5450001,-0.77295005,1781189188810
2079717244,3,9.11205,-1.5450001,-0.80205005,1781189188820
2079717255,3,9.082951,-1.53795,-0.78795004,1781189188831
2079717265,3,9.042001,-1.5259501,-0.79005,1781189188840
2079717275,3,9.069,-1.54005,-0.795,1781189188851
2079717285,3,9.085951,-1.5330001,-0.80505,1781189188861
2079717295,3,9.093,-1.521,-0.80505,1781189188872
2079717305,3,9.13605,-1.5259501,-0.82605004,1781189188882
2079717315,3,9.21195,-1.5450001,-0.85005003,1781189188892
2079717325,3,9.232051,-1.53495,-0.84300005,1781189188902
2079717335,3,9.247951,-1.5259501,-0.82605004,1781189188911
2079717345,3,9.282001,-1.54005,-0.82095003,1781189188923
2079717355,3,9.318001,-1.5880501,-0.82905006,1781189188932
2079717365,3,9.315001,-1.5790501,-0.81405,1781189188941
2079717375,3,9.306001,-1.60695,-0.79305005,1781189188953
2079717386,3,9.303,-1.6339501,-0.77295005,1781189188961
2079717396,3,9.306001,-1.6459501,-0.78795004,1781189188973
2079717406,3,9.318001,-1.6480501,-0.76605004,1781189188983
2079717416,3,9.294001,-1.65795,-0.76605004,1781189188992
2079717426,3,9.31095,-1.6339501,-0.771,1781189189002
2079717436,3,9.294001,-1.61205,-0.79305005,1781189189013
2079717446,3,9.279,-1.61205,-0.79305005,1781189189022
2079717456,3,9.250951,-1.60695,-0.82095003,1781189189033
2079717466,3,9.21195,-1.5880501,-0.83295006,1781189189043
2079717476,3,9.184051,-1.5499501,-0.82095003,1781189189054
2079717486,3,9.141001,-1.5619501,-0.80700004,1781189189064
2079717496,3,9.097051,-1.557,-0.81195,1781189189072
2079717506,3,9.02595,-1.5450001,-0.78300005,1781189189082
2079717517,3,9.018001,-1.5589501,-0.77595,1781189189092
2079717527,3,9.069,-1.5949501,-0.80700004,1781189189104
2079717537,3,9.12405,-1.6170001,-0.855,1781189189115
2079717547,3,9.15705,-1.6339501,-0.85200006,1781189189123
2079717557,3,9.2029505,-1.6309501,-0.86205006,1781189189134
2079717567,3,9.234,-1.6339501,-0.84795004,1781189189144
2079717577,3,9.234,-1.6480501,-0.87600005,1781189189154
2079717587,3,9.222,-1.6339501,-0.855,1781189189164
2079717597,3,9.19305,-1.62405,-0.80895007,1781189189175
2079717607,3,9.19095,-1.62195,-0.78300005,1781189189183
2079717617,3,9.186001,-1.62405,-0.76395005,1781189189194
2079717627,3,9.184051,-1.66005,-0.75900006,1781189189206
2079717637,3,9.232051,-1.6480501,-0.74505,1781189189215
2079717647,3,9.222,-1.6720501,-0.72300005,1781189189225
2079717658,3,9.234,-1.6669501,-0.72795004,1781189189235
2079717668,3,9.262951,-1.6669501,-0.75000006,1781189189244
2079717678,3,9.258,-1.6650001,-0.77805007,1781189189254
2079717688,3,9.25605,-1.6620001,-0.78495,1781189189264
2079717698,3,9.246,-1.6620001,-0.79995006,1781189189273
2079717708,3,9.222,-1.65495,-0.80700004,1781189189284
2079717718,3,9.20505,-1.61205,-0.81195,1781189189294
2079717728,3,9.15495,-1.5880501,-0.81900007,1781189189304
2079717738,3,9.109051,-1.5589501,-0.83295006,1781189189314
2079717748,3,9.064051,-1.5690001,-0.79005,1781189189324
2079717758,3,9.02805,-1.5330001,-0.77295005,1781189189334
2079717768,3,9.02595,-1.54005,-0.75705004,1781189189346
2079717778,3,9.021001,-1.5499501,-0.74205005,1781189189356
2079717789,3,9.078,-1.58595,-0.75900006,1781189189366
2079717799,3,9.150001,-1.62195,-0.78495,1781189189374
2079717809,3,9.17895,-1.64295,-0.82905006,1781189189385
2079717819,3,9.196051,-1.6290001,-0.83805007,1781189189396
2079717829,3,9.21,-1.641,-0.864,1781189189407
2079717839,3,9.186001,-1.5949501,-0.87405,1781189189416
2079717849,3,9.150001,-1.57605,-0.85005003,1781189189427
2079717859,3,9.126,-1.5469501,-0.82605004,1781189189435
2079717869,3,9.13605,-1.557,-0.80700004,1781189189445
2079717879,3,9.141001,-1.5310501,-0.771,1781189189456
2079717889,3,9.118951,-1.54305,-0.71805006,1781189189465
2079717899,3,9.17595,-1.557,-0.69000006,1781189189476
2079717909,3,9.19995,-1.5589501,-0.70395005,1781189189487
2079717920,3,9.2029505,-1.5880501,-0.70395005,1781189189497
2079717930,3,9.19095,-1.58595,-0.702,1781189189507
2079717940,3,9.19305,-1.59105,-0.72300005,1781189189517
2079717950,3,9.258,-1.6099501,-0.74700004,1781189189527
2079717960,3,9.295951,-1.6309501,-0.79695004,1781189189538
2079717970,3,9.30795,-1.6360501,-0.81900007,1781189189548
2079717980,3,9.31095,-1.61205,-0.80700004,1781189189558
2079717990,3,9.30795,-1.605,-0.81705004,1781189189567
2079718000,3,9.291,-1.5810001,-0.83295006,1781189189577
2079718010,3,9.238951,-1.5589501,-0.80895007,1781189189586
2079718020,3,9.16695,-1.53495,-0.795,1781189189597
2079718030,3,9.126,-1.524,-0.77295005,1781189189608
2079718040,3,9.1050005,-1.524,-0.79305005,1781189189616
2079718051,3,9.13305,-1.5280501,-0.78105,1781189189626
2079718061,3,9.14505,-1.54305,-0.79695004,1781189189638
2079718071,3,9.14505,-1.557,-0.79005,1781189189648
2079718081,3,9.15705,-1.57395,-0.76605004,1781189189657
2079718091,3,9.186001,-1.57095,-0.75900006,1781189189667
2079718101,3,9.19995,-1.58595,-0.75705004,1781189189679
2079718111,3,9.220051,-1.57395,-0.78105,1781189189688
2079718121,3,9.238951,-1.5790501,-0.79005,1781189189697
2079718131,3,9.265051,-1.5640501,-0.78300005,1781189189708
2079718141,3,9.267,-1.5810001,-0.80505,1781189189718
2079718151,3,9.291,-1.57395,-0.82905006,1781189189727
2079718161,3,9.315001,-1.59105,-0.83805007,1781189189738
2079718171,3,9.28905,-1.57095,-0.81900007,1781189189748
2079718181,3,9.282001,-1.5949501,-0.79995006,1781189189758
2079718192,3,9.271951,-1.59105,-0.78495,1781189189767
2079718202,3,9.28695,-1.6030501,-0.76095,1781189189778
2079718212,3,9.259951,-1.6099501,-0.77595,1781189189788
2079718222,3,9.25605,-1.641,-0.77295005,1781189189798
2079718232,3,9.250951,-1.626,-0.82395005,1781189189807
2079718242,3,9.253051,-1.66005,-0.86205006,1781189189818
2079718252,3,9.22395,-1.6500001,-0.855,1781189189828
2079718262,3,9.198001,-1.6669501,-0.85695004,1781189189838
2079718272,3,9.16905,-1.66005,-0.87195003,1781189189848
2079718282,3,9.141001,-1.6459501,-0.83100003,1781189189858
2079718292,3,9.12405,-1.6500001,-0.81405,1781189189867
2079718302,3,9.088051,-1.6290001,-0.795,1781189189879
2079718312,3,9.11205,-1.62195,-0.78300005,1781189189888
2079718323,3,9.121051,-1.60695,-0.79305005,1781189189898
2079718333,3,9.117001,-1.6140001,-0.79995006,1781189189909
2079718343,3,9.097051,-1.60695,-0.80895007,1781189189918
2079718353,3,9.10005,-1.60695,-0.79995006,1781189189928
2079718363,3,9.153001,-1.5979501,-0.82905006,1781189189938
2079718373,3,9.19305,-1.62195,-0.83595,1781189189950
2079718383,3,9.232051,-1.593,-0.85695004,1781189189960
2079718393,3,9.217051,-1.6000501,-0.87900007,1781189189969
2079718403,3,9.174001,-1.59105,-0.87900007,1781189189979
2079718413,3,9.17895,-1.5790501,-0.87195003,1781189189990
2079718423,3,9.14505,-1.58595,-0.84795004,1781189190001
2079718433,3,9.129001,-1.5949501,-0.81900007,1781189190011
2079718443,3,9.12405,-1.61205,-0.79305005,1781189190021
2079718454,3,9.129001,-1.6380001,-0.78495,1781189190031
2079718464,3,9.16695,-1.674,-0.78795004,1781189190041
2079718474,3,9.16695,-1.674,-0.80505,1781189190051
2079718484,3,9.19305,-1.674,-0.82095003,1781189190061
2079718494,3,9.19305,-1.6650001,-0.82095003,1781189190071
2079718504,3,9.18105,-1.66005,-0.81900007,1781189190081
2079718514,3,9.186001,-1.6500001,-0.81705004,1781189190091
2079718524,3,9.21,-1.6290001,-0.82095003,1781189190101
2079718534,3,9.208051,-1.62405,-0.83595,1781189190110
2079718544,3,9.24405,-1.626,-0.83805007,1781189190120
2079718554,3,9.267,-1.6309501,-0.85695004,1781189190131
2079718564,3,9.279,-1.6170001,-0.86205006,1781189190142
2079718574,3,9.241051,-1.58595,-0.85200006,1781189190152
2079718585,3,9.21195,-1.5790501,-0.83295006,1781189190162
2079718595,3,9.16005,-1.5619501,-0.82095003,1781189190172
2079718605,3,9.1050005,-1.5589501,-0.771,1781189190181
2079718615,3,9.1050005,-1.5589501,-0.77595,1781189190191
2079718625,3,9.106951,-1.5979501,-0.75195,1781189190201
2079718635,3,9.106951,-1.6030501,-0.76395005,1781189190212
2079718645,3,9.13605,-1.5979501,-0.78495,1781189190222
2079718655,3,9.13605,-1.5979501,-0.78300005,1781189190232
2079718665,3,9.174001,-1.593,-0.78495,1781189190243
2079718675,3,9.19095,-1.57395,-0.80895007,1781189190251
2079718685,3,9.184051,-1.5589501,-0.80700004,1781189190262
2079718695,3,9.150001,-1.53495,-0.79005,1781189190272
2079718705,3,9.13305,-1.54005,-0.78495,1781189190285
2079718715,3,9.129001,-1.5310501,-0.76905006,1781189190291
2079718726,3,9.13605,-1.5259501,-0.75195,1781189190303
2079718736,3,9.162001,-1.55505,-0.72300005,1781189190311
2079718746,3,9.19095,-1.5670501,-0.73800004,1781189190322
2079718756,3,9.232051,-1.6030501,-0.73305005,1781189190332
2079718766,3,9.259951,-1.6290001,-0.75195,1781189190343
2079718776,3,9.30105,-1.6339501,-0.75405,1781189190354
2079718786,3,9.330001,-1.6459501,-0.76095,1781189190363
2079718796,3,9.33195,-1.65495,-0.77595,1781189190373
2079718806,3,9.33705,-1.65795,-0.76905006,1781189190382
2079718816,3,9.342,-1.626,-0.77805007,1781189190392
2079718826,3,9.30105,-1.62195,-0.78105,1781189190403
2079718836,3,9.279,-1.605,-0.75195,1781189190414
2079718846,3,9.265051,-1.6000501,-0.75195,1781189190423
2079718857,3,9.238951,-1.6030501,-0.75705004,1781189190434
2079718867,3,9.20505,-1.6000501,-0.74700004,1781189190444
2079718877,3,9.18795,-1.59105,-0.771,1781189190454
2079718887,3,9.174001,-1.5829501,-0.77805007,1781189190464
2079718897,3,9.196051,-1.6030501,-0.79305005,1781189190474
2079718907,3,9.186001,-1.605,-0.80895007,1781189190484
2079718917,3,9.208051,-1.6030501,-0.81705004,1781189190493
2079718927,3,9.20505,-1.58595,-0.84495,1781189190504
2079718937,3,9.18105,-1.5829501,-0.83595,1781189190515
2079718947,3,9.14505,-1.5619501,-0.855,1781189190525
2079718957,3,9.11205,-1.557,-0.83100003,1781189190533
2079718967,3,9.073951,-1.54005,-0.80895007,1781189190545
2079718977,3,9.052051,-1.5450001,-0.81195,1781189190554
2079718988,3,9.073951,-1.57395,-0.80895007,1781189190563
2079718998,3,9.0709505,-1.58595,-0.80505,1781189190574
2079719008,3,9.094951,-1.605,-0.79305005,1781189190585
2079719018,3,9.117001,-1.6500001,-0.77595,1781189190595
2079719028,3,9.14805,-1.6669501,-0.78300005,1781189190606
2079719038,3,9.18105,-1.69605,-0.81705004,1781189190615
2079719048,3,9.25605,-1.7220001,-0.83595,1781189190624
2079719058,3,9.294001,-1.725,-0.87600005,1781189190634
2079719068,3,9.30795,-1.746,-0.87405,1781189190645
2079719078,3,9.28695,-1.725,-0.86205006,1781189190654
2079719088,3,9.279,-1.6860001,-0.84795004,1781189190666
2079719098,3,9.217051,-1.6480501,-0.83805007,1781189190675
2079719108,3,9.20505,-1.626,-0.81705004,1781189190686
2079719119,3,9.13305,-1.5949501,-0.80700004,1781189190696
2079719129,3,9.069,-1.57605,-0.76905006,1781189190707
2079719139,3,9.02805,-1.5589501,-0.74205005,1781189190716
2079719149,3,9.021001,-1.5670501,-0.711,1781189190727
2079719159,3,9.0379505,-1.5810001,-0.69000006,1781189190736
2079719169,3,9.088051,-1.6309501,-0.69900006,1781189190746
2079719179,3,9.162001,-1.6380001,-0.73305005,1781189190755
2079719189,3,9.20505,-1.6480501,-0.75000006,1781189190767
2079719199,3,9.232051,-1.6530001,-0.77595,1781189190774
2079719209,3,9.23595,-1.641,-0.77595,1781189190785
2079719219,3,9.208051,-1.61205,-0.79005,1781189190796
2079719229,3,9.22395,-1.5949501,-0.81900007,1781189190806
2079719239,3,9.226951,-1.5829501,-0.81900007,1781189190815
2079719249,3,9.20505,-1.5640501,-0.85200006,1781189190828
2079719260,3,9.16905,-1.5790501,-0.83295006,1781189190837
2079719270,3,9.141001,-1.57095,-0.83295006,1781189190846
2079719280,3,9.129001,-1.5810001,-0.795,1781189190857
2079719290,3,9.121051,-1.59105,-0.77295005,1781189190867
2079719300,3,9.153001,-1.62405,-0.78105,1781189190877
2079719310,3,9.184051,-1.6620001,-0.76905006,1781189190888
2079719320,3,9.19095,-1.6860001,-0.79305005,1781189190898
2079719330,3,9.241051,-1.69605,-0.78795004,1781189190908
2079719340,3,9.279,-1.69095,-0.81705004,1781189190918
2079719350,3,9.30105,-1.7050501,-0.82605004,1781189190928
2079719360,3,9.34395,-1.7149501,-0.84795004,1781189190938
2079719370,3,9.399,-1.69305,-0.86205006,1781189190947
2079719380,3,9.43305,-1.7029501,-0.84495,1781189190958
2079719391,3,9.471001,-1.6840501,-0.84495,1781189190967
2079719401,3,9.44205,-1.725,-0.82605004,1781189190978
2079719411,3,9.28695,-1.7010001,-0.79695004,1781189190987
2079719421,3,9.3490505,-1.6720501,-0.726,1781189190997
2079719431,3,9.229051,-1.6720501,-0.71400005,1781189191007
2079719441,3,9.15705,-1.6699501,-0.70605004,1781189191017
2079719451,3,9.106951,-1.6480501,-0.68700004,1781189191028
2079719461,3,9.052051,-1.64295,-0.69405,1781189191037
2079719471,3,9.021001,-1.66005,-0.702,1781189191047
2079719481,3,9.00405,-1.6380001,-0.69705003,1781189191058
2079719491,3,9.021001,-1.6290001,-0.70605004,1781189191068
2079719501,3,9.061951,-1.6189501,-0.70605004,1781189191079
2079719511,3,9.085951,-1.60695,-0.69900006,1781189191089
2079719522,3,9.1380005,-1.62405,-0.69705003,1781189191099
2079719532,3,9.1380005,-1.6030501,-0.71595,1781189191108
2079719542,3,9.126,-1.57095,-0.70905006,1781189191118
2079719552,3,9.117001,-1.5619501,-0.702,1781189191129
2079719562,3,9.13305,-1.57605,-0.70905006,1781189191138
2079719572,3,9.16005,-1.5690001,-0.68205005,1781189191149
2079719582,3,9.186001,-1.5979501,-0.64905006,1781189191159
2079719592,3,9.21195,-1.5979501,-0.62295,1781189191168
2079719602,3,9.22395,-1.62195,-0.59895,1781189191178
2079719612,3,9.234,-1.6309501,-0.615,1781189191189
2079719622,3,9.232051,-1.66005,-0.62295,1781189191198
2079719632,3,9.217051,-1.6620001,-0.63000005,1781189191209
2079719642,3,9.18795,-1.65495,-0.64905006,1781189191220
2079719652,3,9.229051,-1.69605,-0.675,1781189191230
2079719663,3,9.253051,-1.6819501,-0.70605004,1781189191239
2079719673,3,9.234,-1.65495,-0.702,1781189191250
2079719683,3,9.19995,-1.6360501,-0.726,1781189191260
2079719693,3,9.15705,-1.59105,-0.69705003,1781189191272
2079719703,3,9.10005,-1.55505,-0.67305005,1781189191278
2079719713,3,9.066,-1.5310501,-0.64905006,1781189191292
2079719723,3,9.106951,-1.5450001,-0.675,1781189191300
2079719733,3,9.174001,-1.6380001,-0.726,1781189191309
2079719743,3,9.102,-1.69305,-0.72300005,1781189191321
2079719753,3,9.097051,-1.6170001,-0.72795004,1781189191330
2079719763,3,9.049951,-1.5880501,-0.74700004,1781189191341
2079719773,3,9.033,-1.57605,-0.76605004,1781189191350
2079719783,3,9.17205,-1.57605,-0.74700004,1781189191361
2079719794,3,9.427951,-1.7170501,-0.73305005,1781189191371
2079719804,3,9.28905,-1.81605,-0.60795003,1781189191381
2079719814,3,9.21195,-1.8250501,-0.52005005,1781189191391
2079719824,3,9.081,-1.9039501,-0.38805002,1781189191401
2079719834,3,8.87205,-1.7839501,-0.53895,1781189191410
2079719844,3,8.785951,-1.6840501,-0.69000006,1781189191421
2079719854,3,8.72595,-1.6000501,-0.76095,1781189191430
2079719864,3,8.755051,-1.6170001,-0.78105,1781189191441
2079719874,3,8.81295,-1.6699501,-0.84795004,1781189191451
2079719884,3,8.88,-1.7200501,-0.87600005,1781189191461
2079719894,3,8.974951,-1.72905,-0.89100003,1781189191472
2079719904,3,9.030001,-1.66005,-0.86700004,1781189191481
2079719914,3,9.129001,-1.593,-0.84300005,1781189191491
2079719925,3,9.17595,-1.5280501,-0.83100003,1781189191502
2079719935,3,9.19095,-1.4800501,-0.74700004,1781189191512
2079719945,3,9.186001,-1.4059501,-0.69705003,1781189191521
2079719955,3,9.16695,-1.3990501,-0.67995006,1781189191531
2079719965,3,9.16905,-1.4130001,-0.69705003,1781189191543
2079719975,3,9.17205,-1.4250001,-0.71400005,1781189191552
2079719985,3,9.109051,-1.4440501,-0.74700004,1781189191561
2079719995,3,9.02295,-1.452,-0.78795004,1781189191572
2079720005,3,8.985001,-1.4490001,-0.83595,1781189191582
2079720015,3,8.962951,-1.4680501,-0.87900007,1781189191592
2079720025,3,8.911051,-1.50705,-0.87195003,1781189191603
2079720035,3,8.89395,-1.5330001,-0.85995007,1781189191611
2079720045,3,8.941951,-1.5670501,-0.79995006,1781189191623
2079720056,3,9.02595,-1.59105,-0.76395005,1781189191631
2079720066,3,9.141001,-1.6170001,-0.69705003,1781189191641
2079720076,3,9.246,-1.69305,-0.67305005,1781189191653
2079720086,3,9.399,-1.77495,-0.64905006,1781189191663
2079720096,3,9.4810505,-1.81305,-0.63495004,1781189191672
2079720106,3,9.6,-1.8250501,-0.66300005,1781189191682
2079720116,3,9.63105,-1.8229501,-0.73005,1781189191693
2079720126,3,9.64605,-1.8060001,-0.76605004,1781189191703
2079720136,3,9.636001,-1.8010501,-0.80505,1781189191712
2079720146,3,9.603001,-1.7700001,-0.82095003,1781189191722
2079720156,3,9.523951,-1.7170501,-0.82095003,1781189191732
2079720166,3,9.402,-1.6860001,-0.83805007,1781189191743
2079720176,3,9.247951,-1.61205,-0.87405,1781189191754
2079720186,3,9.049951,-1.5499501,-0.89805007,1781189191762
2079720197,3,8.84595,-1.473,-0.93405,1781189191773
2079720207,3,8.587951,-1.3729501,-0.99105006,1781189191783
2079720217,3,8.434051,-1.3060501,-0.97005004,1781189191793
2079720227,3,8.335951,-1.21905,-0.91695005,1781189191802
2079720237,3,8.283,-1.1740501,-0.89295006,1781189191814
2079720247,3,8.299951,-1.1689501,-0.86895007,1781189191824
2079720257,3,8.302951,-1.1880001,-0.83805007,1781189191834
2079720267,3,8.319,-1.2030001,-0.80205005,1781189191843
2079720277,3,8.415,-1.2070501,-0.79695004,1781189191854
2079720287,3,8.563951,-1.164,-0.75900006,1781189191863
2079720297,3,8.676001,-1.0830001,-0.63000005,1781189191873
2079720307,3,8.743051,-1.0690501,-0.49305,1781189191883
2079720317,3,8.736,-1.10895,-0.34005,1781189191895
2079720328,3,8.667001,-1.107,-0.20400001,1781189191903
2079720338,3,8.571,-1.11405,-0.12705001,1781189191914
2079720348,3,8.451,-1.09305,-0.16800001,1781189191924
2079720358,3,8.39595,-1.12395,-0.24000001,1781189191935
2079720368,3,8.379001,-1.1689501,-0.393,1781189191945
2079720378,3,8.35995,-1.2360001,-0.54405004,1781189191955
2079720388,3,8.446051,-1.33395,-0.735,1781189191964
2079720398,3,8.49705,-1.3630501,-0.90795004,1781189191975
2079720408,3,8.583,-1.38705,-1.03695,1781189191985
2079720418,3,8.63805,-1.4089501,-1.10895,1781189191994
2079720428,3,8.65695,-1.35105,-1.14195,1781189192004
2079720438,3,8.743051,-1.29795,-1.116,1781189192015
2079720448,3,8.853001,-1.30095,-1.07805,1781189192026
2079720459,3,8.99895,-1.32,-1.0699501,1781189192036
2079720469,3,9.165,-1.3060501,-1.06605,1781189192044
2079720479,3,9.29895,-1.332,-1.0180501,1781189192055
2079720489,3,9.378,-1.2790501,-0.94095004,1781189192066
2079720499,3,9.394051,-1.21695,-0.89295006,1781189192076
2079720509,3,9.36795,-1.167,-0.83595,1781189192085
2079720519,3,9.33495,-1.128,-0.79305005,1781189192097
2079720529,3,9.35805,-1.12605,-0.73305005,1781189192107
2079720539,3,9.363001,-1.14795,-0.69000006,1781189192116
2079720549,3,9.373051,-1.1719501,-0.66300005,1781189192125
2079720559,3,9.397051,-1.24605,-0.61305004,1781189192135
2079720569,3,9.44205,-1.2600001,-0.55095005,1781189192145
2079720579,3,9.46905,-1.27005,-0.47700003,1781189192157
2079720590,3,9.3820505,-1.4419501,-0.52905005,1781189192165
2079720600,3,9.397051,-1.4899501,-0.44295,1781189192177
2079720610,3,9.591001,-1.4970001,-0.43095002,1781189192187
2079720620,3,10.222951,-1.57395,-0.34305,1781189192196
2079720630,3,10.927051,-1.76505,-0.37095,1781189192207
2079720640,3,11.892,-2.0719502,-0.52005005,1781189192217
2079720650,3,12.65505,-2.3730001,-0.71595,1781189192227
2079720660,3,13.137001,-2.59395,-1.0009501,1781189192236
2079720670,3,13.510051,-2.634,-1.21395,1781189192247
2079720680,3,13.68,-2.5789502,-1.434,1781189192257
2079720690,3,13.587001,-2.49795,-1.5850501,1781189192268
2079720700,3,13.08405,-2.4190502,-1.6860001,1781189192277
2079720710,3,12.35805,-2.3040001,-1.6999501,1781189192288
2079720720,3,11.583,-2.18895,-1.626,1781189192296
2079720731,3,10.972051,-2.151,-1.4440501,1781189192306
2079720741,3,10.46895,-2.2060502,-1.21905,1781189192317
2079720751,3,10.00695,-2.28195,-1.0009501,1781189192326
2079720761,3,9.555,-2.3470502,-0.84795004,1781189192336
2079720771,3,9.150001,-2.3779502,-0.80205005,1781189192347
2079720781,3,8.769,-2.32305,-0.82905006,1781189192356
2079720791,3,8.50395,-2.2750502,-0.87405,1781189192367
2079720801,3,8.37195,-2.2350001,-1.07505,1781189192377
2079720811,3,8.293051,-2.1030002,-1.21905,1781189192389
2079720821,3,8.27595,-1.8829501,-1.2739501,1781189192398
2079720831,3,8.35005,-1.7389501,-1.33095,1781189192407
2079720841,3,8.44095,-1.761,-1.422,1781189192419
2079720851,3,8.547,-1.84905,-1.5370501,1781189192429
2079720862,3,8.604,-1.8780001,-1.6470001,1781189192439
2079720872,3,8.65695,-1.7839501,-1.5970501,1781189192449
2079720882,3,8.604,-1.65495,-1.4680501,1781189192458
2079720892,3,8.56095,-1.5190501,-1.317,1781189192468
2079720902,3,8.401051,-1.44,-1.056,1781189192479
2079720912,3,8.283,-1.3219501,-0.84000003,1781189192489
2079720922,3,8.04195,-1.212,-0.63495004,1781189192498
2079720932,3,7.7760005,-1.1689501,-0.49800003,1781189192509
2079720942,3,7.6180506,-1.0900501,-0.393,1781189192518
2079720952,3,7.52895,-1.0690501,-0.30405003,1781189192528
2079720962,3,7.5130506,-1.0570501,-0.29205,1781189192538
2079720972,3,7.48605,-1.095,-0.30405003,1781189192550
2079720982,3,7.4140506,-1.14495,-0.31095,1781189192558
2079720993,3,7.27995,-1.116,-0.34305,1781189192568
2079721003,3,7.15605,-1.0849501,-0.30195,1781189192580
2079721013,3,7.0600505,-1.04205,-0.25395,1781189192590
2079721023,3,6.9690003,-0.97305006,-0.112950005,1781189192600
2079721033,3,6.9760504,-0.89895004,0.066,1781189192610
2079721043,3,7.1080503,-0.89400005,0.24495001,1781189192619
2079721053,3,7.3810506,-0.94905007,0.324,1781189192630
2079721063,3,7.8430505,-1.07805,0.27705002,1781189192639
2079721073,3,8.458051,-1.27005,0.09705,1781189192650
2079721083,3,9.114,-1.44,-0.20805001,1781189192660
2079721093,3,9.724951,-1.49205,-0.60795003,1781189192670
2079721103,3,10.113001,-1.42095,-0.87405,1781189192679
2079721113,3,10.338,-1.23105,-0.9889501,1781189192691
2079721124,3,10.23495,-1.0330501,-0.915,1781189192699
2079721134,3,9.97395,-0.89895004,-0.74505,1781189192710
2079721144,3,9.768001,-0.81495005,-0.46695003,1781189192720
2079721154,3,9.627001,-0.85605,-0.27495003,1781189192731
2079721164,3,9.757951,-0.89100003,-0.17295001,1781189192740
2079721174,3,10.2630005,-0.96795005,-0.13695,1781189192751
2079721184,3,11.425051,-1.2070501,-0.33495003,1781189192762
2079721194,3,12.825001,-1.5810001,-0.73305005,1781189192770
2079721204,3,14.10105,-2.0070002,-1.1539501,1781189192781
2079721214,3,14.776951,-2.3779502,-1.4059501,1781189192791
2079721224,3,14.619,-2.4859502,-1.3240501,1781189192801
2079721234,3,13.828051,-2.3760002,-0.91995007,1781189192811
2079721244,3,12.847051,-2.127,-0.28005,1781189192822
2079721254,3,11.949,-1.8970501,0.32700002,1781189192831
2079721265,3,11.106001,-1.84905,0.69600004,1781189192840
2079721275,3,10.443001,-1.9380001,0.85800004,1781189192852
2079721285,3,9.892051,-2.0020502,0.906,1781189192862
2079721295,3,9.46905,-2.0020502,0.777,1781189192872
2079721305,3,9.32295,-2.04795,0.432,1781189192881
2079721315,3,9.44205,-2.19105,-0.132,1781189192892
2079721325,3,9.592951,-2.3400002,-0.72105,1781189192902
2079721335,3,9.61905,-2.46195,-1.22595,1781189192912
2079721345,3,9.327001,-2.4520502,-1.3480501,1781189192923
2079721355,3,8.904,-2.3689501,-1.30305,1781189192931
2079721365,3,8.47995,-2.30205,-1.2360001,1781189192943
2079721375,3,8.145,-2.26605,-1.3050001,1781189192951
2079721385,3,7.9170003,-2.29395,-1.4389501,1781189192962
2079721396,3,7.83795,-2.39295,-1.6660501,1781189192972
2079721406,3,7.9360504,-2.5099502,-2.0640001,1781189192982
2079721416,3,8.118,-2.6560502,-2.49,1781189192992
2079721426,3,8.286,-2.7540002,-2.6790001,1781189193002
2079721436,3,8.311951,-2.77305,-2.6580002,1781189193013
2079721446,3,8.46105,-2.7180002,-2.6580002,1781189193022
2079721456,3,8.590051,-2.6149502,-2.562,1781189193034
2079721466,3,8.44905,-2.436,-2.15505,1781189193044
2079721476,3,8.002951,-2.148,-1.5130501,1781189193052
2079721486,3,7.4550004,-1.84395,-0.85200006,1781189193062
2079721496,3,7.11705,-1.5640501,-0.44295,1781189193072
2079721506,3,6.9210005,-1.29795,-0.28995,1781189193084
2079721516,3,6.912,-1.12605,-0.29895002,1781189193094
2079721527,3,7.005,-0.966,-0.333,1781189193104
2079721537,3,7.1920505,-0.93195003,-0.48405004,1781189193114
2079721547,3,7.3020005,-0.98205006,-0.54105,1781189193124
2079721557,3,7.4340005,-1.0900501,-0.59895,1781189193134
2079721567,3,7.5010505,-1.1719501,-0.61995006,1781189193144
2079721577,3,7.5799503,-1.26705,-0.60795003,1781189193153
2079721587,3,7.7520003,-1.3920001,-0.74205005,1781189193164
2079721597,3,7.8810005,-1.4830501,-0.77295005,1781189193174
2079721607,3,8.034,-1.54305,-0.75900006,1781189193183
2079721617,3,8.226001,-1.593,-0.80895007,1781189193194
2079721627,3,8.31,-1.5790501,-0.73800004,1781189193204
2079721637,3,8.331,-1.485,-0.55605,1781189193215
2079721647,3,8.418,-1.437,-0.39795002,1781189193226
2079721658,3,8.566051,-1.3920001,-0.24705002,1781189193234
2079721668,3,8.700001,-1.3099501,-0.18900001,1781189193244
2079721678,3,8.85105,-1.251,-0.24405001,1781189193255
2079721688,3,8.97795,-1.18605,-0.354,1781189193264
2079721698,3,9.0709505,-1.12605,-0.53595,1781189193275
2079721708,3,9.27,-1.095,-0.80205005,1781189193284
2079721718,3,9.550051,-1.1329501,-1.1730001,1781189193295
2079721728,3,9.816001,-1.2100501,-1.5079501,1781189193305
2079721738,3,9.98595,-1.22895,-1.5799501,1781189193314
2079721748,3,10.110001,-1.2859501,-1.59,1781189193326
2079721758,3,10.2630005,-1.3630501,-1.60695,1781189193336
2079721768,3,10.495951,-1.45395,-1.64295,1781189193344
2079721778,3,10.77795,-1.57605,-1.6690501,1781189193356
2079721788,3,11.116051,-1.81305,-1.81305,1781189193364
2079721799,3,11.467951,-2.1049502,-2.0350502,1781189193374
2079721809,3,11.752951,-2.4019501,-2.253,1781189193386
2079721819,3,11.950951,-2.62695,-2.3820002,1781189193396
2079721829,3,11.994,-2.7850502,-2.3850002,1781189193406
2079721839,3,11.968051,-2.9239502,-2.2840502,1781189193415
2079721849,3,11.899051,-3.00795,-2.11905,1781189193427
2079721859,3,11.81295,-3.04905,-1.9420501,1781189193437
2079721869,3,11.803051,-3.0730503,-1.81305,1781189193447
2079721879,3,11.809951,-3.0990002,-1.7410501,1781189193456
2079721889,3,11.7289505,-3.04905,-1.6189501,1781189193465
2079721899,3,11.566051,-2.943,-1.4989501,1781189193475
2079721909,3,11.203951,-2.76795,-1.26195,1781189193486
2079721919,3,10.608001,-2.505,-0.92700005,1781189193497
2079721930,3,9.885,-2.2030501,-0.53895,1781189193507
2079721940,3,9.184051,-1.93305,-0.24405001,1781189193517
2079721950,3,8.56095,-1.7629501,-0.08205,1781189193527
2079721960,3,8.118,-1.7170501,-0.06705,1781189193538
2079721970,3,7.8690004,-1.7370001,-0.18195,1781189193547
2079721980,3,7.7059503,-1.78005,-0.34995002,1781189193556
2079721990,3,7.6750503,-1.84395,-0.55995005,1781189193568
2079722000,3,7.8139505,-1.9210501,-0.70905006,1781189193578
2079722010,3,8.01105,-1.9810501,-0.89595,1781189193586
2079722020,3,8.35005,-2.0310001,-1.0180501,1781189193598
2079722030,3,8.78895,-2.091,-1.1209501,1781189193608
2079722040,3,9.262951,-2.1319501,-1.1850001,1781189193620
2079722050,3,9.682051,-2.08395,-1.2589501,1781189193628
2079722061,3,10.086,-2.0740502,-1.3980001,1781189193636
2079722071,3,10.515,-2.1700501,-1.6210501,1781189193647
2079722081,3,11.04195,-2.259,-1.83405,1781189193657
2079722091,3,11.511001,-2.259,-2.04195,1781189193666
2079722101,3,11.58705,-2.06205,-1.94895,1781189193677
2079722111,3,11.51595,-1.7989501,-1.79595,1781189193687
2079722121,3,11.311951,-1.54305,-1.6500001,1781189193697
2079722131,3,11.08005,-1.4110501,-1.4290501,1781189193707
2079722141,3,10.821,-1.2859501,-1.269,1781189193718
2079722151,3,10.55805,-1.21905,-1.1370001,1781189193727
2079722161,3,10.321051,-1.248,-0.98700005,1781189193737
2079722171,3,10.10805,-1.29795,-0.88095003,1781189193748
2079722181,3,10.029,-1.3369501,-0.83595,1781189193759
2079722192,3,9.94995,-1.30305,-0.76095,1781189193768
2079722202,3,10.042951,-1.21905,-0.76095,1781189193778
2079722212,3,10.182,-1.1209501,-0.65595,1781189193788
2079722222,3,10.443001,-1.0849501,-0.71595,1781189193798
2079722232,3,10.76895,-1.11405,-0.94095004,1781189193808
2079722242,3,11.037001,-1.0690501,-1.1899501,1781189193819
2079722252,3,11.142,-0.91095006,-1.44105,1781189193829
2079722262,3,11.152051,-0.67395,-1.623,1781189193840
2079722272,3,11.178,-0.53505003,-1.9009501,1781189193849
2079722282,3,11.140051,-0.44400004,-2.0059502,1781189193858
2079722292,3,11.038951,-0.26205,-1.9060501,1781189193868
2079722302,3,10.960051,0.01695,-1.8169501,1781189193879
2079722312,3,11.06805,-0.058050003,-1.6860001,1781189193889
2079722322,3,11.3220005,-0.39795002,-1.5990001,1781189193900
2079722333,3,11.463,-0.60705,-1.6830001,1781189193910
2079722343,3,11.566051,-0.54405004,-1.6380001,1781189193920
2079722353,3,11.5990505,-0.42195,-1.33605,1781189193930
2079722363,3,11.701951,-0.36195,-1.1730001,1781189193940
2079722373,3,11.85105,-0.42195,-1.0680001,1781189193950
2079722383,3,11.937,-0.53505003,-0.73305005,1781189193960
2079722393,3,11.974951,-0.54705,-0.52695,1781189193969
2079722403,3,11.875051,-0.52995,-0.0049500004,1781189193980
2079722413,3,11.6980505,-0.3,0.06795,1781189193991
2079722423,3,11.415001,-0.075,0.11100001,1781189194000
2079722433,3,11.137051,0.17505,0.30495003,1781189194010
2079722443,3,11.07495,0.147,0.47295,1781189194021
2079722453,3,11.070001,0.15900001,0.64500004,1781189194030
2079722464,3,11.02005,0.34095,0.717,1781189194039
2079722474,3,10.8810005,0.41505003,0.85395,1781189194050
2079722484,3,10.681951,0.48195,0.90900004,1781189194060
2079722494,3,10.536,0.312,1.0360501,1781189194071
2079722504,3,10.398001,0.27795002,0.75795,1781189194081
2079722514,3,10.26105,0.17805001,0.79905003,1781189194091
2079722524,3,10.113001,-0.0010500001,0.64095,1781189194101
2079722534,3,9.900001,-0.06105,0.85800004,1781189194111
2079722544,3,9.69795,0.192,0.70500004,1781189194120
2079722554,3,9.43995,0.17505,0.90405005,1781189194131
2079722564,3,9.13605,0.46005002,0.897,1781189194140
2079722574,3,9.04695,0.67305005,0.82500005,1781189194152
2079722584,3,8.950951,0.70905006,0.73905003,1781189194162
2079722595,3,8.856,0.81900007,0.68595004,1781189194171
2079722605,3,8.70705,0.93900007,0.55395,1781189194180
2079722615,3,8.476951,0.94905007,0.64995,1781189194191
2079722625,3,8.238,1.19505,0.38895002,1781189194202
2079722635,3,7.9960504,1.23105,0.37005,1781189194212
2079722645,3,7.8520503,1.011,0.00795,1781189194221
2079722655,3,7.5820503,1.03995,0.21900001,1781189194232
2079722665,3,7.6009502,0.81495005,0.26895002,1781189194241
2079722675,3,7.4479504,0.9889501,-0.025950002,1781189194252
2079722685,3,7.4770503,0.70005006,-0.048,1781189194262
2079722695,3,7.3570504,0.87705004,-0.26805001,1781189194272
2079722705,3,7.4050503,0.55605,-0.30195,1781189194281
2079722715,3,7.1269503,0.71400005,-0.22005,1781189194292
2079722726,3,7.0960503,0.45105,0.09,1781189194303
2079722736,3,7.05495,0.321,0.025050001,1781189194312
2079722746,3,7.038,0.25905,0.40800002,1781189194323
2079722756,3,7.1340003,0.14400001,0.34395,1781189194333
2079722766,3,7.14405,0.18705001,0.57105005,1781189194343
2079722776,3,7.1680503,0.17805001,0.71505004,1781189194352
2079722786,3,7.149,0.31695002,0.81495005,1781189194362
2079722796,3,7.2349505,0.38595003,0.79395,1781189194372
2079722806,3,7.3159504,0.34800002,0.91800004,1781189194382
2079722816,3,7.3830004,0.35505003,0.753,1781189194393
2079722826,3,7.3570504,0.37605003,0.78195006,1781189194403
2079722836,3,7.326,0.31695002,0.76005006,1781189194412
2079722846,3,7.2040505,0.30900002,0.873,1781189194422
2079722856,3,7.1029506,0.34500003,0.83205,1781189194432
2079722867,3,7.08405,0.35700002,0.83895004,1781189194442
2079722877,3,7.0459504,0.381,0.68595004,1781189194454
2079722887,3,7.0030503,0.45795003,0.54705,1781189194464
2079722897,3,6.9469504,0.381,0.58095,1781189194474
2079722907,3,6.813,0.45795003,0.51600003,1781189194484
2079722917,3,6.74595,0.51795,0.58500004,1781189194494
2079722927,3,6.6870003,0.546,0.66195005,1781189194504
2079722937,3,6.64095,0.64905006,0.65205,1781189194513
2079722947,3,7.149,0.657,1.4430001,1781189194524
2079722957,3,7.1680503,0.62805,1.5120001,1781189194535
2079722967,3,7.9459505,0.77400005,1.8280501,1781189194544
2079722977,3,8.10105,0.57495004,3.2020502,1781189194555
2079722987,3,7.5700502,0.43395,2.7499502,1781189194565
2079722998,3,6.9910502,0.77895004,2.6230502,1781189194575
2079723008,3,6.8280005,0.99705005,2.70405,1781189194585
2079723018,3,6.9469504,0.99405,2.6899502,1781189194594
2079723028,3,7.2250504,1.0540501,2.7640502,1781189194605
2079723038,3,7.5820503,1.128,2.63505,1781189194615
2079723048,3,7.9360504,1.1380501,2.9530501,1781189194625
2079723058,3,8.137051,1.07295,3.456,1781189194635
2079723068,3,8.22105,0.92505,3.801,1781189194644
2079723078,3,8.379001,0.94905007,4.227,1781189194654
2079723088,3,8.69295,1.023,4.7299504,1781189194665
2079723098,3,8.908051,1.1550001,4.749,1781189194675
2079723108,3,9.03495,1.06605,4.70295,1781189194686
2079723118,3,9.081,0.93195003,4.7080503,1781189194694
2079723129,3,9.01395,0.68295,4.65105,1781189194706
2079723139,3,8.65005,0.51105005,4.8949504,1781189194715
2079723149,3,8.746051,0.61395,5.1199503,1781189194726
2079723159,3,8.98995,0.74505,5.6520004,1781189194736
2079723169,3,9.05895,0.975,5.6179504,1781189194746
2079723179,3,9.02595,1.18095,6.31995,1781189194755
2079723189,3,8.938951,1.23105,6.063,1781189194767
2079723199,3,8.7310505,1.4110501,6.1140003,1781189194776
2079723209,3,8.676001,1.8079501,6.6400504,1781189194787
2079723219,3,8.319,2.01705,6.4939504,1781189194795
2079723229,3,7.977,2.019,6.4560003,1781189194807
2079723239,3,7.5799503,2.26605,6.58995,1781189194816
2079723249,3,7.2640505,2.0689502,6.5350504,1781189194826
2079723260,3,6.9040504,2.05695,6.35505,1781189194836
2079723270,3,6.4090505,2.148,6.195,1781189194848
2079723280,3,5.9419503,2.22495,7.9669504,1781189194856
2079723290,3,5.8960505,2.1670501,8.4529505,1781189194868
2079723300,3,5.90805,2.1070502,7.4830503,1781189194877
2079723310,3,5.5729504,2.29905,7.227,1781189194888
2079723320,3,5.1280503,2.469,7.5019503,1781189194898
2079723330,3,4.85295,2.3470502,7.05,1781189194906
2079723340,3,4.4380503,2.1000001,6.6160502,1781189194916
2079723350,3,4.2730503,1.7629501,6.9949503,1781189194926
2079723360,3,4.23705,1.30305,7.3369503,1781189194938
2079723370,3,4.1389503,1.18305,7.6600504,1781189194948
2079723380,3,4.2780004,1.0519501,7.7470503,1781189194956
2079723390,3,4.39305,0.81705004,7.85895,1781189194968
2079723401,3,4.5700502,0.46695003,7.8970504,1781189194976
2079723411,3,4.49595,0.216,7.7179503,1781189194986
2079723421,3,4.3980002,-0.058050003,8.034,1781189194997
2079723431,3,4.2709503,-0.33105,7.9159503,1781189195007
2079723441,3,4.06005,-0.36195,7.18095,1781189195017
2079723451,3,3.68895,-0.44400004,6.84105,1781189195026
2079723461,3,3.2629502,-0.52305,7.63605,1781189195037
2079723471,3,2.901,-0.46305,8.652,1781189195049
2079723481,3,2.6430001,-0.40800002,9.427051,1781189195057
2079723491,3,2.4820502,-0.44400004,9.439051,1781189195067
2079723501,3,2.26005,-0.432,9.118051,1781189195078
2079723511,3,1.8720001,0.31905,10.284,1781189195088
2079723521,3,1.1080501,2.02095,16.08105,1781189195098
2079723532,3,1.3240501,1.2529501,11.814,1781189195108
2079723542,3,1.7230501,0.381,9.231001,1781189195119
2079723552,3,1.8360001,-0.14895001,8.364,1781189195128
2079723562,3,1.6800001,-0.33405003,8.484,1781189195139
2079723572,3,1.56105,-0.40800002,8.983951,1781189195149
2079723582,3,1.5799501,-0.55905,9.525001,1781189195158
2079723592,3,1.55595,-0.76500005,9.79395,1781189195169
2079723602,3,1.5370501,-1.0159501,9.97095,1781189195179
2079723612,3,1.3810501,-1.2430501,10.404,1781189195189
2079723622,3,1.0530001,-1.4779501,10.83495,1781189195200
2079723632,3,0.63195,-1.7680501,10.926001,1781189195210
2079723642,3,0.39195,-1.9570501,10.31295,1781189195219
2079723652,3,0.48105,-1.87995,9.291,1781189195230
2079723663,3,0.32505003,-1.9740001,9.09195,1781189195239
2079723673,3,0.22005,-2.022,9.276,1781189195250
2079723683,3,0.201,-2.1460502,9.765,1781189195261
2079723693,3,0.30600002,-2.30205,10.081051,1781189195269
2079723703,3,0.30105,-2.70405,10.383,1781189195278
2079723713,3,0.60300004,-2.7589502,10.561951,1781189195289
2079723723,3,0.55695003,-3.0580502,10.80405,1781189195299
2079723733,3,0.61695004,-3.147,10.536,1781189195309
2079723743,3,0.67005,-3.0960002,9.987,1781189195323
2079723753,3,0.72705,-3.04395,9.64995,1781189195330
2079723763,3,0.71805006,-3.006,9.778951,1781189195340
2079723773,3,0.73005,-2.982,9.80805,1781189195351
2079723783,3,0.71805006,-3.006,9.601951,1781189195360
2079723794,3,0.68700004,-3.0370502,9.394051,1781189195369
2079723804,3,0.60495,-3.00795,9.375,1781189195381
2079723814,3,0.52905005,-2.9839501,9.492001,1781189195391
2079723824,3,0.52095,-3.1060503,9.501,1781189195400
2079723834,3,0.51405,-3.3120003,9.328951,1781189195411
2079723844,3,0.45405003,-3.6019502,9.135,1781189195421
2079723854,3,0.46395,-3.8460002,9.04905,1781189195430
2079723864,3,0.38700002,-3.9420002,8.898001,1781189195440
2079723874,3,0.35595003,-3.9940503,8.73495,1781189195451
2079723884,3,0.294,-4.0810504,8.601001,1781189195461
2079723894,3,0.27495003,-4.227,8.464951,1781189195471
2079723904,3,0.42795002,-4.26,8.27805,1781189195482
2079723914,3,-0.08595,-4.1670003,7.9399505,1781189195492
2079723924,3,-0.37500003,-4.7200503,7.9789505,1781189195502
2079723935,3,-0.35895002,-4.86105,8.179951,1781189195512
2079723945,3,-0.27195,-4.8679504,8.625,1781189195522
2079723955,3,-0.31800002,-5.124,9.00105,1781189195531
2079723965,3,-0.46905002,-5.4160504,8.853001,1781189195542
2079723975,3,-0.59595,-5.7229505,8.745001,1781189195552
2079723985,3,-0.62700003,-5.92605,8.59395,1781189195563
2079723995,3,-0.92100006,-6.1060505,8.19705,1781189195572
2079724005,3,-1.01505,-6.1129503,7.7539506,1781189195582
2079724015,3,-1.14195,-5.98395,7.3230004,1781189195591
2079724025,3,-1.18005,-5.8999505,7.04505,1781189195602
2079724035,3,-1.149,-5.874,6.94395,1781189195612
2079724045,3,-0.98100007,-5.946,7.05,1781189195623
2079724055,3,-1.08405,-6.0649505,7.0519505,1781189195631
2079724066,3,-1.1029501,-6.25395,6.9229503,1781189195641
2079724076,3,-1.16295,-6.4339504,6.7600503,1781189195653
2079724086,3,-1.1530501,-6.46005,6.5850005,1781189195662
2079724096,3,-1.1560501,-6.5179505,6.5280004,1781189195673
2079724106,3,-1.09395,-6.54405,6.55695,1781189195683
2079724116,3,-1.1340001,-6.54405,6.5659504,1781189195693
2079724126,3,-1.0699501,-6.51105,6.5659504,1781189195703
2079724136,3,-0.99495006,-6.4960504,6.3790503,1781189195713
2079724146,3,-1.0510501,-6.5059505,6.2310004,1781189195722
2079724156,3,-0.94305,-6.5680504,6.327,1781189195734
2079724166,3,-0.76305,-6.609,6.4819503,1781189195743
2079724176,3,-0.55695003,-6.6540003,6.4110003,1781189195754
2079724186,3,-0.26805001,-6.8190002,6.3630004,1781189195764
2079724197,3,-0.13605,-6.87195,6.2980504,1781189195774
2079724207,3,0.022950001,-6.8749504,6.3409505,1781189195783
2079724217,3,-0.12900001,-6.8700004,6.399,1781189195794
2079724227,3,-0.078,-6.8239503,6.59205,1781189195803
2079724237,3,-0.21705002,-6.7860003,6.6070504,1781189195813
2079724247,3,-0.36600003,-6.762,6.58995,1781189195823
2079724257,3,-0.48795003,-6.8190002,6.7270503,1781189195835
2079724267,3,-0.62205005,-6.79995,6.90105,1781189195844
2079724277,3,-0.68895006,-6.7050004,7.0140004,1781189195853
2079724287,3,-0.71295005,-6.52995,7.20795,1781189195864
2079724297,3,-0.708,-6.35295,7.5019503,1781189195874
2079724307,3,-0.52095,-6.28095,7.806,1781189195884
2079724317,3,-0.423,-6.2860503,7.7509503,1781189195894
2079724328,3,-0.022950001,-6.33795,7.7509503,1781189195905
2079724338,3,-0.13800001,-6.156,7.359,1781189195914
2079724348,3,-0.025950002,-6.2070003,7.1190004,1781189195925
2079724358,3,0.39900002,-6.3570004,7.071,1781189195935
2079724368,3,0.88095003,-6.5560503,7.215,1781189195945
2079724378,3,1.10595,-6.57495,7.3660502,1781189195955
2079724388,3,1.2040501,-6.4960504,7.2510004,1781189195964
2079724398,3,1.2210001,-6.453,7.5720005,1781189195974
2079724408,3,1.1730001,-6.27405,8.20905,1781189195984
2079724418,3,1.09095,-5.98605,8.680051,1781189195994
2079724428,3,0.99300003,-5.709,9.3820505,1781189196005
2079724438,3,0.873,-5.42805,9.67905,1781189196016
2079724448,3,0.64095,-4.9740005,9.738001,1781189196024
2079724458,3,0.57195,-4.05405,10.12905,1781189196036
2079724469,3,0.58095,-3.58695,10.31295,1781189196047
2079724479,3,0.31305,-3.525,10.75605,1781189196054
2079724489,3,-0.105000004,-3.6060002,10.986,1781189196066
2079724499,3,-0.27195,-3.4939501,10.816051,1781189196076
2079724509,3,-0.25800002,-3.0610502,10.236,1781189196087
2079724519,3,0.0019500001,-2.4790502,10.528951,1781189196095
2079724529,3,0.13605,-1.7149501,11.371051,1781189196107
2079724539,3,0.28695002,-1.107,11.043,1781189196117
2079724549,3,0.33195,-0.61095005,10.35105,1781189196125
2079724559,3,0.60795003,-0.372,9.4459505,1781189196135
2079724569,3,1.041,-0.38595003,9.18795,1781189196146
2079724579,3,1.47405,-0.94200003,9.360001,1781189196155
2079724589,3,2.157,-1.43295,9.4800005,1781189196167
2079724600,3,2.52495,-1.6819501,9.360001,1781189196175
2079724610,3,2.49405,-1.09305,9.127951,1781189196186
2079724620,3,2.4130502,-0.55605,8.668051,1781189196200
2079724630,3,2.4130502,-0.56100005,8.44095,1781189196207
2079724640,3,2.56605,-0.63495004,8.496,1781189196217
2079724650,3,2.6910002,-0.60195005,8.857051,1781189196228
2079724660,3,2.6860502,-0.64695,9.109051,1781189196236
2079724670,3,2.50395,-0.324,9.219001,1781189196248
2079724680,3,2.21895,0.108,9.250051,1781189196258
2079724690,3,2.15895,0.52695,9.243,1781189196268
2079724700,3,2.20005,0.90105003,9.16395,1781189196277
2079724710,3,2.3359501,1.2360001,9.08205,1781189196287
2079724720,3,2.23095,1.164,9.02505,1781189196297
2079724731,3,2.1450002,0.9799501,8.721001,1781189196307
2079724741,3,2.18295,0.89805007,8.51505,1781189196316
2079724751,3,2.08995,0.88905007,8.472,1781189196326
2079724761,3,2.16105,0.86295,8.52,1781189196337
2079724771,3,2.3080502,0.87000006,8.476951,1781189196347
2079724781,3,2.3029501,0.975,8.347051,1781189196357
2079724791,3,2.3790002,1.1040001,8.42895,1781189196367
2079724801,3,2.49705,1.3770001,9.051001,1781189196378
2079724811,3,2.628,1.2379501,9.331051,1781189196387
2079724821,3,2.77395,1.4419501,8.86905,1781189196399
2079724831,3,2.9590502,1.7170501,8.47395,1781189196409
2079724841,3,3.45705,1.9039501,8.946,1781189196419
2079724851,3,3.8950503,1.4800501,9.640051,1781189196429
2079724862,3,3.8899503,1.1880001,9.66405,1781189196439
2079724872,3,3.732,1.3630501,9.121051,1781189196449
2079724882,3,3.5640001,1.1910001,8.44095,1781189196458
2079724892,3,3.3010502,1.059,7.7029505,1781189196469
2079724902,3,3.49305,0.25005,7.6270504,1781189196479
2079724912,3,3.0619502,-2.1079502,7.5790505,1781189196489
2079724922,3,2.0299501,-0.192,6.978,1781189196498
2079724932,3,1.19895,1.1380501,6.5179505,1781189196508
2079724942,3,1.28805,1.38405,6.7819505,1781189196518
2079724952,3,1.56105,1.2790501,7.5739503,1781189196529
2079724962,3,1.6279501,1.18605,8.344951,1781189196538
2079724972,3,1.3039501,0.62100005,9.81,1781189196550
2079724982,3,0.97200006,0.028950002,10.428,1781189196558
2079724992,3,0.53295004,-0.01995,9.68805,1781189196570
2079725003,3,0.60795003,0.16305001,9.262051,1781189196578
2079725013,3,1.10595,0.40005,9.74295,1781189196588
2079725023,3,1.6369501,0.34500003,10.284,1781189196599
2079725033,3,1.9200001,0.26205,10.66005,1781189196610
2079725043,3,1.9390501,0.03705,10.926001,1781189196620
2079725053,3,1.6560001,-0.18495001,10.99995,1781189196629
2079725063,3,1.31895,-0.25905,10.95705,1781189196640
2079725073,3,1.16505,-0.29505002,10.83495,1781189196650
2079725083,3,0.96195006,-0.40305,10.6050005,1781189196660
2079725093,3,0.75105006,-0.42705002,10.524,1781189196670
2079725103,3,0.53595,-0.22095,10.440001,1781189196679
2079725113,3,0.31305,-0.24705002,10.540951,1781189196691
2079725123,3,0.10005,-0.09195001,10.56,1781189196701
2079725134,3,-0.22695,0.31905,10.593,1781189196711
2079725144,3,-0.03795,-0.279,10.99995,1781189196721
2079725154,3,0.56505,-0.64995,11.187,1781189196731
2079725164,3,1.005,-0.53895,10.95705,1781189196740
2079725174,3,1.0170001,-0.13695,10.75395,1781189196751
2079725184,3,0.84000003,-0.07005,10.44705,1781189196760
2079725194,3,0.79395,-0.40800002,10.057051,1781189196770
2079725204,3,1.2040501,-0.777,10.054951,1781189196779
2079725214,3,1.4310001,-0.9580501,9.70005,1781189196792
2079725224,3,1.5079501,-0.78405005,8.75895,1781189196800
2079725234,3,1.6279501,-0.49395,8.271001,1781189196810
2079725244,3,1.8379501,-0.72900003,8.52705,1781189196820
2079725254,3,1.6350001,0.025050001,8.467051,1781189196831
2079725265,3,1.8600001,0.16095,8.08605,1781189196840
2079725275,3,2.1379502,0.47895002,8.09595,1781189196852
2079725285,3,2.52795,0.45795003,8.224951,1781189196862
2079725295,3,2.736,0.30900002,8.24205,1781189196870
2079725305,3,2.877,0.42405003,8.167951,1781189196881
2079725315,3,2.98005,0.52005005,8.017051,1781189196890
2079725325,3,2.90805,0.36195,7.8640504,1781189196901
2079725335,3,2.97105,0.558,7.8349504,1781189196912
2079725345,3,3.14505,0.58005005,7.8760505,1781189196921
2079725355,3,3.2359502,0.61395,8.022,1781189196932
2079725365,3,3.354,0.52500004,8.580001,1781189196942
2079725375,3,3.1549501,0.393,9.02505,1781189196951
2079725385,3,3.0190501,0.19005,9.43395,1781189196962
2079725396,3,3.3229501,0.04095,9.86295,1781189196973
2079725406,3,3.6870003,-0.109050006,10.054951,1781189196983
2079725416,3,3.9190502,-0.29505002,10.207951,1781189196993
2079725426,3,3.76095,-0.42495003,10.33005,1781189197003
2079725436,3,3.38505,-0.46305,10.44705,1781189197013
2079725446,3,3.2359502,-0.52995,10.46205,1781189197022
2079725456,3,3.15,-0.32205,10.225051,1781189197033
2079725466,3,3.186,-0.076950006,10.011001,1781189197042
2079725476,3,3.3010502,0.01695,9.79605,1781189197053
2079725486,3,3.4639502,0.13005,9.609,1781189197062
2079725496,3,3.5719502,0.30195,9.316951,1781189197073
2079725506,3,3.5070002,0.666,9.35295,1781189197083
2079725516,3,3.52905,1.164,9.36705,1781189197094
2079725526,3,3.7080002,1.57605,9.291,1781189197102
2079725537,3,3.9640503,1.96395,9.17595,1781189197114
2079725547,3,4.1389503,2.15805,8.88405,1781189197122
2079725557,3,4.125,2.1649501,8.623051,1781189197134
2079725567,3,4.1200504,2.42805,8.35005,1781189197144
2079725577,3,4.158,2.35395,8.137051,1781189197154
2079725587,3,4.12995,2.4019501,8.19705,1781189197164
2079725597,3,4.089,2.4880502,7.6459503,1781189197174
2079725607,3,4.2060003,2.25795,7.5000005,1781189197183
2079725617,3,4.125,2.6940002,7.9570503,1781189197194
2079725627,3,3.7489502,3.1320002,8.335051,1781189197204
2079725637,3,3.4279501,2.97705,8.25195,1781189197214
2079725647,3,3.1290002,2.706,8.034,1781189197225
2079725657,3,2.9350502,2.3400002,7.9999504,1781189197234
2079725668,3,2.83395,2.5429502,8.06295,1781189197245
2079725678,3,1.8889501,1.59,7.8450003,1781189197255
2079725688,3,1.2780001,2.24895,7.3039503,1781189197266
2079725698,3,1.8889501,3.384,8.529,1781189197273
2079725708,3,2.1330001,3.6799502,8.781,1781189197286
2079725718,3,2.0370002,3.726,8.199,1781189197294
2079725728,3,1.9080001,3.7159503,8.058001,1781189197305
2079725738,3,1.9339501,3.4000502,8.27805,1781189197315
2079725748,3,2.25,3.04095,8.661,1781189197326
2079725758,3,2.6790001,2.80905,9.30795,1781189197336
2079725768,3,2.973,2.6200502,9.47295,1781189197346
2079725778,3,3.0660002,2.4469502,9.22605,1781189197355
2079725788,3,2.77395,2.80695,9.007951,1781189197366
2079725799,3,2.3479502,3.1900501,9.02295,1781189197374
2079725809,3,1.9440001,3.6210003,9.06795,1781189197386
2079725819,3,1.7040001,3.6799502,8.88105,1781189197396
2079725829,3,1.4500501,3.5460002,8.059951,1781189197406
2079725839,3,1.40295,3.5059502,8.155951,1781189197415
2079725849,3,1.2970501,3.5419502,8.400001,1781189197427
2079725859,3,1.1509501,3.4630501,8.623051,1781189197435
2079725869,3,0.91905004,3.2730002,9.778951,1781189197447
2079725879,3,0.66300005,2.6220002,9.8220005,1781189197455
2079725889,3,0.16995001,2.4810002,9.748051,1781189197467
2079725899,3,-0.21000001,2.50305,9.817051,1781189197475
2079725909,3,-0.51900005,2.80395,10.392,1781189197485
2079725919,3,-0.84195006,2.6149502,11.458051,1781189197496
2079725930,3,-0.54105,2.66295,10.276951,1781189197506
2079725940,3,-0.47805002,3.1350002,10.272,1781189197516
2079725950,3,-0.043050002,3.111,10.82295,1781189197527
2079725960,3,0.19800001,2.93595,11.053051,1781189197536
2079725970,3,0.23895001,2.775,10.83705,1781189197548
2079725980,3,0.17400001,2.8620002,10.993051,1781189197558
2079725990,3,0.10005,2.9599502,10.94505,1781189197567
2079726000,3,0.16695,2.97195,10.797001,1781189197578
2079726010,3,0.33900002,3.075,10.773001,1781189197586
2079726020,3,0.58095,3.0679502,10.684051,1781189197597
2079726030,3,0.80595005,3.1230001,10.48095,1781189197606
2079726040,3,1.065,3.22305,10.239,1781189197619
2079726050,3,1.2760501,3.4390502,10.014001,1781189197627
2079726060,3,1.47405,3.6370502,9.741,1781189197636
2079726071,3,1.7310001,3.7759502,9.4459505,1781189197647
2079726081,3,2.2090502,3.8820002,8.769,1781189197657
2079726091,3,2.736,4.044,7.32495,1781189197667
2079726101,3,3.2050502,4.1620502,5.4960003,1781189197682
2079726111,3,3.4740002,4.5259504,4.59795,1781189197687
2079726121,3,3.591,5.031,5.223,1781189197697
2079726131,3,3.4090502,5.20095,6.43695,1781189197707
2079726141,3,3.0979502,4.7959504,7.72695,1781189197717
2079726151,3,2.5110002,4.15905,8.503051,1781189197729
2079726161,3,1.9150501,3.69705,8.83605,1781189197737
2079726171,3,1.47,3.2710502,9.127951,1781189197748
2079726181,3,1.14195,3.048,9.47805,1781189197759
2079726191,3,0.9480001,3.0199502,9.61905,1781189197769
2079726202,3,0.88095003,3.0220501,9.65205,1781189197777
2079726212,3,0.75405,3.0529501,9.7240505,1781189197788
2079726222,3,0.65295005,3.2590501,9.66405,1781189197799
2079726232,3,0.53295004,3.522,9.38895,1781189197809
2079726242,3,0.67200005,3.7740002,9.166051,1781189197818
2079726252,3,0.897,4.0009503,8.830951,1781189197829
2079726262,3,1.065,4.18095,8.41395,1781189197839
2079726272,3,1.1179501,4.341,8.055,1781189197849
2079726282,3,1.2280501,4.5930004,7.9210505,1781189197858
2079726292,3,1.2589501,4.92495,7.9690504,1781189197870
2079726302,3,1.0510501,5.0830503,8.170051,1781189197878
2079726312,3,0.90495,5.1220503,8.42205,1781189197889
2079726322,3,0.804,5.0160003,8.673,1781189197900
2079726333,3,0.72,4.87305,8.93595,1781189197910
2079726343,3,0.624,4.71,9.123,1781189197919
2079726353,3,0.48795003,4.51095,9.279,1781189197930
2079726363,3,0.37095,4.4539504,9.427051,1781189197940
2079726373,3,0.18105,4.401,9.463051,1781189197949
2079726383,3,0.055050004,4.42005,9.40095,1781189197959
2079726393,3,0.022950001,4.45095,9.267,1781189197970
2079726403,3,0.12195001,4.485,9.03705,1781189197979
2079726413,3,0.282,4.578,8.958,1781189197991
2079726423,3,0.37305,4.6410003,8.87205,1781189197999
2079726433,3,0.40695003,4.602,8.78295,1781189198009
2079726443,3,0.30600002,4.46595,8.745001,1781189198021
2079726453,3,0.282,4.43205,8.838,1781189198030
2079726464,3,0.27195,4.42005,8.941051,1781189198041
2079726474,3,0.32805002,4.3770003,8.977051,1781189198051
2079726484,3,0.40905002,4.2979503,9.042001,1781189198061
2079726494,3,0.46605003,4.21005,9.097051,1781189198071
2079726504,3,0.50205004,4.116,9.111,1781189198081
2079726514,3,0.49500003,4.059,9.075001,1781189198090
2079726524,3,0.462,4.0680003,9.04395,1781189198101
2079726534,3,0.423,4.0680003,9.003,1781189198111
2079726544,3,0.411,4.1020503,8.934,1781189198120
2079726554,3,0.41805002,4.116,8.93595,1781189198130
2079726564,3,0.43500003,4.18995,8.956051,1781189198142
2079726574,3,0.46395,4.2840004,8.941051,1781189198150
2079726584,3,0.44205,4.41795,8.953051,1781189198162
2079726594,3,0.40395,4.5280504,8.95995,1781189198171
2079726605,3,0.38505003,4.58295,8.991,1781189198180
2079726615,3,0.33495003,4.6140003,9.054001,1781189198191
2079726625,3,0.33900002,4.617,9.151951,1781189198202
2079726635,3,0.36795002,4.61205,9.154051,1781189198212
2079726645,3,0.35595003,4.59705,9.102,1781189198222
2079726655,3,0.39900002,4.56195,9.018001,1781189198232
2079726665,3,0.43005002,4.518,8.950951,1781189198241
2079726675,3,0.44505003,4.5040503,8.86005,1781189198251
2079726685,3,0.46605003,4.4830503,8.830951,1781189198261
2079726695,3,0.49500003,4.413,8.85,1781189198271
2079726705,3,0.52395004,4.39395,8.87205,1781189198282
2079726715,3,0.55005,4.3560004,8.91195,1781189198291
2079726725,3,0.55305004,4.28595,8.95995,1781189198302
2079726736,3,0.58395004,4.248,8.932051,1781189198313
2079726746,3,0.56895,4.21005,8.90505,1781189198322
2079726756,3,0.58395004,4.18305,8.862,1781189198333
2079726766,3,0.56505,4.17105,8.865001,1781189198344
2079726776,3,0.53595,4.1520004,8.877001,1781189198353
2079726786,3,0.49005002,4.13805,8.89305,1781189198363
2079726796,3,0.43995002,4.155,8.91195,1781189198372
2079726806,3,0.41595003,4.1860504,8.89605,1781189198382
2079726816,3,0.41400003,4.2259502,8.901,1781189198393
2079726826,3,0.47100002,4.257,8.85495,1781189198403
2079726836,3,0.531,4.293,8.862,1781189198414
2079726846,3,0.55005,4.3440003,8.829,1781189198424
2079726856,3,0.588,4.4230504,8.773951,1781189198433
2079726867,3,0.591,4.46295,8.74005,1781189198444
2079726877,3,0.588,4.518,8.685,1781189198454
2079726887,3,0.61005,4.58295,8.661,1781189198464
2079726897,3,0.68205005,4.557,8.665951,1781189198472
2079726907,3,0.72300005,4.51095,8.71395,1781189198483
2079726917,3,0.64095,4.5259504,8.826,1781189198494
2079726927,3,0.58095,4.5589504,8.89095,1781189198503
2079726937,3,0.52905005,4.5259504,8.908051,1781189198514
2079726947,3,0.47595003,4.55205,8.88405,1781189198523
2079726957,3,0.48105,4.6189504,8.862,1781189198532
2079726967,3,0.50895,4.6789503,8.838,1781189198543
2079726977,3,0.55005,4.71,8.773951,1781189198553
2079726987,3,0.62205005,4.70505,8.668051,1781189198563
2079726998,3,0.69600004,4.6260004,8.52705,1781189198573
2079727008,3,0.77805007,4.5139503,8.44095,1781189198583
2079727018,3,0.76305,4.368,8.508,1781189198593
2079727028,3,0.684,4.31295,8.661,1781189198603
2079727038,3,0.61200005,4.22205,8.809951,1781189198613
2079727048,3,0.54495,4.18305,8.977051,1781189198623
2079727058,3,0.49005002,4.1779504,9.075001,1781189198633
2079727068,3,0.44205,4.1860504,9.160951,1781189198644
